ENMTML/All_vars/Predictors/EUR_NA_CliMond/bio12.asc
NCOLS 1391 
NROWS 275 
XLLCORNER -170 
YLLCORNER 25.4999999994691 
CELLSIZE 0.166666666666667 
NODATA_value -3.4e+38 
[rows 26 to 51 of 275, columns 348 to 405 of 1391]
203.000106811523 203 203 198 194.000106811523 191 188 188 189 187 185 185 185 183 183 183 183 181 180 180 171 165 154 153 -3.4e+38 162 162 160 165 166 168 169 169 171 171 169 171 173 176 176 176 169 169 169 167 166 165 165 164 161 161 161 159 157 156 153 153 153
212 211 205 204 198 202 196 196 193 193 191 190 194 189 187 186 186 186 183 182 184 184 182 171 162 160 172 173 173 170 173 173 176 173 176 175 175 177 177 178 176 176 175 175 173 172 168 166 166 165 163 164 162 161 161 161 161 155
216 212 212 210 212 212 210 210 210 210 206 201 200 200 192 189 189 188 188 188 188 188 187 185 174 174 171 174 176 186.000106811523 178 176 183 186 187 186 185 186 184 187 182 180 178 177 175 175 174 173 173 169 169 169 168.000106811523 165.999893188477 164 164 163 163
224 221 220 219 219 220 220 219 216 213 212 212 207 197 197 195 195 193 194 193 193 192 192 192 189 181 177 175.000106811523 175.000106811523 189 192 192 191 191 191 191 191 191 190 188 183 181 181 180 180 181 180 177 177 177 176 176 174 169 167 166 165 165
231 227 224 220 219 218 220 218 217 217 217 219 219 215 205 203 204 201 198 197 196 201 199 197 201 194 189 181 177 175.000106811523 185 193 193 193 194 193 193 193 193 191 186 184 187 188 184 182 183 182 182 179 178 177 177 175 170 170 168 168
224 222 221 221 219 226 228 232 231 230 233 233 231 231 225 215 215 214 205 204 202 202 202 202 202 205 203 201 196 194 190 189 195 195 196 196 194 196 194 193 190 191 191 192 190 190 190 189 185 183 181 181 178 178 176 175 173 172
239 236 234 230 230 234 242 240 236 239 240 240 239 239 236 227 220 217 214 210 209 210 207 213 210 209 205 204 203 201 202 198 195 199 200 200 199 199 198 196 193 198 198 194 193 192 192 192 190 189 184 183 181 180 180 179 178 175
246 247 237 235 236 235 237 235 238 241 239 242 241 241 236 234 229 225 217 217 217 219 215.999893188477 215.999893188477 214 210 210 206 205 204 204 201 200 199 202 202 201 201 202 199 200 200 200 200 199 197 197 193 193 191 191 187 186 182 182 182 180 180
246 248 246 248 247 246 244 245 242 243 245 245 242 242 242 237 235 230 228 222 224 228 223 218 215.999893188477 214 211 209 209 210 210 211 210 210 209 209 209 209 208 207 202 203 202 202 201 200 199 199 196 194 192 190 187 186 184 184 183 181.000106811523
245 245 249 249 252 250 250 250 248 246 245 246 246 246 245 245 242 236 233 229 232 232 229 223 219 213 212 211 211 211 211 211 211 211 211 211 210 210 211 211 211 210 208 207 203 204 201 200 200 196 194 192 189 192 194 190 187 185
250 252 253 252 253 255 255 255 255 253 253 248 246 245 244 242 244 241 239 238 236 235 231 224 220 220 220 217 216 215 216 216 213 213 213 213 212 211 211 211 211 211 211 206 207 201 200 205 200 198 196 195 195 194 194 194 194 194
257 257 255 254 258 260 257 258 259 260 259 256 252 246 245 244 244 240 239 238 239 237 235 229 225 222 221 221 221 221 221 221 218 218 219 217 217 217 216 213 211 211 211 209 208.000106811523 204 204 204 204.999893188477 203 201 199 195 196 196 196 197 197
256 258 258 259 260 259 259 261 260 260 260 257 256 251 250 248 246 244 242 240 240 238 239 237 236 228 225 225 226 226 223 226 222 223 223 222 220 220 218 217 217 216 214 214 214 214 214 213 213 210 207 204 203 200 200 203 206 202
259 263 262 261 262 265 265 264 263 260 259 259 258 256 253 251 249 248 245 245 244 245 240 235 234 231 231 231 232 231 228 229 228 228 227 227 226 227 225 224.999893188477 224 222 221 216 219 220 218 218 218 217 217 215 208 207 203 201 202 201
264 263 264 263 263 263 264 265 264 263 262 259 259 259 259 254 250 250 243 243 241 240 237 240 240 237 239 236 237 237 238 238 234 230 230 230 229 229 229 229 228 228 226 225 222 221 221 218 221 222 214 214 208 207 206 204 204 205
270 267 267 267 265 265 266 266 265 263 261 262.000091552734 261 258 257 253 252 250 248 246 245 244 245 246 246 249 250 244 240 240 240 239 237 236 234 232 231.000106811523 233 233 233 233 233 233 230 229 229 227 227 223 215 214 214 210 208 208 208 207 207
271 270 269 267 266 267 271 267 269 268 261 260 261 261 259 253 252 252 252 251 247 247 246 247 254 253 250 245 245 246 245 242 242 242 241 240 238 246 241 237 236 239 242 234 233 230 230 230 221 215 215 214 214 215 210 208 209 209
274 275 273 272 270 269 270 270 268 264 263 265 263 260 257 257 255 253 253 253 252 252 251 250 251 251 250 249 249 248 248 247 248 245 243 244 245 245 244 243 243 246 244 238 236 235 235 226 221 219 218 221 221 219 216 215 214 213
282.000091552734 280 278.999908447266 279 281 278.000091552734 277 273 273 269 274 277 275 271 267 261 257.999908447266 257.999908447266 256 256 256 256 255 256 255 255 254 252 252 252 251 249.999893188477 249.999893188477 249 249.999893188477 251 251 250 247 247 248 246 245 245 239 238 232 229 229 232.999893188477 226 230 229 226 223 221 220 218
284 285 281 282 291 280 280 277.999908447266 277.999908447266 277 272 275 271 267 266 265 262 261 261 263 261 261 259 259 258 259 258 258 258 258 258 256.000091552734 253 251 253 255 252 253 252 248 248 247 248 244 235 233 235 239 243 241 240 244 243 241 237 238 233 228
288 287 289.000091552734 287 287.999908447266 283.000091552734 282 282 285 284 280 278 276 276 284 275 273 269 265 264 268 264 263 263 263 260 259 259 260 260 261 261 261 258.999908447266 257 256 255 255 255 254 253 253 246 242 239 238 239 241 249 248 246 246 246 247 245 244 243 242
292 289.999908447266 289.000091552734 292 297.000091552734 290.999908447266 286 283.000091552734 286 286 283.999908447266 280 280 286 287 284 276 271 267 265 267 267 267 268 267 265 266 266 265 263.999908447266 263.999908447266 263.999908447266 265 265 264 265 266 264 260 257 257 256 252 247 247 247 254 255 255 254 253 252 251 248 248 248 244 240
294 295 298 294 306 297 288 280 282 289.000091552734 287 278 285 285.999908447266 277 274 271 269 269 267 268 272 268.999908447266 268 268 269 269 269 268 267 267 267.999908447266 269 270.000091552734 269 270.000091552734 267 265 264 264 263 262 260 254 252 255 259 262 264 256 255 255 255 255 250 247 245 243
296.999908447266 300 295.000091552734 297.000091552734 299 306 289 282 283 289 284 273 283 274.999908447266 270 268 266.000091552734 266.000091552734 269 269 270 272 273 272 272 272 276 275 275 275 275.999908447266 275 274 271 271 270.000091552734 268.999908447266 268.999908447266 270 268 268 268 259 258 257 262 264 264 265 266 262 260.999908447266 260.999908447266 259 256 255 253.999893188477 249
291 290 286 290 301 293 279 275 269.000091552734 267 264 265 261 263 265 268 267 271 274 269 269 275 276 276 277 278 278 278 279 279 281 280.000091552734 277.999908447266 275.000091552734 277.000091552734 277.000091552734 275.999908447266 275.999908447266 279 275 273 271.999908447266 263 262 266 268.000091552734 270 268 268 269.000213623047 271 268 265 263.999908447266 261 262 260 254
291 291 287 287 274 274 279 279 281 278 275 273 269 267 267 263 257 257 267 274 279 279 283.000091552734 276 275 278 279 279 282 282 282 282.999908447266 283 281 282.000091552734 284 284 286.999908447266 286 279 276.000091552734 275 275.999908447266 274 276.000091552734 272.999786376953 274 276 279 279 275 273.000091552734 270 269.000091552734 265.999908447266 265 265 264
