ENMTML/All_vars/Predictors/EUR_NA_CliMond/bio12.asc
NCOLS 1391 
NROWS 275 
XLLCORNER -170 
YLLCORNER 25.4999999994691 
CELLSIZE 0.166666666666667 
NODATA_value -3.4e+38 
[rows 52 to 77 of 275, columns 116 to 173 of 1391]
655 681.000122070312 702.999877929688 700.000122070312 680.000183105469 648.999816894531 608.999694824219 559.000122070312 535.999877929688 511.000305175781 485.999908447266 463.000091552734 441.000091552734 426.999908447266 414.000091552734 404.000213623047 388 373.999908447266 366 359.000091552734 343.000213623047 328.000213623047 314 300.000091552734 291 284.000213623047 276 274.000091552734 275.999908447266 269.000091552734 263 263 266.000091552734 275.999786376953 290.999908447266 310.000213623047 328.999908447266 345.999908447266 360.999908447266 375.000213623047 390.000091552734 395 385.999786376953 372.999908447266 369.000091552734 361 357.999908447266 356.000213623047 357 359.000091552734 352.999908447266 346.999786376953 341.999908447266 345.999908447266 347.999908447266 355 355.999908447266 358
652.999816894531 672.999877929688 689 694 675.000427246094 638 598 558.000427246094 527.000122070312 502 486.000091552734 472 461.000213623047 446 431 415.999908447266 403.999908447266 390.999786376953 381 367 355.000213623047 338.000091552734 320.000091552734 309 302.999908447266 295 287 292 286.000091552734 275.000091552734 269 270.000091552734 273 287 302.000091552734 318.999786376953 331.000091552734 341 354.999908447266 362.999908447266 382 410.000091552734 409 413.999694824219 398.000091552734 406 413.999908447266 409.000213623047 401.999908447266 387 384 384.000091552734 383.999908447266 389.999908447266 388.000091552734 388 389.999908447266 391.000091552734
640.000183105469 649.999816894531 660.000122070312 658.999877929688 629.999816894531 591.999877929688 564.000122070312 539.999877929688 520.000183105469 506.000091552734 494 482.999908447266 473.000091552734 462.999786376953 450.000396728516 438.000091552734 427.000213623047 414.999908447266 402.000305175781 385.999908447266 368 353.000213623047 335.999908447266 325.000091552734 315 315 316 317 306.999908447266 297 284.999908447266 281.999908447266 279.999908447266 287 304 330 347.999786376953 367 394.000213623047 411.000091552734 409 429.999908447266 423 436 442 440 468.999908447266 437.000091552734 430.000091552734 431.999908447266 430 432 425.999786376953 424.999908447266 420.000091552734 419.999908447266 416.999908447266 425
618.999877929688 617.999877929688 613.999572753906 601.000122070312 579.999877929688 554.999877929688 538 530.000122070312 524 520.999877929688 510.000091552734 501.999786376953 494 483 480.000213623047 463 453.000091552734 442.000091552734 428 417 400.999908447266 386 369.000091552734 348 349.000213623047 353.999908447266 354.999786376953 358.000213623047 344.999786376953 335 322.000091552734 317 299.000213623047 301 329 372.000305175781 388.999908447266 401.999908447266 422.999908447266 448 448.000091552734 454.999908447266 463.999908447266 473.000213623047 477.000091552734 472.999786376953 503 477.999786376953 473.999908447266 478.999908447266 493.999908447266 501.999786376953 479.999908447266 468.999694824219 463 457 452.000305175781 449.000091552734
593 578.999877929688 566.999877929688 550 527.000122070312 527.999816894531 533.000122070312 538.000122070312 529.000122070312 529.999816894531 528 523.999694824219 516.999877929688 519.000122070312 512.000122070312 500.000091552734 491 484 480 459 450.000213623047 444.000091552734 421.999908447266 396.999786376953 419 429.999786376953 400.000091552734 407.999908447266 378.000091552734 361 352 340.000091552734 344 340.999786376953 356.999908447266 390.999786376953 424 447.000091552734 463.999786376953 487.000091552734 498 497 500 510.999786376953 518.999816894531 531.999877929688 525.999877929688 519.999877929688 519.000305175781 524.999877929688 521.000122070312 527.000122070312 530 533.000122070312 521.999816894531 512.000122070312 511.000091552734 507
566.999877929688 547.000122070312 525.999816894531 503.999786376953 482.999908447266 484 507 517.000183105469 497 496 507 531.999877929688 548.000122070312 557.999694824219 554.999877929688 552 563.999877929688 554.000183105469 532 513.999816894531 482.999908447266 491.999694824219 458.000213623047 448.000213623047 469 483.999786376953 436 453.000213623047 459.999908447266 428.999908447266 405 378.999908447266 365.999908447266 385.999908447266 446 493.000091552734 525.999816894531 536 558.999694824219 567.999877929688 580.000122070312 575.999877929688 565.999816894531 554.999816894531 565.999877929688 569.000122070312 558.999877929688 576.000122070312 614.999877929688 621.999572753906 598 584.000122070312 590.99951171875 613.000122070312 613.000122070312 613.999816894531 604 590
547 521 494.000213623047 467.000213623047 447.000091552734 438.999908447266 436.999786376953 429 419.000091552734 436.000091552734 540.000183105469 584.999816894531 588 591.000183105469 581.000183105469 567.000183105469 553.999877929688 545 545.000122070312 526.999877929688 519 513.000122070312 506.999786376953 499.000091552734 508 493.000305175781 507 537.999877929688 540.000122070312 477.000091552734 477.999908447266 464.999908447266 441.000091552734 458 490 526.000122070312 577.999816894531 701.000122070312 715.000122070312 700.000122070312 691.999877929688 697.999694824219 675.000122070312 686 682.999877929688 729.000305175781 727 716.000122070312 751 724.999877929688 683.999877929688 665.000122070312 657.000183105469 630 599.000122070312 621.000122070312 620.999877929688 604.000183105469
532.000122070312 500.000091552734 467.999908447266 440.000396728516 426 435.999908447266 468 527.000122070312 555.999877929688 594.000305175781 616.999877929688 636.999877929688 676.999816894531 682.000122070312 662.999877929688 618.999877929688 588.999816894531 587.999816894531 624.999877929688 597.999816894531 561.999877929688 554 551.999877929688 554 558.000122070312 555.999816894531 583.000122070312 603.999877929688 576 554.000183105469 572 545.999816894531 561.999877929688 559.999877929688 575.999877929688 642.999877929688 704.999816894531 728.999877929688 729.999816894531 844 893.000122070312 913.999694824219 856.999877929688 887.000183105469 936.999877929688 920.999816894531 972.999877929688 908.999877929688 912.000183105469 797.999572753906 767.000427246094 707.999877929688 669.999877929688 641.999816894531 643.999877929688 651.999816894531 646.000183105469 631.999877929688
524.000183105469 493 461 427.999786376953 416 451.999786376953 543 600.000122070312 646.000122070312 656.999877929688 671.999572753906 699.999816894531 769.999877929688 724.000122070312 646.999877929688 671.000183105469 683.999877929688 819.999572753906 760.999877929688 665.999877929688 653.000122070312 703 754.000122070312 750.000183105469 730.999877929688 697 745 686.000122070312 639 676.999877929688 679.000183105469 669.999877929688 686.000122070312 684.000427246094 788.999816894531 738.000183105469 705.999877929688 765 806.000183105469 832.000122070312 861.000122070312 889.999877929688 938 935.999816894531 1011 1097 1134 1075 960.999694824219 897 908.000122070312 830.999816894531 837 789.999877929688 785.000122070312 761.999816894531 691.000122070312 677.999572753906
-3.4e+38 -3.4e+38 -3.4e+38 -3.4e+38 438.999786376953 531.999877929688 639.999816894531 673.000122070312 702 740.999877929688 727.999816894531 787.000183105469 764.000305175781 797.999816894531 861.000427246094 877.000122070312 956.999694824219 923.999816894531 945.000122070312 940.999572753906 929.999877929688 1039 1039 1000 1203 1097 1182 1092 966 906.999572753906 814.000183105469 836.999877929688 892.999694824219 923.000183105469 1034 987.000183105469 921.999877929688 1065 974.999816894531 904.99951171875 938.000305175781 946.000122070312 950 962.999572753906 994.000427246094 1022 1067 1212 1230 1207 1163 1154 1103 1094 946.000122070312 852.999877929688 846.999877929688 865.000122070312
529.000122070312 519.000122070312 516 528.000122070312 558.999877929688 636.999877929688 694.999877929688 789.999877929688 840 980.999694824219 980.000122070312 954 884.000183105469 990 1020 1070 1020 1021 1091 1097 1148 -3.4e+38 1200 1366 1290 1216 1167 1131 1082 918.999877929688 856.000427246094 905.999877929688 926 969.999877929688 996.999816894531 1241 1299 1101 1089 1149.9990234375 1161 1158 1161 1142 1141 1155 1198 1346 1103 1106 1105 1038 1055 1002 1039 1118 1033 966.999816894531
545.000122070312 547.999877929688 556.000122070312 576.999877929688 643 700.000122070312 746.000305175781 843 920.000122070312 1034 1057 1035 1130 1162 1172.9990234375 1140 1177 -3.4e+38 -3.4e+38 -3.4e+38 -3.4e+38 -3.4e+38 -3.4e+38 -3.4e+38 1506 1568 1515 1518 1445 1318 1391 1256 1154 1038 1155 1365.0009765625 1523 1352 1285 1145 1085 1089 1056 1100 1120 1169 1271 1411 1307 1259 1230 1227 1149 1070 1035 1016 921.999877929688 892.000183105469
569.999877929688 587.999816894531 610.000122070312 655 701.000427246094 761.000183105469 824.000427246094 886.000183105469 959.999877929688 1012 961.000122070312 1028 1158 1228 1220 1255 -3.4e+38 -3.4e+38 -3.4e+38 -3.4e+38 -3.4e+38 -3.4e+38 -3.4e+38 -3.4e+38 -3.4e+38 -3.4e+38 -3.4e+38 1764 1780 1823 1769 1805 1528 1334 1707 1741 1501 1446 1435 1412 1377 1262 1256 1307 1240 1229 1340 1390 1477 1430 1402 1342 1271 1241 1166 1080 1040 966.000183105469
605.999877929688 638.000122070312 675.999877929688 719.999816894531 765.000122070312 829.999877929688 901.999877929688 1044 1017 1071 1096 1204 1142 1231 1294 1308 -3.4e+38 1317 -3.4e+38 -3.4e+38 -3.4e+38 -3.4e+38 -3.4e+38 -3.4e+38 1529 1607 1702 -3.4e+38 -3.4e+38 -3.4e+38 2169 2187 2088 1998 2007 1980 1916 1872 1868 1859 1829 1766 1729 1731 1750 1746 1718 1685 1669 1556 1399 1424 1453 1402 1375 1323 1235 1166
659 702.000122070312 750.999694824219 793 839 896 1011 1153 1150 1166 1141 1038 1183 1319 1368 1376 1360.9990234375 1335 -3.4e+38 -3.4e+38 1398 1402 -3.4e+38 -3.4e+38 1512 -3.4e+38 -3.4e+38 -3.4e+38 -3.4e+38 -3.4e+38 -3.4e+38 -3.4e+38 -3.4e+38 -3.4e+38 -3.4e+38 2104 2008 2054 2066 2102 2076 2039 2043 2062 2093 2127 2110 2093 2010 1929 1706 1588 1537 1674 1787 1736 1568 1527
708.000122070312 764.999877929688 811.000427246094 841.999877929688 880.999816894531 944.000122070312 1085 1354 1217 1314 1273 1295 1237 1383 1421 1429 1429 -3.4e+38 -3.4e+38 1393 1371 -3.4e+38 -3.4e+38 -3.4e+38 -3.4e+38 -3.4e+38 -3.4e+38 -3.4e+38 -3.4e+38 -3.4e+38 -3.4e+38 -3.4e+38 -3.4e+38 -3.4e+38 -3.4e+38 -3.4e+38 -3.4e+38 -3.4e+38 -3.4e+38 2230 2245 2238 2257 2275 2300.9990234375 2332 2366 2385 2416 2398 2325 2185 1884 1915 2100 2290 2236 2168
793.999877929688 826.999877929688 861.000122070312 903.999816894531 959.000305175781 1102 1307 1389 1463 -3.4e+38 1436 1507 1450 -3.4e+38 -3.4e+38 -3.4e+38 -3.4e+38 1447 1427 1449 -3.4e+38 -3.4e+38 -3.4e+38 -3.4e+38 -3.4e+38 -3.4e+38 -3.4e+38 -3.4e+38 -3.4e+38 -3.4e+38 -3.4e+38 -3.4e+38 -3.4e+38 -3.4e+38 -3.4e+38 -3.4e+38 -3.4e+38 -3.4e+38 -3.4e+38 -3.4e+38 -3.4e+38 -3.4e+38 -3.4e+38 -3.4e+38 -3.4e+38 -3.4e+38 -3.4e+38 -3.4e+38 -3.4e+38 -3.4e+38 -3.4e+38 -3.4e+38 -3.4e+38 -3.4e+38 -3.4e+38 -3.4e+38 2569 2523
839.000122070312 879.999877929688 928.999877929688 1008 1091 1213 1393 -3.4e+38 -3.4e+38 -3.4e+38 -3.4e+38 -3.4e+38 -3.4e+38 -3.4e+38 -3.4e+38 -3.4e+38 -3.4e+38 -3.4e+38 -3.4e+38 -3.4e+38 -3.4e+38 -3.4e+38 -3.4e+38 -3.4e+38 -3.4e+38 -3.4e+38 -3.4e+38 -3.4e+38 -3.4e+38 -3.4e+38 -3.4e+38 -3.4e+38 -3.4e+38 -3.4e+38 -3.4e+38 -3.4e+38 -3.4e+38 -3.4e+38 -3.4e+38 -3.4e+38 -3.4e+38 -3.4e+38 -3.4e+38 -3.4e+38 -3.4e+38 -3.4e+38 -3.4e+38 -3.4e+38 -3.4e+38 -3.4e+38 -3.4e+38 -3.4e+38 -3.4e+38 -3.4e+38 -3.4e+38 -3.4e+38 -3.4e+38 -3.4e+38
888.000122070312 939.000183105469 1022 1074 -3.4e+38 -3.4e+38 -3.4e+38 -3.4e+38 -3.4e+38 -3.4e+38 -3.4e+38 -3.4e+38 -3.4e+38 -3.4e+38 -3.4e+38 -3.4e+38 -3.4e+38 -3.4e+38 -3.4e+38 -3.4e+38 -3.4e+38 -3.4e+38 -3.4e+38 -3.4e+38 -3.4e+38 -3.4e+38 -3.4e+38 -3.4e+38 -3.4e+38 -3.4e+38 -3.4e+38 -3.4e+38 -3.4e+38 -3.4e+38 -3.4e+38 -3.4e+38 -3.4e+38 -3.4e+38 -3.4e+38 -3.4e+38 -3.4e+38 -3.4e+38 -3.4e+38 -3.4e+38 -3.4e+38 -3.4e+38 -3.4e+38 -3.4e+38 -3.4e+38 -3.4e+38 -3.4e+38 -3.4e+38 -3.4e+38 -3.4e+38 -3.4e+38 -3.4e+38 -3.4e+38 -3.4e+38
940 1028 -3.4e+38 -3.4e+38 -3.4e+38 -3.4e+38 -3.4e+38 -3.4e+38 -3.4e+38 -3.4e+38 -3.4e+38 -3.4e+38 -3.4e+38 -3.4e+38 -3.4e+38 -3.4e+38 -3.4e+38 -3.4e+38 -3.4e+38 -3.4e+38 -3.4e+38 -3.4e+38 -3.4e+38 -3.4e+38 -3.4e+38 -3.4e+38 -3.4e+38 -3.4e+38 -3.4e+38 -3.4e+38 -3.4e+38 -3.4e+38 -3.4e+38 -3.4e+38 -3.4e+38 -3.4e+38 -3.4e+38 -3.4e+38 -3.4e+38 -3.4e+38 -3.4e+38 -3.4e+38 -3.4e+38 -3.4e+38 -3.4e+38 -3.4e+38 -3.4e+38 -3.4e+38 -3.4e+38 -3.4e+38 -3.4e+38 -3.4e+38 -3.4e+38 -3.4e+38 -3.4e+38 -3.4e+38 -3.4e+38 -3.4e+38
-3.4e+38 -3.4e+38 -3.4e+38 -3.4e+38 -3.4e+38 -3.4e+38 -3.4e+38 -3.4e+38 -3.4e+38 -3.4e+38 -3.4e+38 -3.4e+38 -3.4e+38 -3.4e+38 -3.4e+38 -3.4e+38 -3.4e+38 -3.4e+38 -3.4e+38 -3.4e+38 -3.4e+38 -3.4e+38 -3.4e+38 -3.4e+38 -3.4e+38 -3.4e+38 -3.4e+38 -3.4e+38 -3.4e+38 -3.4e+38 -3.4e+38 -3.4e+38 -3.4e+38 -3.4e+38 -3.4e+38 -3.4e+38 -3.4e+38 -3.4e+38 -3.4e+38 -3.4e+38 -3.4e+38 -3.4e+38 -3.4e+38 -3.4e+38 -3.4e+38 -3.4e+38 -3.4e+38 -3.4e+38 -3.4e+38 -3.4e+38 -3.4e+38 -3.4e+38 -3.4e+38 -3.4e+38 -3.4e+38 -3.4e+38 -3.4e+38 -3.4e+38
-3.4e+38 -3.4e+38 -3.4e+38 -3.4e+38 -3.4e+38 -3.4e+38 -3.4e+38 -3.4e+38 -3.4e+38 -3.4e+38 -3.4e+38 -3.4e+38 -3.4e+38 -3.4e+38 -3.4e+38 -3.4e+38 -3.4e+38 -3.4e+38 -3.4e+38 -3.4e+38 -3.4e+38 -3.4e+38 -3.4e+38 -3.4e+38 -3.4e+38 -3.4e+38 -3.4e+38 -3.4e+38 -3.4e+38 -3.4e+38 -3.4e+38 -3.4e+38 -3.4e+38 -3.4e+38 -3.4e+38 -3.4e+38 -3.4e+38 -3.4e+38 -3.4e+38 -3.4e+38 -3.4e+38 -3.4e+38 -3.4e+38 -3.4e+38 -3.4e+38 -3.4e+38 -3.4e+38 -3.4e+38 -3.4e+38 -3.4e+38 -3.4e+38 -3.4e+38 -3.4e+38 -3.4e+38 -3.4e+38 -3.4e+38 -3.4e+38 -3.4e+38
-3.4e+38 -3.4e+38 -3.4e+38 -3.4e+38 -3.4e+38 -3.4e+38 -3.4e+38 -3.4e+38 -3.4e+38 -3.4e+38 -3.4e+38 -3.4e+38 -3.4e+38 -3.4e+38 -3.4e+38 -3.4e+38 -3.4e+38 -3.4e+38 -3.4e+38 -3.4e+38 -3.4e+38 -3.4e+38 -3.4e+38 -3.4e+38 -3.4e+38 -3.4e+38 -3.4e+38 -3.4e+38 -3.4e+38 -3.4e+38 -3.4e+38 -3.4e+38 -3.4e+38 -3.4e+38 -3.4e+38 -3.4e+38 -3.4e+38 -3.4e+38 -3.4e+38 -3.4e+38 -3.4e+38 -3.4e+38 -3.4e+38 -3.4e+38 -3.4e+38 -3.4e+38 -3.4e+38 -3.4e+38 -3.4e+38 -3.4e+38 -3.4e+38 -3.4e+38 -3.4e+38 -3.4e+38 -3.4e+38 -3.4e+38 -3.4e+38 -3.4e+38
-3.4e+38 -3.4e+38 -3.4e+38 -3.4e+38 -3.4e+38 -3.4e+38 -3.4e+38 -3.4e+38 -3.4e+38 -3.4e+38 -3.4e+38 -3.4e+38 -3.4e+38 -3.4e+38 -3.4e+38 -3.4e+38 -3.4e+38 -3.4e+38 -3.4e+38 -3.4e+38 -3.4e+38 -3.4e+38 -3.4e+38 -3.4e+38 -3.4e+38 -3.4e+38 -3.4e+38 -3.4e+38 -3.4e+38 -3.4e+38 -3.4e+38 -3.4e+38 -3.4e+38 -3.4e+38 -3.4e+38 -3.4e+38 -3.4e+38 -3.4e+38 -3.4e+38 -3.4e+38 -3.4e+38 -3.4e+38 -3.4e+38 -3.4e+38 -3.4e+38 -3.4e+38 -3.4e+38 -3.4e+38 -3.4e+38 -3.4e+38 -3.4e+38 -3.4e+38 -3.4e+38 -3.4e+38 -3.4e+38 -3.4e+38 -3.4e+38 -3.4e+38
-3.4e+38 -3.4e+38 -3.4e+38 -3.4e+38 -3.4e+38 -3.4e+38 -3.4e+38 -3.4e+38 -3.4e+38 -3.4e+38 -3.4e+38 -3.4e+38 -3.4e+38 -3.4e+38 -3.4e+38 -3.4e+38 -3.4e+38 -3.4e+38 -3.4e+38 -3.4e+38 -3.4e+38 -3.4e+38 -3.4e+38 -3.4e+38 -3.4e+38 -3.4e+38 -3.4e+38 -3.4e+38 -3.4e+38 -3.4e+38 -3.4e+38 -3.4e+38 -3.4e+38 -3.4e+38 -3.4e+38 -3.4e+38 -3.4e+38 -3.4e+38 -3.4e+38 -3.4e+38 -3.4e+38 -3.4e+38 -3.4e+38 -3.4e+38 -3.4e+38 -3.4e+38 -3.4e+38 -3.4e+38 -3.4e+38 -3.4e+38 -3.4e+38 -3.4e+38 -3.4e+38 -3.4e+38 -3.4e+38 -3.4e+38 -3.4e+38 -3.4e+38
-3.4e+38 -3.4e+38 -3.4e+38 -3.4e+38 -3.4e+38 -3.4e+38 -3.4e+38 -3.4e+38 -3.4e+38 -3.4e+38 -3.4e+38 -3.4e+38 -3.4e+38 -3.4e+38 -3.4e+38 -3.4e+38 -3.4e+38 -3.4e+38 -3.4e+38 -3.4e+38 -3.4e+38 -3.4e+38 -3.4e+38 -3.4e+38 -3.4e+38 -3.4e+38 -3.4e+38 -3.4e+38 -3.4e+38 -3.4e+38 -3.4e+38 -3.4e+38 -3.4e+38 -3.4e+38 -3.4e+38 -3.4e+38 -3.4e+38 -3.4e+38 -3.4e+38 -3.4e+38 -3.4e+38 -3.4e+38 -3.4e+38 -3.4e+38 -3.4e+38 -3.4e+38 -3.4e+38 -3.4e+38 -3.4e+38 -3.4e+38 -3.4e+38 -3.4e+38 -3.4e+38 -3.4e+38 -3.4e+38 -3.4e+38 -3.4e+38 -3.4e+38
