ENMTML/All_vars/Predictors/EUR_NA_CliMond/bio12.asc
NCOLS 1391 
NROWS 275 
XLLCORNER -170 
YLLCORNER 25.4999999994691 
CELLSIZE 0.166666666666667 
NODATA_value -3.4e+38 
[rows 52 to 77 of 275, columns 174 to 231 of 1391]
355.999908447266 346.999786376953 333.999908447266 323.000091552734 317 326.000091552734 311.000091552734 303.999908447266 296 294 283 274 262.999786376953 255 247 244 243 240.999893188477 244.000106811523 243 244 248 250 255.999893188477 260 260.999908447266 256 253.000106811523 262.000091552734 269.000091552734 272.000091552734 278 285.999786376953 290 297.000091552734 300.999908447266 301 310 322 336.000213623047 346 342.999786376953 350 351.000091552734 360.000091552734 362.000091552734 353.000091552734 347.000091552734 336.000091552734 324 320 319 322.999908447266 323.000091552734 331 339.999908447266 345.000091552734 353
392.000091552734 381.000091552734 376 364 355.000305175781 348 326.999908447266 326.999908447266 315.999908447266 306.000213623047 285.999908447266 269.999908447266 253 250.999893188477 241.999801635742 237.999893188477 237.000106811523 235 233 232 233.000106811523 236 239.000106811523 249 245.999893188477 251 263 257 253.999893188477 259 263 267 273 282 282.999908447266 288.999908447266 297.000213623047 306.999908447266 305 314.999908447266 340.999908447266 355.000091552734 352.999908447266 356.999908447266 354.999786376953 356.999908447266 353.000091552734 344 336 325 321 315.999786376953 319.999908447266 327 337.999908447266 340.000213623047 347 349.999908447266
422.000091552734 409 405.000091552734 402 387.999908447266 372.000213623047 356.999908447266 342.999786376953 322.999908447266 300 279.999908447266 277 256 247 243.999893188477 238 232.000106811523 233 232 229 229 230.999893188477 234.000106811523 235.000106811523 236 242.999893188477 249 257 258.999908447266 260.000091552734 266.000091552734 267 268 270 279.000091552734 295 296.000091552734 306.000091552734 323.999908447266 330 327.000091552734 336 347 355 351.999908447266 354.999908447266 348.000091552734 334.999908447266 326.000091552734 313.999908447266 313.000091552734 304.000091552734 306 324 337.999908447266 327 339.999786376953 353
449.999908447266 447 440 431.000091552734 394.999908447266 381.000213623047 376 344 320.999786376953 300.000091552734 282 271 261.999908447266 250.999893188477 246 239.999893188477 236 233.999893188477 232 229 228.000106811523 229.999893188477 232.000106811523 232.000106811523 230 235 239 252 262 260.000213623047 265.000091552734 272.999908447266 272.000091552734 275.999786376953 282.000091552734 291.999908447266 295.000091552734 299 305.000091552734 311.999786376953 325 328.999908447266 333.999908447266 336.999908447266 340.000213623047 342.000091552734 336 325.000091552734 313 299 293.000091552734 289.000091552734 297 301.999908447266 314 325 340 359
502 491.999908447266 480.000213623047 468.000091552734 454 419.000091552734 398.000091552734 374.999908447266 343.999908447266 318.999908447266 294.000091552734 278 261.999908447266 254.000198364258 249.999893188477 241 237.000198364258 235.999893188477 232 232 231.000106811523 230 230 232.000106811523 232 234 236.999893188477 244 254.000106811523 251 255 265 263 270.000091552734 276.000091552734 284 299.000091552734 304.999908447266 308.999908447266 306 311.000091552734 318.999908447266 316.000091552734 322 321 326.000091552734 328.000091552734 326.000091552734 317 306.000091552734 288.999908447266 281.000091552734 291 300 311.999786376953 327 346.000213623047 363.999908447266
568 564.999816894531 538.999877929688 485.000091552734 471 465.999908447266 432 402.999908447266 369.999908447266 342.999786376953 312.999908447266 293.999786376953 271.000213623047 262.000091552734 255 250 247.999893188477 240.999893188477 236.000106811523 238.999893188477 233.000106811523 231 233.000106811523 235 234 236 239.999893188477 241 248.000106811523 260.000091552734 256 258 258 262.000091552734 264.999908447266 273 283.000091552734 285.999908447266 305 302.999786376953 303 301 308.999908447266 312 316.000091552734 320.000213623047 320.000213623047 316.999908447266 318.000091552734 319.999908447266 317 314.999908447266 307 310 319.000091552734 334.000091552734 347.000091552734 362.999908447266
606.999694824219 604 599.000122070312 563.999877929688 524.999877929688 494 474 458.000091552734 413.000091552734 377.000213623047 339.000091552734 321 300 294 279 272 270.000213623047 262.000091552734 251 245 238 237 236 237 243 242 243 247.000106811523 247 256.999786376953 253.999893188477 254.000106811523 254 259 263 271 279.000091552734 279.000091552734 285 294 290 295.999908447266 302 308 307.999786376953 309.999908447266 312 311 315.999908447266 317 317.000091552734 324 327.000091552734 335.000091552734 344.000091552734 346.999786376953 360 377
633.000122070312 630.000122070312 612.999816894531 596.999877929688 568 539.000122070312 514 511.000305175781 450 413.000091552734 367.999908447266 322 309.999786376953 314.000091552734 300.999908447266 301 299 282 272.000091552734 269.000091552734 248 247 246 245 248 251.000106811523 253 253 252.999893188477 260.000213623047 259.000091552734 259.999908447266 253 255 265.999908447266 259 262.000091552734 273 271 274 278.000091552734 281 287.999908447266 293.000091552734 299.000091552734 306 306.000091552734 307 313.999908447266 313.999908447266 310.000091552734 318.999908447266 338 336 353.000091552734 365.000091552734 380.000091552734 391
678 652.999877929688 641.999877929688 629.000122070312 618.999816894531 594.999877929688 571 545.999816894531 514.000183105469 480.999908447266 433.000091552734 398.999908447266 375 345.000091552734 332 330 319 307.999786376953 303 289 264.000091552734 263.999908447266 267 259.999908447266 261.000091552734 265 268 266.999908447266 268 269 265 258.000091552734 255 257 267 257 255 256.000091552734 268 268.000091552734 271 277.000091552734 282 286 292.999786376953 297 304 305.999908447266 308.000091552734 314 315.999908447266 322 330.999908447266 339 353.999908447266 374 388.000213623047 399.999908447266
779.000183105469 740.000122070312 694.999816894531 667 656.999877929688 636.999877929688 622.000122070312 602.000122070312 574.999877929688 537 510.999786376953 480 452 419.000091552734 391.000213623047 369 340.000213623047 318.999908447266 305.999908447266 296 305 290 279 280 284 285 289 283 282.999908447266 283 278 271 265 260 263 265 250 251 254 260 268 271 276.999908447266 282.000091552734 292.000091552734 296 302.000091552734 308 309.000091552734 312.999908447266 319.000091552734 326.999908447266 334 345.999908447266 363 376.999786376953 395.000091552734 409
909.999877929688 854.000122070312 808.000427246094 775.000122070312 734.999877929688 706.000183105469 680.000183105469 656.000183105469 634.000183105469 607.999877929688 579.000183105469 556.999877929688 524 482 455.999694824219 432.000213623047 404.000213623047 365 340.999908447266 318.999908447266 319 307 313 311 311 311 310 316 313 298 301 305 286 275 266 268 250 254 249 254 261 271 275.999908447266 279 288.999908447266 294 302 309.000213623047 316.999908447266 317.000091552734 323.000091552734 331.999908447266 341 355.000213623047 374 388.000091552734 406 421
942.999572753906 950.999694824219 899.999877929688 876 831.000183105469 792.999877929688 773.000183105469 725.999816894531 703 675.999877929688 651 619.999877929688 585.999877929688 553.000122070312 525.000122070312 495.000091552734 466.000091552734 434.000091552734 420.000091552734 372.999786376953 348 336 346 351 355 352 360 354 354 356 335 317 297 285 271 270 252 253 248 250 252 258 268 281.999908447266 291.999908447266 295.999908447266 305.000091552734 316 321.000091552734 325 332 342.999908447266 353.000091552734 366 384 400.000091552734 420 435.000091552734
946.000427246094 915 873.999572753906 854.000305175781 889.999816894531 900.999877929688 900 817.999877929688 828 780.999877929688 722.999694824219 685 660.000183105469 632.000427246094 599.000122070312 566.999816894531 535.000122070312 510.999786376953 482.000091552734 453.999786376953 437.000091552734 413 406 404 402.000091552734 407.999908447266 393 379 372.000091552734 383 346 333 319 303 291 275 266 251 249 254 254 261 268 277 293.000091552734 315.000091552734 313 314.999908447266 325.000213623047 331 338.000091552734 351.000091552734 364.000091552734 379 396.000091552734 413 434.000091552734 449.999908447266
1140 1136 1150 1163 1154 1088 1025 935.999816894531 951.999816894531 972.000427246094 830.999877929688 752.000122070312 735.999816894531 715.999816894531 688.999877929688 658.999877929688 623 592.000183105469 572.000305175781 536.999816894531 499 484.999908447266 475.000213623047 483.000213623047 482.000213623047 463.000091552734 446.000213623047 446.999908447266 450.999908447266 422 395 370 353 332 312 293 279 268 260 255 263 262 268 277 296 306 329 324.999908447266 328.000091552734 338.000091552734 349.999908447266 361 373.000091552734 393.000091552734 409.999908447266 428.000091552734 449.000091552734 466.000091552734
1401 1449 1428 1416 1387 1200 1100 1080 1052 1045 1078 901.999877929688 843.000122070312 834.999694824219 819.000122070312 771.000427246094 740.000122070312 743.999816894531 694.000122070312 622.999816894531 616.999877929688 584.999877929688 578.000122070312 555.000122070312 552.999877929688 519.000183105469 496.000091552734 490.000305175781 499.999908447266 471.999603271484 440.000091552734 418.999908447266 390 370 346.999908447266 326 305 281 276 262 268 272 279 283 295 310 316 331.000091552734 341 344.999908447266 359 368.999908447266 383.000213623047 402.000305175781 422.000091552734 441.999908447266 456.999908447266 477
2147 2112 2095 1986 1885 1737 1533 1519 1705 1662 1347 1138 1046 984.999877929688 950.999877929688 924.000122070312 880.000183105469 865.999816894531 869.999816894531 741.999877929688 697.000122070312 689.000122070312 682 685.999877929688 647.999816894531 590.000183105469 558.999572753906 539.000183105469 554.999816894531 526.000427246094 502.000305175781 457.999694824219 436.000213623047 413.000091552734 391 368 344 320 300 291 285 288 287 293 302 313.999908447266 328.000091552734 338.999908447266 353 358.999908447266 372 387.000091552734 401 414 434 453 470.999908447266 488
2475 2430 2412 2441 2525 2563 2550 2272 2200 2078 1826 1543 1291 1157 1111 1119 1091 1028 979.999816894531 886.999877929688 807.999877929688 837.999877929688 887.999877929688 755.999877929688 713.000183105469 720.999877929688 654.000122070312 620 607.999877929688 580 538.999877929688 514.999877929688 490.000091552734 463.000213623047 447.999786376953 416.000091552734 385 359 342 321 305 299 302 310 317 331 343.999908447266 356.999908447266 367.000091552734 380.000213623047 390 404 417.999908447266 427.999786376953 447 462.999786376953 483.000091552734 504
2724 2707 2724 2806 2872 2882 -3.4e+38 -3.4e+38 2603 2343 2141 1824 1807 1595 1352 1279 1275 1359 1204 935.000183105469 894 893.000122070312 1004 886.000305175781 792.999877929688 763.999572753906 813.000122070312 762.999877929688 704.000122070312 702.000183105469 665.999877929688 624.000122070312 545.000183105469 541.999877929688 502.000091552734 477.000091552734 443.999908447266 407.999786376953 386.000091552734 371.999908447266 344 335 328 328.999908447266 343 367.999908447266 375.999908447266 387 394 404.000091552734 413 425.000091552734 441 445.000213623047 457 472.000091552734 487.000213623047 504.999694824219
-3.4e+38 -3.4e+38 -3.4e+38 -3.4e+38 -3.4e+38 -3.4e+38 -3.4e+38 3383 3197 2952 2652 2174 2058 1974 1762 1619 1378 1431 1443 1218 1085 1154 1103 1051 899.000122070312 886.999816894531 900.999694824219 900.999877929688 888.000122070312 981.999877929688 873.999572753906 705.000183105469 680.000122070312 726.999877929688 637.000122070312 540.999877929688 495.000213623047 478.999786376953 452.000091552734 422.000213623047 399.999908447266 384.000305175781 379 369 380.999908447266 394 404.999908447266 417.000091552734 427.999908447266 432.000305175781 439 444.999786376953 458 465 468.000091552734 478.000091552734 491.000091552734 502.999694824219
-3.4e+38 -3.4e+38 -3.4e+38 -3.4e+38 -3.4e+38 -3.4e+38 -3.4e+38 -3.4e+38 3353 3152 2955 2754 2492 2114 1788 1844 1817 1676 1536 1477 1481 1282 1041 1017 1107 941.000122070312 921.000305175781 1058 1098 1148 1104 913.999877929688 868.000183105469 864.000122070312 726.000122070312 608.000122070312 562 537.000427246094 521.000122070312 498.999908447266 476.000091552734 460.000213623047 455.000213623047 457 456.999908447266 452 455.000091552734 456.999908447266 466 466.000213623047 470 471.000091552734 481.000091552734 481.000091552734 476.999908447266 486 490.999786376953 497.000213623047
-3.4e+38 -3.4e+38 -3.4e+38 -3.4e+38 -3.4e+38 -3.4e+38 -3.4e+38 -3.4e+38 -3.4e+38 -3.4e+38 -3.4e+38 -3.4e+38 2697 2550 2375 2078 2070 1870 1454 1282 1271 1391 1332 1156 1137 1175 1076 1098 1093 1070 1064 1113 1053 1119 891 797.000183105469 704 618.000183105469 584.000122070312 563.000183105469 559.000122070312 558.000183105469 590.000427246094 540.999572753906 524.999816894531 541.999877929688 533.999877929688 523.999877929688 519.000122070312 519.000427246094 508.999908447266 505.999908447266 503.000213623047 496.000091552734 489.999694824219 487.000091552734 497.000091552734 505.000091552734
-3.4e+38 -3.4e+38 -3.4e+38 -3.4e+38 -3.4e+38 -3.4e+38 -3.4e+38 -3.4e+38 -3.4e+38 -3.4e+38 -3.4e+38 -3.4e+38 -3.4e+38 -3.4e+38 -3.4e+38 2430 2292 2133 1856 1469 1247 1331 1455 1606 1333 1419 1398 1436 1365 1251 1050 942.000183105469 931.000183105469 1143 1003 834.999572753906 826.999572753906 721.000183105469 677.000122070312 639 626.999877929688 633.000122070312 671 620.000122070312 610.999694824219 648.000122070312 665.999877929688 642 587.999816894531 558.999877929688 545 538.000122070312 529.000183105469 515.000183105469 504.000305175781 489.000396728516 484.999908447266 489
-3.4e+38 -3.4e+38 -3.4e+38 -3.4e+38 -3.4e+38 -3.4e+38 -3.4e+38 -3.4e+38 -3.4e+38 -3.4e+38 -3.4e+38 -3.4e+38 -3.4e+38 -3.4e+38 -3.4e+38 -3.4e+38 -3.4e+38 -3.4e+38 2211 1865 1370 1261 1442 1634 1741 1730 1694 1582 1573 1571 1412 1258 1054 1146 -3.4e+38 1021 1048 980.999877929688 851.999572753906 737.000122070312 703.999816894531 687.999572753906 761.000122070312 704 712.999816894531 744.000122070312 788.999816894531 750.999572753906 679.999877929688 633.000305175781 601.999877929688 577.000183105469 555.999877929688 542.000183105469 516.999877929688 497.000305175781 482.000091552734 481.000213623047
-3.4e+38 -3.4e+38 -3.4e+38 -3.4e+38 -3.4e+38 -3.4e+38 -3.4e+38 -3.4e+38 -3.4e+38 -3.4e+38 -3.4e+38 -3.4e+38 -3.4e+38 -3.4e+38 -3.4e+38 -3.4e+38 -3.4e+38 -3.4e+38 2404 2246 1964 1616 1613 1583 1630 1710 1844 1831 1631 -3.4e+38 1349 1304 1241 1200 1242 -3.4e+38 1146 1031 1005 930.999816894531 828 809.000122070312 859 970 1051 972.999877929688 898.999816894531 811.000183105469 777.999694824219 756.999694824219 685.000183105469 634.000122070312 606.000122070312 570.999877929688 536.000183105469 511 491 476
-3.4e+38 -3.4e+38 -3.4e+38 -3.4e+38 -3.4e+38 -3.4e+38 -3.4e+38 -3.4e+38 -3.4e+38 -3.4e+38 -3.4e+38 -3.4e+38 -3.4e+38 -3.4e+38 -3.4e+38 -3.4e+38 -3.4e+38 -3.4e+38 -3.4e+38 -3.4e+38 2404 2226 1806 1511 1857 1878 1878 1925 1827 -3.4e+38 1537 1437 1312 1204 1280 -3.4e+38 1296 1217 1039 955.000122070312 1031 1102 1342 1336 1367 995.999816894531 857.999877929688 827.000183105469 851.99951171875 768.999572753906 712 675.000183105469 639.000183105469 602.000122070312 572.000305175781 523.00048828125 526.000122070312 528.000183105469
-3.4e+38 -3.4e+38 -3.4e+38 -3.4e+38 -3.4e+38 -3.4e+38 -3.4e+38 -3.4e+38 -3.4e+38 -3.4e+38 -3.4e+38 -3.4e+38 -3.4e+38 -3.4e+38 -3.4e+38 -3.4e+38 -3.4e+38 -3.4e+38 -3.4e+38 -3.4e+38 -3.4e+38 -3.4e+38 2377 2211 2257 2219 2112 2051 1902 1819 1655 1474 1387 1324 1278 1350 1421 1414 1447 1276 1362 1748 1616 1269 1145 1033 887.000183105469 941 842.000183105469 791.000122070312 765.000183105469 719.000122070312 675.999877929688 630 582.000183105469 553 560.999877929688 554.999694824219
