ENMTML/All_vars/Predictors/EUR_NA_CliMond/bio12.asc
NCOLS 1391 
NROWS 275 
XLLCORNER -170 
YLLCORNER 25.4999999994691 
CELLSIZE 0.166666666666667 
NODATA_value -3.4e+38 
[rows 78 to 103 of 275, columns 406 to 463 of 1391]
458 452.999786376953 441.999786376953 436 436 433.999786376953 432.999603271484 435.999786376953 440.000213623047 441.999786376953 443 444.000213623047 447 447.000213623047 449 447.999908447266 452 459 460.999908447266 462.000213623047 461.000213623047 461.000213623047 463 461.999786376953 460.000091552734 464.999908447266 469 472.000091552734 468.000213623047 463 459.000091552734 458.000091552734 459 459.000213623047 458 455 453.999694824219 445.999786376953 446.000305175781 445 442.000213623047 440.999694824219 438.000091552734 436.000213623047 434.999908447266 433.000091552734 431.999908447266 431.000213623047 429.999786376953 430.999786376953 433.000213623047 433.000213623047 431 431 425.000091552734 423.999786376953 423.999786376953 -3.4e+38
459.99951171875 448.000091552734 441 437 437 437.000091552734 438.000091552734 440 443 442.999908447266 444.000213623047 448.999603271484 450.000091552734 452.999786376953 452.000091552734 452 458 461.999786376953 461.999908447266 464 466.000091552734 467.999908447266 468 466.000091552734 468.999908447266 472.999908447266 472.999908447266 473.999694824219 473 470.000091552734 468.000091552734 465.000091552734 466.999908447266 466.999908447266 462.000213623047 463.000091552734 459.999908447266 458.999908447266 454 450 449 449.999908447266 448 444.999908447266 443.000213623047 438.999694824219 435.000305175781 436.000091552734 436.000091552734 436.000091552734 434 434 434 430.999908447266 430.999908447266 429 428.000091552734 -3.4e+38
458 452.000091552734 445.999908447266 440 438.999786376953 442.000091552734 445 449.000091552734 451 451 451.999908447266 452.000091552734 455 458.000091552734 459.999908447266 462.000213623047 459.000091552734 467.999908447266 470.999908447266 472 471.999694824219 472.999786376953 474 476.999786376953 480.000091552734 482.000091552734 483 482 478.000091552734 476.999908447266 474.000091552734 472.999908447266 471.999908447266 471 474.000091552734 470.999786376953 465 464.999786376953 461.000396728516 458.000091552734 456 456 454.000213623047 453.000213623047 449 445 441.999786376953 441 441.999908447266 439.999908447266 439.999908447266 438 437.000091552734 436.000213623047 435 434.000091552734 433 431.999908447266
463.000213623047 458.999603271484 450.999786376953 448.999786376953 447 447.999786376953 450.000091552734 453 453.000091552734 452.999908447266 456.999786376953 456.999786376953 459.999786376953 461 463.999786376953 464.999786376953 473.999908447266 476 480.000091552734 485.000091552734 485.000091552734 486 483.000091552734 483.999908447266 487 486.999908447266 483.999908447266 486.000091552734 484 482.999908447266 478.999694824219 476.999786376953 475.999786376953 476.000091552734 474.999786376953 470.999908447266 468.000213623047 468 466 461.999908447266 460.000091552734 458.000091552734 458.000091552734 459.000091552734 457.000091552734 454.000213623047 450 447.999694824219 446.000091552734 448.000213623047 445 442.999908447266 442 439.000305175781 439.000305175781 439.000305175781 436.000213623047 433.999908447266
470 466.000091552734 460.000213623047 453.999908447266 452.000091552734 456 456.999908447266 458 458 459.999786376953 459.000091552734 459.999694824219 461.999908447266 466.999908447266 468 470.000091552734 476.999786376953 478 485.999908447266 490 491.999786376953 491.000213623047 488.999908447266 490.999908447266 487.000213623047 491.999603271484 492.999786376953 491.000091552734 487.999908447266 486.000091552734 484.999786376953 481.999908447266 481.999908447266 478.000091552734 474.000213623047 470 467.999908447266 468.000213623047 467 466 466 463 466.000091552734 465 464 463.000213623047 455.999786376953 454.000213623047 452.000091552734 447.999694824219 446.999908447266 448.000091552734 447 447 447 445 440.999786376953 438.999786376953
475.999786376953 470.999786376953 468.999786376953 467.000213623047 466.000305175781 463.999786376953 464 462.000213623047 460.000091552734 463.999786376953 465.000091552734 462.000091552734 465 467.999908447266 471 476 483 487.000091552734 491.999908447266 497.000213623047 500 499.999908447266 500.999786376953 498.000213623047 499.000305175781 499.000213623047 494 492.999908447266 489.000213623047 489.000091552734 487.000091552734 485.000213623047 487.000091552734 483.000213623047 476.000091552734 474 470.999908447266 470 471 467 466 466 467.000091552734 467.999786376953 472 469 462.999786376953 461 454.999694824219 453.999908447266 452 451 451 449.999908447266 449.999908447266 449.999908447266 447 445.999786376953
481 474.000091552734 474.000091552734 473.000091552734 472.999908447266 472 470.999786376953 468 467.999908447266 469.000091552734 470 465.999786376953 467.000091552734 474 479.000091552734 481.000091552734 481 490.999908447266 496.999786376953 503.999786376953 505 507 509.000213623047 504.999694824219 503.000213623047 506.000091552734 502.000091552734 497.999908447266 495.000091552734 492.999786376953 492.000091552734 490.000213623047 487.999908447266 487.000091552734 479.999908447266 477 473.999908447266 474.000091552734 472.000213623047 472.999908447266 472.999908447266 472.000091552734 470.999694824219 469.999786376953 470.999786376953 469.999786376953 470.999908447266 467.000213623047 463.000091552734 459 456.999694824219 455.999694824219 457.000091552734 456.000305175781 455.000305175781 454.000213623047 453 451.999786376953
487.999908447266 487.000213623047 485.999908447266 483.999908447266 480.000091552734 478.000091552734 476 473.999786376953 474.000091552734 469.999908447266 472.000213623047 469.999908447266 469.999786376953 475.999908447266 478.000213623047 481.999786376953 484 493 502.999908447266 509 515.000305175781 516.000183105469 516.000183105469 513.999877929688 512.000122070312 511.999908447266 505.000091552734 500.000091552734 499.999908447266 498 499 500.000213623047 489.999908447266 486.000091552734 485.000213623047 481.999908447266 480.000091552734 478 476.000213623047 475.000213623047 472.999908447266 470.999786376953 470.999786376953 473.000091552734 475.999786376953 474.999908447266 473.999908447266 474.000213623047 466.000091552734 463 461 461 460 459.999908447266 459.999908447266 459.999908447266 456.000091552734 456.000213623047
493 491.999694824219 489.999786376953 491 490.000091552734 486.000213623047 482.000091552734 476.000091552734 477.000091552734 474 472.999908447266 473 470.000305175781 472.000091552734 474.000091552734 478 484.999908447266 493.000213623047 503 517.000122070312 527 524.000122070312 525.999877929688 526.999877929688 519 512.999877929688 509 507.999908447266 508.000091552734 505 504.000091552734 500.999786376953 495.999786376953 491.000091552734 488.999786376953 485.000213623047 484.999694824219 480.999908447266 479 476.999786376953 476.999786376953 478.000305175781 477.000091552734 477.000091552734 475.999908447266 476.000213623047 472.000091552734 471.999786376953 467.999908447266 462.999603271484 463 463.000091552734 461.000091552734 461.000091552734 461.999908447266 462.999786376953 461.000091552734 461.000091552734
497.999908447266 499 495.999694824219 494.000091552734 494.999786376953 493.999786376953 491.000213623047 485.000305175781 481.000305175781 477.999786376953 477.000091552734 474.999908447266 473.000213623047 471.999908447266 475 475 482.000213623047 495 506 521.999877929688 532.000183105469 531.999877929688 526.999877929688 523.999877929688 520.999877929688 519 516.999877929688 513 513.000183105469 511 506 499.999908447266 500.000213623047 495.999786376953 493 486.999786376953 484.000091552734 482 479.999908447266 478.000213623047 480.000091552734 478.000091552734 479 476.999786376953 473 474.000213623047 471.000091552734 467.000091552734 469.999786376953 466.000213623047 467.999786376953 468.000091552734 467.000091552734 468 467.000213623047 466.000091552734 467.000091552734 463.999786376953
508.000091552734 504.999908447266 500.999908447266 500.000213623047 498.999786376953 494.000091552734 494.999908447266 490.999908447266 488.000213623047 481.000305175781 483.000213623047 477.999786376953 475 476 473 472.999908447266 478.999908447266 490.000305175781 504.999908447266 516.000122070312 525.000122070312 528.000122070312 526.999877929688 526.000122070312 525 520.999816894531 518.000305175781 519.000122070312 512 507.000091552734 502.999908447266 499 499.000091552734 497.000091552734 492 487.999908447266 487 483.999908447266 482.999908447266 479.999908447266 478.000213623047 472.999786376953 472.999694824219 472.000091552734 470.999786376953 471 467.999603271484 465.999908447266 468.999908447266 470 468 472.000091552734 470.999694824219 475 472.000396728516 472.000396728516 470 470.999908447266
510.000091552734 508 504.999908447266 505.000091552734 505 502.999786376953 497.000213623047 497.000213623047 488.999786376953 485.000305175781 483 479.999786376953 476 473.999786376953 478.999786376953 478.000213623047 478.999908447266 489.000091552734 499.999908447266 514 522.000122070312 526.000183105469 525.999816894531 524.000122070312 524.000183105469 519.999816894531 521 518.999877929688 513.999877929688 507 506.999694824219 505.999908447266 501 496.000091552734 492.999908447266 490.999694824219 487.000091552734 484.000091552734 484.999908447266 484.000091552734 478 476.000213623047 473 475.000091552734 474.000091552734 473.000091552734 470 470.999786376953 471.000091552734 473.000091552734 474.000305175781 474.999908447266 476.000305175781 478.000213623047 476.000091552734 474.999908447266 476.000305175781 479.000213623047
513.000122070312 513 508.999908447266 506.000091552734 505.999786376953 504 504.999908447266 500 496 488.999786376953 481 480.000213623047 480.999908447266 481.000213623047 478.999908447266 480 480.999908447266 490 498.000213623047 507.999786376953 515.000122070312 518 520 519 518.999877929688 520.000122070312 521 512.999877929688 506.000213623047 504 501.999908447266 500.999908447266 496 494 490 488 488.000091552734 484.999908447266 484 484.999908447266 481.999786376953 480.000213623047 478.000213623047 476.999908447266 476.999908447266 480.000091552734 478 480 480.000091552734 479 477.000091552734 479.000091552734 478 480.000213623047 482.000091552734 481.000213623047 482 483.000091552734
515.000183105469 515.000122070312 510.000091552734 506 506 506.000213623047 506.999908447266 505.000091552734 500.999908447266 491.999908447266 489.000213623047 485.999908447266 482 482.999786376953 478.999786376953 477.999786376953 483.000091552734 488 497 503.999908447266 506.999908447266 512.000122070312 512 514.999572753906 515 516.999877929688 510.999786376953 507.999908447266 507 501.999786376953 500.000213623047 499.999908447266 493.000213623047 491.999908447266 490 490.000213623047 488.000091552734 486.999908447266 489 488.000091552734 486.000091552734 486.000091552734 482.999908447266 480.999908447266 480.999786376953 484.000091552734 485.999908447266 485.999908447266 485.999908447266 484 484 486.000213623047 486.000213623047 485 484.999786376953 488.000091552734 488.000091552734 488.999908447266
513 512 505.999786376953 503.999786376953 504 501.000213623047 502.000091552734 501 497.999786376953 496.000213623047 491.000305175781 486.000091552734 483 485 486 487.999694824219 487.999908447266 487.999908447266 492.000091552734 498.999908447266 500 506 507.999786376953 509.999786376953 511.999908447266 507.999908447266 511 507 504 499.999908447266 498 494.000305175781 492.000091552734 494.999908447266 492.999908447266 493 493 492.000091552734 491 488.999908447266 488 490 488 488 487.000091552734 485.999908447266 485.999908447266 489.000213623047 492.000305175781 492.000213623047 492.000213623047 491.000213623047 491 494.000091552734 496.000091552734 499.999786376953 499.999908447266 500.999908447266
514.000305175781 506.000091552734 504.000091552734 501.000091552734 500.999908447266 498.000091552734 497.000091552734 495.000305175781 493.000091552734 492.000213623047 488 486.000091552734 486.999786376953 484.999908447266 485.000091552734 485.999786376953 488.999908447266 488.999786376953 490.000305175781 495 497 499.999786376953 501.999786376953 503.999786376953 508.999694824219 507 504.000305175781 505 501.000213623047 497 495 493.000091552734 494 493.999786376953 494 493 492.000305175781 494.000091552734 490.999786376953 492.999786376953 493.999908447266 494.000213623047 491.000091552734 491.000091552734 492.000396728516 492.000091552734 493.000091552734 491.999908447266 492.999908447266 494.000213623047 495.000213623047 497 499.999908447266 503.000091552734 503.999908447266 506.999786376953 508.999908447266 509.999908447266
512 506.000091552734 507.000091552734 507.999908447266 504.000091552734 500.000213623047 497 496.999908447266 493.000091552734 491.000091552734 489.000091552734 489.999694824219 486 486.000213623047 486.000213623047 486 488.000091552734 488.999786376953 491.000091552734 490.999908447266 495.999908447266 496.000213623047 493.999786376953 498.000091552734 497.000091552734 496.000213623047 498.999908447266 498.000213623047 494 494.999786376953 494.999908447266 493 494 493.000091552734 493.999786376953 493 493 493.000305175781 495.999694824219 497.000091552734 495.000213623047 495.000213623047 495 494.999786376953 496.000091552734 495.999908447266 497 494.999908447266 495.999908447266 499.000213623047 501.000091552734 503.000213623047 506.000213623047 508.000305175781 509 511.000213623047 511.000213623047 511.999908447266
508.000091552734 507.000091552734 498.999908447266 499.999786376953 502 498 499 497.000091552734 493 492.999908447266 488.000091552734 486.000213623047 485.000213623047 485.999908447266 485.999786376953 486.999908447266 486.000091552734 485.999908447266 487.000213623047 489.000091552734 490.000091552734 490.000091552734 490.999786376953 491.000091552734 489.999694824219 489.999908447266 488.000091552734 488.000091552734 491.000213623047 494.000091552734 492.000091552734 492.999786376953 492.000091552734 491.000091552734 492.999908447266 492 494.999786376953 495.000091552734 495.999786376953 496 498 497.999908447266 501 500.000091552734 499 499.000213623047 499.999908447266 501.999908447266 505.999786376953 508.000091552734 508.000091552734 509 512.000122070312 514.000122070312 515.000122070312 516.999877929688 520.999877929688 520
505.999786376953 503.000091552734 496 492.999908447266 493 493.999908447266 493.000305175781 493.000305175781 489.000305175781 487.999786376953 485.000091552734 488 485.000213623047 486.999908447266 487.000305175781 486.000213623047 486.999786376953 486.999786376953 486.999908447266 488 488 485.999908447266 485 486 482.999908447266 482.999908447266 482.999908447266 484.999908447266 487 485 486.999908447266 492.000305175781 491.999786376953 493.999786376953 494.999786376953 495.999908447266 496 493.999908447266 497 499.000305175781 498 502.999786376953 503 502 506.000091552734 506.000091552734 507 508.999908447266 509.999908447266 511.000213623047 513.000183105469 513.000183105469 514.000183105469 516 519.999877929688 522.999877929688 523.999877929688 523.999877929688
499.000213623047 494.999908447266 490.000091552734 492 488.999786376953 490 490 489 491.000091552734 486 486 487.999908447266 487.999694824219 485.999908447266 486.999694824219 485.999786376953 485 485 481.000091552734 482.000091552734 479.999908447266 481 478.000305175781 478.000091552734 477.000091552734 477.000091552734 476.000091552734 476.999908447266 480.000305175781 481.999908447266 487.999908447266 488.999908447266 489 490.000091552734 492.000213623047 493.999908447266 494.000091552734 497 500.000305175781 500.000091552734 503 506.999908447266 507 507.000213623047 509.999786376953 510.999908447266 510.999908447266 512.999694824219 515 517.000183105469 517.000183105469 520 522.000122070312 523.999877929688 526.000122070312 526.999877929688 527.999816894531 529
490 488.000091552734 486 484.000091552734 483.000213623047 485 488.000091552734 487.999908447266 486.000091552734 485.999908447266 484.999908447266 482.999786376953 483.999908447266 483.999908447266 481 479.999908447266 480.999786376953 479.999908447266 477.999908447266 478.000091552734 476.999908447266 475.000091552734 475.000091552734 470 469.999908447266 468.999908447266 470.000091552734 475.000213623047 476.999908447266 482.000091552734 484.999908447266 483.999908447266 487.000213623047 490.000091552734 492.999908447266 494.999908447266 494 500.000305175781 500.999786376953 503.000213623047 503.000091552734 503.999786376953 506.999908447266 509.000091552734 512 511.999908447266 515.000183105469 517.999877929688 521.999877929688 522.999877929688 524.000305175781 524.000305175781 529.000122070312 531.000122070312 532 533.999877929688 536.999877929688 537.999694824219
478.000091552734 478.000213623047 476.000213623047 475 478.999908447266 481.999786376953 483.000091552734 481.999908447266 483.000091552734 481.999786376953 479 478.999694824219 477.999908447266 479.000213623047 477.999908447266 479 480 477.999908447266 477.999908447266 475.000213623047 473.999786376953 473.999908447266 471 465 465.000091552734 464.000091552734 466.000091552734 471.999786376953 476.000213623047 479 480.000091552734 484.000091552734 487.000213623047 490 491.000213623047 494.000091552734 494.999908447266 497.000213623047 497.999786376953 500.999786376953 504 505.000091552734 511 512 515 518.999877929688 520.999877929688 520.999877929688 524.000122070312 525.999816894531 528 530.999877929688 532.000122070312 536 539.000122070312 540.000183105469 541.000305175781 543
466 465.999908447266 468.000213623047 468.999908447266 471.999786376953 473.999786376953 474 476.000091552734 477 475.999908447266 477.999908447266 477.000091552734 477.999908447266 477.999908447266 477.999908447266 477.999908447266 475.999908447266 477.000091552734 478.000091552734 474.999786376953 473.000213623047 468.999786376953 468.999786376953 464.999786376953 462 461 463 469.999786376953 473.999786376953 478.999908447266 480 486.000091552734 486.999908447266 489.000091552734 490.000091552734 492.999908447266 494.000213623047 496 498 503.000213623047 506.000305175781 509.000213623047 509.999908447266 515 519 521.999816894531 523.999877929688 525.999694824219 529 530.999877929688 536.000122070312 541.999877929688 541.999877929688 540.999877929688 544.000305175781 545.999877929688 550.000122070312 550.000122070312
458.999908447266 461.000091552734 462.000213623047 461.999908447266 464.000091552734 465.999694824219 467.000091552734 469.000091552734 470.999786376953 471.999908447266 472.999908447266 476.99951171875 476.99951171875 478.000091552734 477 477.999908447266 477.999908447266 475.999786376953 476.000091552734 473.999694824219 469.999908447266 469 466.000091552734 465.999908447266 466 462.999908447266 466 470.999603271484 475 476.999908447266 482.999908447266 481.999908447266 486 486.999786376953 490 492.000091552734 492.999908447266 498.999908447266 499.999908447266 503.000305175781 508.999786376953 510.999786376953 517.999877929688 517 522.999877929688 524.000122070312 527.999816894531 532.999816894531 535.999572753906 539.999816894531 543.000122070312 543.000122070312 545 547.000305175781 549.999877929688 554 554 555
452 450.999694824219 451.000091552734 455.999908447266 460 464.000213623047 464.999786376953 464 464 467 469.999908447266 471 472 475.000091552734 476.999908447266 477.000091552734 477.000091552734 477.000091552734 473 473 471.000091552734 467.999694824219 467.999908447266 467.999908447266 467.999908447266 468.000091552734 474.000213623047 478.000091552734 479 481.999786376953 480.000091552734 480.999694824219 483.999908447266 483 486.000091552734 491.000091552734 494 496.000091552734 501.000091552734 503.000305175781 509.999603271484 515 519.000183105469 522.999694824219 526.000122070312 532.999694824219 534.000183105469 540.000183105469 545.000122070312 547 547.999877929688 550 551.000122070312 554.999816894531 560.999877929688 560.999877929688 564.000122070312 565.000122070312
442.000091552734 444.999786376953 451.999786376953 454.000213623047 452.999786376953 457.000091552734 460.000091552734 458.000213623047 461.999908447266 463 465.000213623047 466.999694824219 468.999786376953 470 471.999908447266 474.999908447266 477 477 477 469.999908447266 472.000396728516 470.000091552734 472.000305175781 472.000091552734 475 479 482.999908447266 484 483 482.999694824219 482.000091552734 482.000091552734 483 483 487 489.999908447266 493.999908447266 500.000091552734 503 508.000091552734 513.000122070312 520.000122070312 523 529.999816894531 536 541.999877929688 541.999877929688 546.999816894531 551.000122070312 554.000122070312 555.000122070312 555.000122070312 557.999572753906 560.999877929688 562.999816894531 566 567.999877929688 572
