"Variables"	"Comp.1"	"Comp.2"	"Comp.3"	"Comp.4"	"Comp.5"	"Comp.6"	"Comp.7"	"Comp.8"	"Comp.9"	"Comp.10"	"Comp.11"	"Comp.12"	"Comp.13"	"Comp.14"	"Comp.15"	"Comp.16"	"Comp.17"	"Comp.18"	"Comp.19"
"bio1"	"0.281570317493735"	"0.186964379181071"	"0.118319801944425"	"0.136403410397481"	"0.0419638165543397"	"0.169290915382284"	"0.190335593273063"	"0.124930214936347"	"0.0720411904471276"	"0.0105375445214628"	"0.0315970499677118"	"0.183127550566032"	"0.0276772720481423"	"0.113705513215938"	"0.247363666339635"	"0.283756644358885"	"0.758697668289844"	"0.00653060324341519"	"4.38056693016984e-09"
"bio10"	"0.298740437342336"	"0.0564283680189033"	"0.0685325092816737"	"0.273863791367053"	"0.00847988418343474"	"0.258901813770005"	"0.208545023986964"	"0.139075915335288"	"0.0582957029703365"	"0.0346540100121959"	"-0.10749204572682"	"0.0732275356240748"	"0.00657336641436924"	"0.0748625131187868"	"0.194529147902322"	"0.247927822959189"	"-0.500102046351762"	"-0.566887252139428"	"-1.0447412982348e-08"
"bio11"	"0.239777914365284"	"0.28284336916121"	"0.133575696659983"	"-0.0112804610609705"	"0.0552525103972013"	"0.0810542267486708"	"0.127277193685968"	"0.0458278206200729"	"0.127391269307424"	"-0.0413695344432945"	"0.240079205087317"	"0.140450929694483"	"-0.0757789641422271"	"0.204124161612596"	"0.0883540048231794"	"0.114380759297836"	"-0.398992143391265"	"0.702720754106719"	"5.87420916248485e-09"
"bio12"	"-0.270007131690362"	"0.214656817917694"	"0.00393390149206479"	"0.218216032398012"	"-0.0180226206853759"	"0.0241662131964468"	"-0.0794132372452163"	"-0.108709655851105"	"0.253422673274697"	"-0.0083677196718106"	"0.0679372405799507"	"-0.490405252535333"	"-0.465099347990518"	"-0.00438342607651875"	"-0.225132117513954"	"0.485596257848373"	"0.0420547911733547"	"-0.0187761803071968"	"1.55753820396903e-09"
"bio13"	"-0.239547651036402"	"0.238332891899911"	"-0.1902996873048"	"0.232087983089844"	"0.169905384028464"	"0.0196323609773132"	"0.0321970559610038"	"-0.153340712499142"	"0.28786924726995"	"-0.444538719231781"	"-0.299227444930401"	"0.23066961887566"	"0.429345221445926"	"0.21207412556892"	"-0.297581245652055"	"0.0276698467741421"	"-0.00369684759653258"	"0.00753040000733535"	"1.96267622864885e-10"
"bio14"	"-0.273243601778131"	"0.12667989488851"	"0.271461706277087"	"0.232495529169258"	"-0.109907835053649"	"-0.00595931714270272"	"0.12514333608755"	"0.17749440742469"	"-0.48523106011029"	"-0.280421817940835"	"0.188002584054521"	"0.395832499829956"	"-0.165939461817721"	"-0.355296670345588"	"-0.228380926428031"	"0.0969555416401241"	"-0.0229122717927351"	"-0.0171872451618863"	"3.51490651033517e-09"
"bio15"	"0.0473048539514277"	"0.158153181278781"	"-0.654610968851111"	"-0.0389151890755439"	"0.471637675832102"	"0.00162038810667897"	"0.229927638047949"	"0.0808777282968484"	"-0.464522620573458"	"-0.00385086972146222"	"0.104697178931874"	"-0.13950022667112"	"-0.0859395959005656"	"0.0635170359803692"	"-0.00104150225948577"	"0.0568026344383692"	"0.00129172029349331"	"-0.00018351577853138"	"-3.4593140820395e-10"
"bio16"	"-0.247876944696566"	"0.239016530337825"	"-0.157667112911287"	"0.213996276312876"	"0.150278068294368"	"0.0272709240675546"	"0.0035481467213528"	"-0.0749821209789722"	"0.300849995410841"	"-0.0179946262704287"	"-0.0506604825519393"	"0.134939101529814"	"-0.276243774793012"	"-0.387514183002903"	"0.549578555973296"	"-0.375955365846194"	"-0.0130446762309181"	"0.0132686805021394"	"-2.13707678243831e-10"
"bio17"	"-0.273432782237037"	"0.135600588428804"	"0.257012729983042"	"0.231349245452664"	"-0.149398419981791"	"-0.0119191774790829"	"0.0437017957091699"	"0.0659829354893523"	"-0.360318728005896"	"-0.172727983865901"	"-0.0630883211486892"	"-0.431485109798149"	"0.15098567754135"	"0.439574911539444"	"0.379629339954874"	"-0.217339860176197"	"0.00468234604682351"	"0.0363262555065738"	"-4.03107331602143e-09"
"bio18"	"-0.295129388881182"	"-0.00900972867982373"	"0.202751071847223"	"0.12473314326984"	"0.170743172538884"	"-0.163991622957538"	"0.556356901867772"	"-0.278189845921072"	"0.0296774600848892"	"0.605723089906766"	"0.0308643603133702"	"0.0879966666929185"	"0.124101553733931"	"0.0748532523618986"	"-0.121163566027468"	"-0.0310887063925279"	"-0.00728850814581303"	"0.000598579396485791"	"-8.50710257912578e-10"
"bio19"	"-0.186477817851192"	"0.310282479708859"	"-0.170301853875667"	"0.185359522975709"	"-0.11206440132142"	"0.233899021101474"	"-0.506375064501507"	"0.286912300861767"	"-0.0420804263667632"	"0.5181616024014"	"0.188395226000479"	"0.138191944985415"	"0.244886317683602"	"0.0811304148335509"	"-0.0869110722586837"	"-0.0176951802962515"	"-0.0106412352525522"	"-0.014319556353627"	"-3.0413005679036e-10"
"bio2"	"0.256594077334588"	"0.0196471661122209"	"-0.0909711479978269"	"0.38346046558379"	"-0.0732115567107865"	"-0.614933522465681"	"-0.0635151754619276"	"-0.0487214797736304"	"0.0466419244569937"	"-0.0418262738277117"	"0.326943709976135"	"-0.169478078814161"	"0.37613488215901"	"-0.2757614218924"	"0.109051797412678"	"0.137607495015467"	"-0.0255814045058377"	"0.000639438676776988"	"1.06712488663825e-09"
"bio3"	"0.183267137012725"	"0.314895691552949"	"0.0910226676522823"	"0.00588191366716917"	"0.0408999785941444"	"-0.545283190712613"	"-0.171489496051162"	"0.149249599205909"	"-0.12692050618822"	"0.171708714961045"	"-0.572886482325998"	"0.157007838368481"	"-0.293095817940841"	"0.140905621796027"	"-0.0613309350824585"	"-0.00530068323950164"	"-0.0158218931527138"	"-0.000966456557066453"	"-3.85638030185161e-10"
"bio4"	"-0.0153496065387974"	"-0.388449382993793"	"-0.14047146356754"	"0.34921150449343"	"-0.0853891012335566"	"0.209988115469545"	"0.032273766601913"	"0.0997795768760096"	"-0.137965981990381"	"0.142936034679499"	"-0.515601637643246"	"-0.0956979408457947"	"0.111816167820934"	"-0.280397621597992"	"0.0716608221414931"	"0.227743400306295"	"-0.0246930783406864"	"0.426146061731597"	"7.10403089328596e-09"
"bio5"	"0.300118587867834"	"0.0205031911352871"	"0.0171017074790767"	"0.328001559181898"	"-0.0185065552994447"	"0.128017740021501"	"0.120892454771413"	"0.115426415281098"	"0.0717556496635429"	"0.006288670979317"	"0.0266802406058182"	"-0.17533096870446"	"-0.12902087151965"	"-0.0125132988355734"	"-0.370886109367707"	"-0.471276815529951"	"0.0829352363087524"	"0.0220646997138376"	"-0.580081084034859"
"bio6"	"0.214379744311579"	"0.307406205215952"	"0.173376939417195"	"-0.0419552276809537"	"0.0773898073015487"	"0.171152739880116"	"0.124006289572618"	"0.113854867120826"	"0.0175549737412215"	"0.0197127384425748"	"-0.108129774207696"	"-0.32094139355845"	"0.144209475837156"	"-0.311001721401809"	"-0.250129043917869"	"-0.25999684188839"	"0.0329343407942423"	"0.0112027300919053"	"0.632310292004721"
"bio7"	"0.0750497730309843"	"-0.355365217485016"	"-0.194169912547526"	"0.422187318088694"	"-0.116200270143831"	"-0.0661353332643341"	"-0.0161303035562008"	"-0.00980497582490706"	"0.05944201941891"	"-0.017169433623855"	"0.163285487978193"	"0.197131351583632"	"-0.323321087224387"	"0.368818335361654"	"-0.110971855023195"	"-0.212227001024126"	"0.0531334981958245"	"0.0111307118224667"	"0.513507186483158"
"bio8"	"0.0743703278532015"	"-0.202908778982042"	"0.392691150446038"	"0.191071836392164"	"0.736013872112347"	"0.0791985657406823"	"-0.417001013141307"	"-0.163580659587443"	"-0.103236443655044"	"-0.0115630061231343"	"0.0534657040166036"	"-0.00373284220714552"	"0.00267682127386241"	"0.00694292950847313"	"0.0106842871825173"	"0.0105528275203065"	"4.96798750771361e-05"	"-0.000339469076237168"	"-6.65646128479595e-10"
"bio9"	"0.248700797815652"	"0.230722856476786"	"-0.0737984648347521"	"0.0828216206136718"	"-0.262507376494419"	"0.195819301825823"	"-0.147353393231149"	"-0.795074232238026"	"-0.311290953749755"	"0.0506889706007615"	"-0.0591379111841737"	"0.0717377416533254"	"-0.0390173243989054"	"-0.0384876238612316"	"0.00608478478550815"	"-0.0139006764273314"	"0.0106356858399245"	"-0.00598478930868554"	"-1.26904780080897e-09"
