ENMTML/All_vars/Predictors/EUR_CliMond/bio1.asc
NCOLS 411 
NROWS 214 
XLLCORNER -11.5 
YLLCORNER 35.666666666112 
CELLSIZE 0.166666666666667 
NODATA_value -3.4e+38 
[rows 42 to 62 of 214, columns 282 to 328 of 411]
1.33035004138947 1.36368298530579 1.48468399047852 -3.4e+38 -3.4e+38 -3.4e+38 -3.4e+38 -3.4e+38 -3.4e+38 -3.4e+38 -3.4e+38 -3.4e+38 -3.4e+38 -3.4e+38 1.54962301254272 1.29141294956207 0.945907711982727 0.85001540184021 0.850331723690033 0.83352118730545 0.808648586273193 0.725540578365326 0.646292686462402 0.733947277069092 0.892563581466675 0.934125900268555 0.963580191135406 0.959531307220459 0.818015277385712 0.705827116966248 0.680927574634552 0.743196606636047 0.805826902389526 0.813712298870087 0.809085190296173 0.816898107528687 0.912857413291931 0.908194899559021 0.787367522716522 0.628603994846344 0.615925371646881 0.62416672706604 0.62402731180191 0.619620621204376 0.553126275539398 0.457199990749359 0.39452588558197
1.37230694293976 1.43911695480347 1.50159704685211 1.53930103778839 1.63102996349335 -3.4e+38 -3.4e+38 -3.4e+38 -3.4e+38 -3.4e+38 -3.4e+38 -3.4e+38 -3.4e+38 -3.4e+38 -3.4e+38 1.39602601528168 1.09212505817413 0.97129100561142 0.84213787317276 0.746525526046753 0.642550528049469 0.592357993125916 0.575863122940063 0.505220293998718 0.713622510433197 0.901211500167847 0.847197771072388 0.85131162405014 0.847335577011108 0.618517279624939 0.581027626991272 0.718281507492065 0.776703178882599 0.85131698846817 0.880223572254181 0.875658214092255 0.862970590591431 0.879399120807648 0.833312809467316 0.816419422626495 0.766357123851776 0.666275322437286 0.549594581127167 0.486972689628601 0.291135191917419 0.245308995246887 0.295004308223724
1.25608897209167 1.32267200946808 1.48951697349548 1.57709300518036 1.60647702217102 1.66480004787445 1.63162004947662 1.71939301490784 1.74882197380066 1.67420899868011 -3.4e+38 -3.4e+38 -3.4e+38 1.70040094852448 1.67975902557373 1.63817596435547 1.4466780424118 1.35491704940796 1.25508904457092 0.967746675014496 0.792705118656158 0.880328178405762 0.980458796024323 1.00956499576569 1.05136394500732 1.06804800033569 1.05586695671082 1.03905403614044 1.02263605594635 0.976908981800079 0.860178470611572 0.856086194515228 0.918480277061462 0.859837293624878 0.888844311237335 0.921840906143188 0.938295185565948 0.950643479824066 0.904618680477142 0.775153398513794 0.708419680595398 0.612539887428284 0.525048315525055 0.532996416091919 0.495588511228561 0.445465087890625 0.474594414234161
1.11865103244781 1.10618305206299 1.34395098686218 1.37748205661774 1.35663199424744 1.36529099941254 1.39867496490479 1.47813105583191 1.66160094738007 1.57867503166199 1.61221194267273 1.61640703678131 1.62518703937531 1.61714899539948 1.57570803165436 1.53852903842926 1.53858494758606 1.56352496147156 1.60524296760559 1.50516605377197 1.41357898712158 1.46803498268127 1.4641170501709 1.38065803050995 1.33072698116302 1.28092002868652 1.15198302268982 1.10580897331238 1.07270705699921 1.08121299743652 1.0686160326004 1.03527200222015 1.05603194236755 0.985073387622833 1.00146794319153 1.05539703369141 1.01365494728088 0.94246917963028 0.963171124458313 0.9504634141922 0.916936278343201 0.845898509025574 0.775250792503357 0.695968508720398 0.637619078159332 0.554155886173248 0.358363687992096
1.039705991745 1.02355003356934 1.07763803005219 1.33612298965454 1.15292501449585 0.832486271858215 1.00330400466919 1.1367369890213 1.32449805736542 1.42061996459961 1.46668696403503 1.46255803108215 1.48782896995544 1.49223899841309 1.53826403617859 1.53016996383667 1.59707605838776 1.66801297664642 1.65960502624512 1.66791605949402 1.63897705078125 1.60172295570374 1.50159895420074 1.35996198654175 1.17261302471161 1.03112399578094 0.985220372676849 1.01870405673981 1.03555703163147 1.0893839597702 1.11440002918243 1.08096694946289 1.14786100387573 1.09756505489349 1.12229299545288 1.11403095722198 1.11384296417236 1.15925204753876 1.14242494106293 0.988024771213531 0.996379792690277 0.879769682884216 0.725396990776062 0.625396907329559 0.454468607902527 0.408697009086609 0.221158996224403
1.32339704036713 1.12765300273895 1.05293202400208 1.03635597229004 0.978100895881653 1.00747394561768 0.986792385578156 0.853958785533905 0.745778918266296 0.700095891952515 0.871191620826721 1.02957594394684 1.18423402309418 1.27994000911713 1.40517604351044 1.48460805416107 1.57626402378082 1.59707903862 1.6931209564209 1.72663700580597 1.70991694927216 1.68915104866028 1.51023495197296 1.19755601882935 0.964538991451263 0.939509987831116 0.968849718570709 0.956319987773895 0.943711996078491 1.01031100749969 1.1061919927597 1.12714695930481 1.1976979970932 1.19762897491455 1.23082196712494 1.23891401290894 1.25134599208832 1.27612698078156 1.25095498561859 1.10074198246002 1.0466400384903 0.746697187423706 0.563211917877197 0.475635796785355 0.417301297187805 0.471480906009674 0.542321085929871
1.31089198589325 1.26105797290802 1.2487930059433 1.1031049489975 1.06995701789856 1.0411479473114 1.10365796089172 1.06238305568695 0.97508430480957 0.954416573047638 0.925410211086273 0.883779585361481 0.959306418895721 0.992849886417389 1.12626099586487 1.3095920085907 1.31391596794128 1.31405401229858 1.40155005455017 1.6351820230484 1.71412003040314 1.78518295288086 1.61427104473114 1.23953294754028 0.968792498111725 0.977040112018585 1.01043403148651 0.94801789522171 0.889865517616272 0.931289613246918 1.05630397796631 1.15202796459198 1.20631194114685 1.23510205745697 1.29332196712494 1.29325997829437 1.25977003574371 1.28873896598816 1.28455102443695 1.19694697856903 1.13014304637909 1.00929403305054 0.621815919876099 0.53007572889328 0.638358116149902 0.655064105987549 0.57599002122879
1.51109504699707 1.40298295021057 1.22803902626038 1.29914700984955 1.22432196140289 1.17040205001831 1.1872810125351 1.25015604496002 1.2627010345459 1.17977797985077 1.15487194061279 1.0509330034256 1.06788396835327 1.24295902252197 1.37213099002838 1.30573701858521 1.20159602165222 1.06858098506927 1.09761202335358 1.1394180059433 1.39791095256805 1.69775104522705 1.73529303073883 1.49777698516846 1.24368894100189 1.10622096061707 1.18128097057343 1.19408297538757 1.18557596206665 1.15633404254913 1.17711400985718 1.21873199939728 1.24773597717285 1.23523998260498 1.28524005413055 1.31441497802734 1.29351103305817 1.29306602478027 1.2929060459137 1.27611804008484 1.23435497283936 1.19698703289032 1.13034999370575 0.892703711986542 0.813503801822662 0.784388422966003 0.675990402698517
1.48211705684662 1.55711901187897 1.51996195316315 1.51168894767761 1.43687295913696 1.34965705871582 1.31239700317383 1.3085550069809 1.35450804233551 1.30893099308014 1.15496695041656 1.18862199783325 1.18446505069733 1.20969295501709 1.33502304553986 1.25574803352356 1.26839697360992 1.15604901313782 1.14788103103638 1.06866204738617 1.01873695850372 1.20638000965118 1.41049695014954 1.55199897289276 1.53129303455353 1.46052300930023 1.41899001598358 1.39390599727631 1.36057794094086 1.25651597976685 1.21058201789856 1.21875596046448 1.25200200080872 1.33543002605438 1.34362602233887 1.30181801319122 1.17674195766449 1.19330096244812 1.2388459444046 1.28872799873352 1.30120694637299 1.32624495029449 1.3679610490799 1.34719097614288 1.27193295955658 1.16776502132416 0.963624775409698
1.7320499420166 1.64483797550201 1.40776598453522 1.46626496315002 1.52472102642059 1.49979197978973 1.49184000492096 1.45452296733856 1.48808097839355 1.354936003685 1.26756405830383 1.26777398586273 1.26818001270294 1.26821100711823 1.37250304222107 1.35592103004456 1.35611402988434 1.35203802585602 1.3354640007019 1.31451797485352 1.28121900558472 1.35639500617981 1.37720704078674 1.42727994918823 1.46476304531097 1.54811000823975 1.54392397403717 1.41886305809021 1.27723395824432 1.22715103626251 1.21468698978424 1.10206401348114 1.11041498184204 1.1687159538269 1.28927302360535 1.36034798622131 1.30579602718353 1.26409602165222 1.18068099021912 1.16827797889709 1.23469996452332 1.30983901023865 1.39732694625854 1.43042600154877 1.38463699817657 1.3343540430069 1.30545604228973
2.2114999294281 2.09916090965271 1.81607604026794 1.63306498527527 1.60810899734497 1.52911305427551 1.55030798912048 1.50059497356415 1.52568805217743 1.48432004451752 1.45923399925232 1.47220003604889 1.54314601421356 1.56012105941772 1.51413798332214 1.57693994045258 1.44371998310089 1.372918009758 1.47298002243042 1.5354939699173 1.48147404193878 1.53541600704193 1.53129804134369 1.62314200401306 1.70221102237701 1.6895090341568 1.6397739648819 1.4315789937973 1.2398589849472 1.09800803661346 1.0686000585556 0.968694627285004 1.06037104129791 1.13960897922516 1.1311559677124 1.21437299251556 1.2685489654541 1.23107099533081 1.21427202224731 1.19748294353485 1.23899900913239 1.25994002819061 1.29717004299164 1.33480596542358 1.35957098007202 1.27209305763245 1.27643096446991
2.34493899345398 2.35345506668091 2.22025990486145 1.98296999931335 1.90836703777313 1.70024394989014 1.64218699932098 1.70479500293732 1.80475199222565 1.60524594783783 1.58040702342987 1.65974998474121 1.70558500289917 1.7391459941864 1.7185560464859 1.74362003803253 1.80187094211578 1.62703800201416 1.52296304702759 1.40217900276184 1.34808504581451 1.44818496704102 1.45656299591064 1.62728202342987 1.74821197986603 1.78570699691772 1.7562689781189 1.67301201820374 1.43948698043823 1.22312498092651 1.11898100376129 1.16053700447083 1.08557605743408 0.99800431728363 1.0144749879837 1.05603098869324 1.12684297561646 1.16009104251862 1.18087494373322 1.19327104091644 1.28487396240234 1.33047997951508 1.34302699565887 1.35146701335907 1.39738404750824 1.40152704715729 1.39724600315094
2.39910006523132 2.42017006874084 2.10794997215271 1.97485303878784 1.89185500144958 1.77545094490051 1.7173570394516 1.83833503723145 1.86765098571777 1.68850004673004 1.72207403182983 1.84723603725433 1.87664496898651 1.86850798130035 1.81436395645142 1.78945696353912 1.75621104240417 1.6063220500946 1.42714595794678 1.41903805732727 1.46489894390106 1.55244898796082 1.54815804958344 1.67735600471497 1.70227098464966 1.8191169500351 1.82727205753326 1.7855019569397 1.76042699813843 1.68119502067566 1.50624799728394 1.39384698867798 1.21037995815277 0.947786509990692 0.889514982700348 0.889357089996338 0.843572795391083 0.897596776485443 1.08931398391724 1.19757604598999 1.33482098579407 1.41816604137421 1.44305503368378 1.43894004821777 1.50163400173187 1.44324004650116 1.42672002315521
2.52830195426941 2.41191911697388 2.19980907440186 2.22502398490906 2.07099199295044 2.05051398277283 1.93402504920959 1.64666497707367 1.58029198646545 1.6846159696579 1.75139498710632 1.9183349609375 1.91410994529724 1.91852104663849 1.70622205734253 1.77283000946045 1.83949196338654 1.68147194385529 1.65222799777985 1.72739994525909 1.77719902992249 1.80236804485321 1.71467804908752 1.69814097881317 1.69813704490662 1.74833405017853 1.69405102729797 1.61052703857422 1.66052997112274 1.75634801387787 1.72706699371338 1.62711203098297 1.39359605312347 1.17707300186157 1.00625598430634 0.814537227153778 0.889532923698425 0.86871749162674 1.0809520483017 1.09346604347229 1.21823394298553 1.44745099544525 1.50568997859955 1.54756200313568 1.55165898799896 1.41420996189117 1.40989995002747
2.61182308197021 2.61627006530762 2.45820903778076 2.51666903495789 2.45029306411743 2.4088089466095 2.12162399291992 1.98445498943329 2.11791491508484 2.2136549949646 2.07230305671692 1.97660398483276 1.80182802677155 1.76433300971985 1.62287497520447 1.6479309797287 1.66041004657745 1.58125197887421 1.59802198410034 1.76908600330353 1.8440910577774 1.84825599193573 1.73169898986816 1.6316169500351 1.62321901321411 1.5983020067215 1.47317802906036 1.33982503414154 1.30640995502472 1.47302496433258 1.7311680316925 1.76880705356598 1.64362096786499 1.46448004245758 1.24789202213287 1.03133296966553 0.881242215633392 0.947724103927612 1.02709996700287 1.16020202636719 1.34750401973724 1.53917896747589 1.58092999458313 1.56001102924347 1.50152504444122 1.46006500720978 1.3016209602356
2.70359301567078 2.69545006752014 2.69574904441833 2.63779997825623 2.5588800907135 2.47157597541809 2.45928001403809 2.35958504676819 2.21810698509216 2.20982193946838 2.01834297180176 1.8518660068512 1.93940699100494 1.9145359992981 1.68554699420929 1.79388201236725 1.66073000431061 1.67318201065063 1.68579602241516 1.77745199203491 1.81914305686951 1.87326896190643 1.88588094711304 1.82324695587158 1.77313697338104 1.65643799304962 1.52720296382904 1.26470696926117 1.14375102519989 1.36031496524811 1.61467504501343 1.75617003440857 1.81459605693817 1.66449701786041 1.56449997425079 1.21861600875854 1.06433999538422 1.06444895267487 1.16846704483032 1.31431496143341 1.6682790517807 1.69746696949005 1.67265105247498 1.57261800765991 1.48083198070526 1.26415002346039 0.964191973209381
2.77858901023865 2.79136490821838 2.78757095336914 2.78372192382812 2.72154092788696 2.60086393356323 2.41782903671265 2.29313206672668 2.17228293418884 1.87678599357605 1.55608403682709 1.53120696544647 1.68131196498871 1.71884095668793 1.76059699058533 1.78135895729065 1.8274199962616 1.82327699661255 1.81503295898438 1.81927502155304 1.89000201225281 1.93601500988007 1.91517102718353 1.9482090473175 1.89836299419403 1.71902894973755 1.71885299682617 1.56048405170441 1.48539197444916 1.42294001579285 1.3727970123291 1.36453998088837 1.63121497631073 1.44366002082825 1.57275295257568 1.38945698738098 1.28947603702545 1.21863496303558 1.26433002948761 1.53100097179413 1.81019604206085 1.82662999629974 1.83924603462219 1.63924896717072 1.34765303134918 0.993490695953369 0.851884603500366
2.88297009468079 2.87902092933655 2.88349604606628 2.8629629611969 2.85487508773804 2.79676508903503 2.57621192932129 2.29313993453979 1.91411197185516 1.6142350435257 1.54756295681 1.57698905467987 1.63125801086426 1.5771290063858 1.74381697177887 1.89812803268433 1.91908097267151 1.91921496391296 2.00671100616455 2.05677390098572 1.99025595188141 1.90261697769165 1.90248000621796 1.83596694469452 1.86078703403473 1.87322700023651 1.86465895175934 1.78541994094849 1.67299997806549 1.46885895729065 1.39379596710205 1.422935962677 1.38129699230194 1.33955705165863 1.35207796096802 1.28953802585602 1.32690894603729 1.405876994133 1.41425502300262 1.69327902793884 1.84761595726013 1.84340500831604 1.79333198070526 1.69334602355957 1.37679505348206 1.08100199699402 1.06859397888184
2.86207604408264 2.95829010009766 2.95850896835327 2.95894193649292 2.9509539604187 2.89713311195374 2.80549597740173 2.38909411430359 1.87273705005646 1.78943204879761 1.8729339838028 1.81467401981354 1.77311205863953 1.76486897468567 1.73173594474792 1.93165600299835 1.99426198005676 2.00266289710999 2.07328200340271 2.15261697769165 2.01080989837646 1.97753596305847 1.7983900308609 1.5235710144043 1.63176894187927 1.72340703010559 1.8857079744339 1.92332100868225 1.88984096050262 1.67326295375824 1.56898605823517 1.54806399345398 1.4772390127182 1.46881699562073 1.51453995704651 1.54357600212097 1.6100389957428 1.56003701686859 1.52253699302673 1.65985000133514 1.81819999217987 1.83904802799225 1.72659194469452 1.7474319934845 1.70171105861664 1.44330596923828 1.3476699590683
2.92883610725403 3.02507901191711 3.04208493232727 2.99647808074951 2.9802930355072 2.87651896476746 2.69326090812683 2.48914790153503 2.23515605926514 2.06028699874878 1.98954105377197 1.9645459651947 2.04389190673828 1.9358719587326 1.76081097126007 1.89838695526123 1.96512699127197 1.98585402965546 2.08993196487427 2.07347202301025 2.02780103683472 2.02788710594177 1.87370598316193 1.79439103603363 1.7900710105896 1.90257096290588 1.92335498332977 1.8148889541626 1.72318398952484 1.65644204616547 1.67736494541168 1.66478097438812 1.69393002986908 1.65216898918152 1.67296898365021 1.65604901313782 1.61846005916595 1.63512802124023 1.80565202236176 1.8806699514389 1.85985004901886 1.81814694404602 1.78053498268127 1.73893296718597 1.80144202709198 1.77640402317047 1.73927402496338
3.08324098587036 3.08746790885925 3.07963395118713 2.80077004432678 2.4262580871582 2.5638370513916 2.60148310661316 2.43902492523193 2.39338898658752 2.27686405181885 2.15611910820007 2.11473488807678 2.06481409072876 2.06492900848389 2.00241994857788 1.93583297729492 1.92769598960876 2.01095294952393 2.10273289680481 2.12778806686401 2.11544990539551 2.06943202018738 1.99440598487854 1.89856803417206 1.91516304016113 1.78183698654175 1.69033002853394 1.71096801757812 1.63585603237152 1.6815619468689 1.69814395904541 1.66894197463989 1.72732198238373 1.6563309431076 1.53553199768066 1.4896240234375 1.61014199256897 1.77665901184082 1.59328699111938 1.9222149848938 1.90148103237152 1.90551102161407 1.84719705581665 1.75548303127289 1.82226204872131 1.78887605667114 1.61822199821472
