ENMTML/All_vars/Predictors/EUR_CliMond/bio1.asc
NCOLS 411 
NROWS 214 
XLLCORNER -11.5 
YLLCORNER 35.666666666112 
CELLSIZE 0.166666666666667 
NODATA_value -3.4e+38 
[rows 21 to 41 of 214, columns 282 to 328 of 411]
-0.790566921234131 -0.857338428497314 -0.845105826854706 -0.915890991687775 -0.878675878047943 -1.00776100158691 -0.978799521923065 -1.01185500621796 -1.09541594982147 -1.09561395645142 -1.13744497299194 -1.0457090139389 -0.962671875953674 -0.979291081428528 -0.975030303001404 -1.1125830411911 -1.02513897418976 -1.04622995853424 -0.879575371742249 -0.87972491979599 -0.984069883823395 -1.27994501590729 -1.26746904850006 -1.40515494346619 -1.32201302051544 -1.35130298137665 -1.1722639799118 -1.01002395153046 -0.743636786937714 -0.622771322727203 -0.298342496156693 -0.290039896965027 -0.323593109846115 -3.4e+38 -3.4e+38 -3.4e+38 -3.4e+38 -3.4e+38 -3.4e+38 -3.4e+38 -3.4e+38 -3.4e+38 -3.4e+38 -3.4e+38 -3.4e+38 -3.4e+38 -3.4e+38
-0.769256889820099 -0.669457614421844 -0.836256921291351 -0.644600093364716 -0.569828808307648 -0.515691995620728 -0.557418525218964 -0.874175071716309 -0.711657404899597 -0.816021621227264 -0.807662129402161 -0.836921870708466 -1.09938597679138 -1.04929494857788 -1.01606702804565 -1.04525804519653 -1.11210095882416 -0.987214326858521 -1.02890002727509 -0.995616018772125 -1.13334095478058 -1.37506604194641 -1.38775599002838 -1.37535905838013 -1.35443294048309 -1.27540504932404 -1.20910799503326 -1.12599301338196 -1.15098595619202 -0.988707780838013 -0.851606488227844 -0.810203611850739 -0.58539092540741 -3.4e+38 -3.4e+38 -3.4e+38 -3.4e+38 -3.4e+38 -3.4e+38 -3.4e+38 -3.4e+38 -3.4e+38 -3.4e+38 -3.4e+38 -3.4e+38 -3.4e+38 -3.4e+38
-0.856322586536407 -0.91475772857666 -0.698215484619141 -0.573394179344177 -0.460864692926407 -0.406936496496201 -0.386074811220169 -0.38623508810997 -0.382129609584808 -0.461411386728287 -0.373834013938904 -0.415430396795273 -0.507051110267639 -0.619606971740723 -0.640568315982819 -0.607211887836456 -0.757325112819672 -0.899107575416565 -0.828141212463379 -0.899164021015167 -1.11181902885437 -1.25358402729034 -1.11200094223022 -1.11611700057983 -1.13309502601624 -1.1165189743042 -1.14584803581238 -1.16254198551178 -1.13351500034332 -1.00065505504608 -0.871710896492004 -0.830109417438507 -0.672369778156281 -0.559797286987305 -3.4e+38 -3.4e+38 -3.4e+38 -3.4e+38 -3.4e+38 -3.4e+38 -3.4e+38 -3.4e+38 -3.4e+38 -3.4e+38 -3.4e+38 -3.4e+38 -3.4e+38
-0.501922488212585 -0.66454142332077 -0.593664109706879 -0.502403378486633 -0.468905389308929 -0.46075901389122 -0.452415585517883 -0.452335804700851 -0.43979799747467 -0.40226811170578 -0.289819300174713 -0.314922690391541 -0.335712492465973 -0.485665500164032 -0.544258594512939 -0.564907073974609 -0.677520275115967 -0.706573784351349 -0.661047875881195 -0.811163187026978 -0.8985875248909 -0.969582796096802 -0.990497887134552 -0.969711184501648 -0.819828927516937 -0.890896797180176 -0.924233973026276 -0.895160019397736 -0.991199612617493 -0.933097124099731 -0.941575884819031 -0.891981780529022 -0.725407421588898 -0.567294478416443 -0.367248207330704 -3.4e+38 -3.4e+38 -3.4e+38 -3.4e+38 -3.4e+38 -3.4e+38 -3.4e+38 -3.4e+38 -3.4e+38 -3.4e+38 -3.4e+38 -3.4e+38
0.0026265480555594 -0.143188193440437 -0.139317899942398 -0.247578993439674 -0.280943989753723 -0.335178792476654 -0.451680898666382 -0.44752249121666 -0.393347501754761 -0.351671099662781 -0.280993491411209 -0.301733404397964 -0.305891007184982 -0.285219013690948 -0.289391994476318 -0.464488804340363 -0.456096887588501 -0.589441180229187 -0.597788512706757 -0.772845387458801 -0.772818326950073 -0.702063977718353 -0.581261515617371 -0.727201998233795 -0.731717586517334 -0.727703511714935 -0.902516901493073 -0.777778625488281 -0.757258415222168 -0.744772374629974 -0.803273379802704 -0.778500020503998 -0.670524120330811 -0.599831879138947 -0.333523899316788 -3.4e+38 -3.4e+38 -3.4e+38 -3.4e+38 -3.4e+38 -3.4e+38 -3.4e+38 -3.4e+38 -3.4e+38 -3.4e+38 -3.4e+38 -3.4e+38
0.0487479493021965 0.152994707226753 0.202822595834732 -0.0179859194904566 -0.234484106302261 -0.188901394605637 -0.197260692715645 -0.222088396549225 -0.305422693490982 -0.334430396556854 -0.247063994407654 -0.242796093225479 -0.388852298259735 -0.36372110247612 -0.467640191316605 -0.526252090930939 -0.530477523803711 -0.626383781433105 -0.667962789535522 -0.617907822132111 -0.676329970359802 -0.726440727710724 -0.784701406955719 -0.818229377269745 -0.909982979297638 -0.843436717987061 -0.910232484340668 -0.893504977226257 -0.785376310348511 -0.873297989368439 -0.889873623847961 -0.781696915626526 -0.727918684482574 -0.507192075252533 -0.174155801534653 -3.4e+38 -3.4e+38 -3.4e+38 -3.4e+38 -3.4e+38 -3.4e+38 -3.4e+38 -3.4e+38 -3.4e+38 -3.4e+38 -3.4e+38 -3.4e+38
0.0242704506963491 0.140726804733276 0.261348187923431 0.161454305052757 -0.0175718609243631 -0.105023302137852 -0.0759247690439224 -0.0925066918134689 -0.130061000585556 -0.229977205395699 -0.288360089063644 -0.259004712104797 -0.313198685646057 -0.329794704914093 -0.271356195211411 -0.267206400632858 -0.379665613174438 -0.542279183864594 -0.600504279136658 -0.621428370475769 -0.654884994029999 -0.717308282852173 -0.712989807128906 -0.771521389484406 -0.863438725471497 -0.946700274944305 -0.917679607868195 -0.867739319801331 -0.817891716957092 -0.780521214008331 -0.730684220790863 -0.49347710609436 -0.231276005506516 -0.0568192712962627 -3.4e+38 -3.4e+38 -3.4e+38 -3.4e+38 -3.4e+38 -3.4e+38 -3.4e+38 -3.4e+38 0.0253798794001341 -3.4e+38 -3.4e+38 -3.4e+38 -3.4e+38
0.232831194996834 0.199553102254868 0.237004399299622 0.320284098386765 0.30780890583992 0.286857485771179 0.199359998106956 0.0246514994651079 -0.00898412521928549 -0.0879999026656151 -0.183603197336197 -0.133222207427025 -0.175282999873161 -0.345940887928009 -0.41231968998909 -0.345619112253189 -0.324874699115753 -0.345926702022552 -0.420796900987625 -0.53756457567215 -0.49993109703064 -0.579034626483917 -0.691547572612762 -0.666664302349091 -0.650184512138367 -0.758552670478821 -0.750274181365967 -0.662849485874176 -0.629808008670807 -0.367326706647873 -0.0841972678899765 0.111227698624134 -3.4e+38 -3.4e+38 -3.4e+38 -3.4e+38 -3.4e+38 -3.4e+38 -3.4e+38 -3.4e+38 -3.4e+38 -3.4e+38 -3.4e+38 -3.4e+38 -3.4e+38 -3.4e+38 -3.4e+38
0.512006819248199 0.449826002120972 0.408322393894196 0.404078006744385 0.32079228758812 0.362434804439545 0.408387303352356 0.412526786327362 0.400164395570755 0.241901203989983 0.05044149979949 0.00467805797234178 -0.0579229705035686 -0.11600100249052 -0.186845496296883 -0.186841502785683 -0.178496599197388 -0.224240005016327 -0.236891105771065 -0.420078098773956 -0.411669194698334 -0.390969514846802 -0.370109289884567 -0.378561407327652 -0.416005194187164 -0.357877612113953 -0.245412394404411 -0.124503798782825 0.0170477405190468 0.208260998129845 -3.4e+38 -3.4e+38 -3.4e+38 -3.4e+38 -3.4e+38 -3.4e+38 -3.4e+38 -3.4e+38 -3.4e+38 0.119229800999165 0.0688589289784431 0.0687777698040009 0.0940253064036369 0.0689605325460434 0.0191195998340845 -0.0393331907689571 -0.0312533415853977
-3.4e+38 -3.4e+38 -3.4e+38 -3.4e+38 -3.4e+38 0.575191676616669 0.579468905925751 0.787850618362427 0.692137598991394 0.584013223648071 0.488358706235886 0.350988298654556 0.209272295236588 0.197035998106003 0.130405202507973 0.038726169615984 0.00546041410416365 0.0220571607351303 -0.00293533597141504 0.0139013202860951 -0.00266810599714518 0.0847029983997345 0.0888438671827316 0.218006506562233 0.247146293520927 0.292688101530075 0.359143793582916 0.413379013538361 -3.4e+38 -3.4e+38 -3.4e+38 -3.4e+38 -3.4e+38 -3.4e+38 -3.4e+38 -3.4e+38 -3.4e+38 0.22480009496212 0.170121103525162 0.141104698181152 0.0865236222743988 0.0697673335671425 0.057189829647541 0.0155122503638268 0.0154860801994801 0.0156105300411582 0.00714773591607809
-3.4e+38 -3.4e+38 -3.4e+38 -3.4e+38 -3.4e+38 -3.4e+38 -3.4e+38 -3.4e+38 -3.4e+38 -3.4e+38 -3.4e+38 -3.4e+38 -3.4e+38 0.659846425056458 0.555854201316833 0.501725077629089 0.472537100315094 0.430937796831131 0.385222911834717 0.468530893325806 0.485262006521225 0.62248820066452 -3.4e+38 -3.4e+38 -3.4e+38 -3.4e+38 -3.4e+38 -3.4e+38 -3.4e+38 -3.4e+38 -3.4e+38 -3.4e+38 -3.4e+38 -3.4e+38 0.247427806258202 0.280137985944748 0.20872850716114 0.175560399889946 0.129604995250702 0.0794326066970825 0.0291992500424385 0.0622655600309372 0.062384620308876 0.070657916367054 0.0371447205543518 0.0288798995316029 0.0413559712469578
-3.4e+38 -3.4e+38 -3.4e+38 -3.4e+38 -3.4e+38 -3.4e+38 -3.4e+38 -3.4e+38 -3.4e+38 -3.4e+38 -3.4e+38 -3.4e+38 -3.4e+38 -3.4e+38 -3.4e+38 -3.4e+38 -3.4e+38 -3.4e+38 -3.4e+38 -3.4e+38 -3.4e+38 -3.4e+38 -3.4e+38 -3.4e+38 -3.4e+38 -3.4e+38 -3.4e+38 -3.4e+38 -3.4e+38 -3.4e+38 0.365253388881683 0.310848712921143 0.235461995005608 0.314520686864853 0.218636199831963 0.130827203392982 0.0767018496990204 0.180801406502724 0.230598106980324 0.0427146293222904 0.0300663206726313 0.000726028927601874 0.0131814200431108 0.0255981497466564 0.0463413596153259 0.0879574418067932 0.0838795602321625
-3.4e+38 -3.4e+38 -3.4e+38 -3.4e+38 -3.4e+38 -3.4e+38 -3.4e+38 -3.4e+38 -3.4e+38 -3.4e+38 -3.4e+38 -3.4e+38 -3.4e+38 -3.4e+38 -3.4e+38 -3.4e+38 -3.4e+38 -3.4e+38 -3.4e+38 -3.4e+38 -3.4e+38 -3.4e+38 -3.4e+38 -3.4e+38 -3.4e+38 -3.4e+38 -3.4e+38 -3.4e+38 0.374624013900757 0.295636385679245 0.31205940246582 0.124114796519279 0.0408035591244698 0.0988993495702744 0.111283801496029 0.152619898319244 0.114933401346207 0.181517899036407 0.214536800980568 0.0603739991784096 -0.0190268494188786 -0.185819298028946 -0.348458886146545 -0.315109103918076 -0.165314897894859 -0.0527795106172562 0.10969889909029
-3.4e+38 -3.4e+38 -3.4e+38 -3.4e+38 -3.4e+38 -3.4e+38 -3.4e+38 -3.4e+38 -3.4e+38 -3.4e+38 -3.4e+38 -3.4e+38 -3.4e+38 -3.4e+38 -3.4e+38 -3.4e+38 -3.4e+38 -3.4e+38 -3.4e+38 -3.4e+38 -3.4e+38 -3.4e+38 -3.4e+38 -3.4e+38 -3.4e+38 0.342269897460938 0.358707100152969 0.100262098014355 0.0921538025140762 0.233737707138062 0.108553901314735 -0.00826203729957342 -0.104063101112843 -0.112650096416473 -0.0752630829811096 0.0035061149392277 0.061644870787859 0.115782797336578 0.0989411026239395 -0.0514017306268215 -0.0556776896119118 -0.0681542307138443 -0.210121899843216 -0.256016403436661 -0.247775197029114 -0.226859197020531 0.0146966697648168
-3.4e+38 -3.4e+38 -3.4e+38 -3.4e+38 -3.4e+38 -3.4e+38 -3.4e+38 -3.4e+38 -3.4e+38 -3.4e+38 -3.4e+38 -3.4e+38 -3.4e+38 -3.4e+38 -3.4e+38 -3.4e+38 -3.4e+38 -3.4e+38 -3.4e+38 -3.4e+38 -3.4e+38 -3.4e+38 -3.4e+38 -3.4e+38 -3.4e+38 0.226165995001793 0.0218733791261911 0.0721035599708557 0.0886679664254189 -0.0320423990488052 -0.0279635805636644 -0.023897310718894 -0.103262402117252 -0.103476800024509 -0.141171500086784 -0.0331888496875763 0.033704049885273 0.116433598101139 0.0953581929206848 -0.0297033898532391 -0.18391740322113 -0.404964089393616 -0.334163308143616 -0.371955096721649 -0.351137906312943 -0.375977486371994 -0.205240696668625
-3.4e+38 -3.4e+38 -3.4e+38 -3.4e+38 -3.4e+38 -3.4e+38 -3.4e+38 -3.4e+38 -3.4e+38 -3.4e+38 -3.4e+38 -3.4e+38 -3.4e+38 -3.4e+38 -3.4e+38 -3.4e+38 -3.4e+38 -3.4e+38 -3.4e+38 -3.4e+38 -3.4e+38 -3.4e+38 -3.4e+38 -3.4e+38 -3.4e+38 -3.4e+38 0.564174294471741 0.401780098676682 0.260386288166046 0.156244292855263 0.0520378984510899 0.0352779291570187 0.0517559200525284 0.0431835502386093 -0.00275952904485166 -0.0612591281533241 -0.0490828081965446 0.0382082983851433 0.0796203166246414 -0.162068098783493 -0.245663300156593 -0.20837339758873 -0.246194407343864 -0.24604420363903 -0.22955410182476 -0.12958100438118 0.224530592560768
1.10341596603394 1.09912800788879 -3.4e+38 -3.4e+38 -3.4e+38 -3.4e+38 -3.4e+38 -3.4e+38 1.08769595623016 0.837757527828217 0.862936615943909 0.904891729354858 1.05920004844666 -3.4e+38 -3.4e+38 -3.4e+38 -3.4e+38 -3.4e+38 -3.4e+38 -3.4e+38 -3.4e+38 -3.4e+38 -3.4e+38 -3.4e+38 -3.4e+38 -3.4e+38 -3.4e+38 0.694084584712982 0.565203726291656 0.431928992271423 0.19457620382309 0.0318961106240749 0.0318000502884388 -0.026880020275712 -0.131138995289803 -0.102260798215866 -0.0483781807124615 0.101280398666859 0.126254200935364 0.0346523597836494 0.0342725403606892 0.00466253701597452 -0.0244815200567245 -0.016308980062604 0.171027004718781 0.24613930284977 0.275241911411285
-3.4e+38 -3.4e+38 -3.4e+38 -3.4e+38 -3.4e+38 -3.4e+38 1.19625902175903 1.14641499519348 0.996439218521118 0.871555984020233 0.813420712947845 0.734360814094543 0.809701025485992 1.08478200435638 1.23925495147705 -3.4e+38 -3.4e+38 -3.4e+38 -3.4e+38 -3.4e+38 -3.4e+38 -3.4e+38 -3.4e+38 -3.4e+38 -3.4e+38 -3.4e+38 -3.4e+38 -3.4e+38 -3.4e+38 0.720271229743958 0.557752728462219 0.428722202777863 0.324232906103134 0.178141295909882 0.0861836671829224 0.00270599010400474 -0.0641209110617638 0.0104346200823784 0.0102135604247451 -0.0233421195298433 0.0764297917485237 0.122090600430965 0.176126599311829 0.230271205306053 0.246871396899223 0.317556798458099 0.342434704303741
-3.4e+38 -3.4e+38 -3.4e+38 -3.4e+38 -3.4e+38 -3.4e+38 1.29240798950195 0.967615783214569 0.759455382823944 0.805459022521973 0.859700083732605 0.718455374240875 0.701803207397461 0.964453816413879 1.210608959198 1.34810900688171 1.3232090473175 1.29447495937347 1.22375297546387 1.18207705020905 1.16980302333832 -3.4e+38 -3.4e+38 -3.4e+38 -3.4e+38 -3.4e+38 -3.4e+38 -3.4e+38 0.85406881570816 0.8460453748703 0.725285708904266 0.67960798740387 0.600034773349762 0.470578789710999 0.42874950170517 0.286680608987808 0.198891595005989 0.135993301868439 0.110896803438663 0.0649257078766823 0.0978691428899765 0.181066796183586 0.214337199926376 0.201498404145241 0.0680696964263916 0.00999905820935965 0.293052285909653
-3.4e+38 -3.4e+38 -3.4e+38 -3.4e+38 -3.4e+38 -3.4e+38 -3.4e+38 -3.4e+38 0.993193387985229 0.730781078338623 0.839358985424042 0.860576689243317 0.902371883392334 1.281662940979 1.41941297054291 1.44022798538208 1.28204202651978 1.01978695392609 0.974097073078156 0.990901708602905 0.920423328876495 0.978573977947235 1.15372800827026 1.14960098266602 1.17086505889893 1.11689400672913 1.07519996166229 1.00438296794891 0.954673886299133 0.930019021034241 0.86359441280365 0.788374185562134 0.717342674732208 0.758794009685516 0.679211318492889 0.566487729549408 0.540948271751404 0.324115186929703 0.0823837518692017 0.0904857367277145 0.0860670804977417 0.169053092598915 0.248187899589539 0.164689302444458 0.12299469858408 0.122994996607304 0.210520893335342
-3.4e+38 -3.4e+38 -3.4e+38 -3.4e+38 -3.4e+38 -3.4e+38 -3.4e+38 -3.4e+38 -3.4e+38 1.23119401931763 1.15656697750092 1.12333405017853 1.41094899177551 1.46545398235321 1.44049298763275 1.38653802871704 0.941051125526428 0.770419776439667 0.866321623325348 0.820420622825623 0.808196425437927 0.795799911022186 0.870823681354523 0.925174415111542 1.04611802101135 1.10878396034241 1.0713859796524 1.01743197441101 0.963573276996613 0.85964047908783 0.843146622180939 0.843023478984833 0.855553388595581 0.779909074306488 0.654705584049225 0.612529218196869 0.587280511856079 0.620444715023041 0.53689032793045 0.36581289768219 0.319687604904175 0.340326696634293 0.394542992115021 0.415230989456177 0.435903489589691 0.49422150850296 0.527478396892548
