ENMTML/All_vars/Predictors/EUR_CliMond/bio1.asc
NCOLS 411 
NROWS 214 
XLLCORNER -11.5 
YLLCORNER 35.666666666112 
CELLSIZE 0.166666666666667 
NODATA_value -3.4e+38 
[rows 105 to 125 of 214, columns 235 to 281 of 411]
6.25080394744873 6.29262781143188 6.22597980499268 6.23876094818115 6.18875122070312 6.13458490371704 6.10984706878662 6.14751386642456 6.10198783874512 6.03958415985107 5.96057796478271 5.927405834198 5.92330312728882 5.88162994384766 5.86941623687744 5.93604421615601 5.86948108673096 5.86140298843384 5.88651895523071 5.85738182067871 5.85759401321411 5.80352020263672 5.82047605514526 5.8249888420105 5.85423898696899 5.76268815994263 5.70044898986816 5.60473489761353 5.5467791557312 5.51790904998779 5.44751119613647 5.26431894302368 5.33135080337524 5.24829912185669 5.08632516860962 5.13247919082642 5.1868839263916 5.09544801712036 5.06642389297485 4.99170303344727 4.99611186981201 4.97142887115479 5.0048999786377 4.99240589141846 4.95506286621094 5.10509014129639 4.95513582229614
6.3800220489502 6.39252901077271 6.36791801452637 6.33875703811646 6.31791496276855 6.2389931678772 6.20167303085327 6.2391791343689 6.20180606842041 6.15621089935303 6.08116006851196 6.02307176589966 6.02736616134644 5.99824619293213 6.03179979324341 6.06111717224121 6.02772617340088 5.99466419219971 5.97412300109863 6.01167488098145 5.97841787338257 5.95781707763672 5.96206998825073 5.93725204467773 5.88336801528931 5.8128662109375 5.72560214996338 5.64654397964478 5.64268207550049 5.63878202438354 5.5892162322998 5.53946495056152 5.3647141456604 5.24420690536499 5.17376708984375 5.23661422729492 5.27864980697632 5.07475185394287 5.01257276535034 4.95854711532593 5.0544900894165 5.04642581939697 4.97983503341675 5.0632758140564 5.04664707183838 5.14695119857788 5.00121784210205
6.4259181022644 6.45538377761841 6.42620801925659 6.40546703338623 6.37621116638184 6.32655715942383 6.31405687332153 6.29329299926758 6.27254676818848 6.26454210281372 6.16448783874512 6.0854549407959 6.10225296020508 6.13572788238525 6.10240507125854 6.13613510131836 6.11115884780884 6.1071400642395 6.08232021331787 6.0908350944519 6.12852621078491 6.05766010284424 6.01216602325439 5.94580411911011 5.89592504501343 5.91300582885742 5.85463905334473 5.82592821121216 5.81361484527588 5.7930121421814 5.72252798080444 5.65634489059448 5.53152990341187 5.40690279006958 5.30721616744995 5.24495601654053 5.25361585617065 5.23720407485962 5.1708550453186 5.09189701080322 5.13375997543335 5.07572221755981 5.13405799865723 5.18005084991455 5.20101404190063 5.13871192932129 5.12210702896118
6.4756498336792 6.45105600357056 6.48427486419678 6.47611808776855 6.44298791885376 6.41811800003052 6.39312219619751 6.35574293136597 6.37262392044067 6.30186796188354 6.25183200836182 6.24787521362305 6.25229215621948 6.25650405883789 6.19831514358521 6.21508121490479 6.19880819320679 6.1695761680603 6.16967487335205 6.20760297775269 6.13687086105347 6.09954595565796 6.09968280792236 6.09978199005127 6.08764505386353 6.09207677841187 6.02556896209717 5.97997093200684 5.90128421783447 5.88067293167114 5.82679176330566 5.68530797958374 5.58551502227783 5.53597402572632 5.4196400642395 5.37831020355225 5.32861423492432 5.24556398391724 5.18341016769409 5.22954511642456 5.35064792633057 5.25493621826172 5.24670076370239 5.23437404632568 5.20950317382812 5.17214488983154 5.20566892623901
6.60075283050537 6.51741886138916 6.55933284759521 6.52192401885986 6.48030614852905 6.48882913589478 6.46824312210083 6.4180588722229 6.42242288589478 6.42662906646729 6.38534688949585 6.39799308776855 6.37318181991577 6.36898183822632 6.36920309066772 6.33178997039795 6.24868488311768 6.25708484649658 6.27813816070557 6.33665180206299 6.20767116546631 6.22870016098022 6.27455186843872 6.26242589950562 6.22090482711792 6.1419677734375 6.06301879882812 6.04668283462524 5.9843602180481 5.94723606109619 5.80981492996216 5.76019191741943 5.63974380493164 5.63176107406616 5.59872484207153 5.59911203384399 5.45371294021606 5.34562492370605 5.4627947807312 5.44221782684326 5.39636993408203 5.34255313873291 5.29691314697266 5.25954389572144 5.2512731552124 5.16796112060547 5.19317007064819
6.66316413879395 6.67168712615967 6.66350412368774 6.55940294265747 6.57612180709839 6.58465576171875 6.57239007949829 6.54319620132446 6.49336099624634 6.50993776321411 6.51011276245117 6.48933601379395 6.45636796951294 6.45648193359375 6.46063995361328 6.44021797180176 6.41110801696777 6.38210487365723 6.38229322433472 6.43659782409668 6.3575291633606 6.3452091217041 6.39133596420288 6.34992599487305 6.28751182556152 6.2879319190979 6.24217319488525 6.15083312988281 6.06781816482544 5.92643690109253 5.85560083389282 5.76868486404419 5.72717905044556 5.78171110153198 5.81138706207275 5.71155500411987 5.58279514312744 5.53732299804688 5.61689805984497 5.43385791778564 5.38824081420898 5.37576723098755 5.39672708511353 5.34269523620605 5.33042001724243 5.28884983062744 5.30572700500488
6.77570390701294 6.80086278915405 6.80100297927856 6.77612209320068 6.72210216522217 6.70561599731445 6.69295501708984 6.64327716827393 6.59729623794556 6.58515596389771 6.58514213562012 6.55594110488892 6.53948307037354 6.54813623428345 6.5729341506958 6.53162908554077 6.50689697265625 6.49034595489502 6.48231077194214 6.56149911880493 6.52424001693726 6.49947881698608 6.49133920669556 6.44585800170898 6.41273880004883 6.39224004745483 6.28392887115479 6.1967339515686 6.13447904586792 6.02624988555908 5.90588617324829 5.85601902008057 5.88961982727051 5.95661783218384 5.90709495544434 5.75335693359375 5.69529819488525 5.66217994689941 5.75851106643677 5.61691522598267 5.60065889358521 5.49665307998657 5.46765184402466 5.34270906448364 5.42200994491577 5.2888708114624 5.35157299041748
6.86314582824707 6.8341908454895 6.82175397872925 6.82619094848633 6.83869218826294 6.79714488983154 6.76805782318115 6.74303483963013 6.7015209197998 6.65997314453125 6.66005802154541 6.65183877944946 6.64360618591309 6.63127183914185 6.64381790161133 6.66461706161499 6.60655689239502 6.62359189987183 6.63629913330078 6.61564207077026 6.63250684738159 6.61600589752197 6.57871103286743 6.56651878356934 6.51675891876221 6.39610385894775 6.28805923461914 6.22177219390869 6.20541477203369 6.16387319564819 6.1098780632019 6.11858892440796 6.10641384124756 6.15654993057251 5.97775411605835 5.89489078521729 5.9326319694519 5.91638898849487 5.81236219406128 5.68360376358032 5.6172308921814 5.61715412139893 5.57162380218506 5.4926118850708 5.45531892776489 5.40152311325073 5.43494319915771
6.9464430809021 6.93832588195801 6.88843393325806 6.83025407791138 6.83851289749146 6.84689283370972 6.85961723327637 6.86803007125854 6.80559301376343 6.79733610153198 6.72670888900757 6.71024799346924 6.72703886032104 6.66875219345093 6.63961410522461 6.69808578491211 6.79409313201904 6.73189115524292 6.71552801132202 6.74892711639404 6.7656512260437 6.71997499465942 6.71200799942017 6.64970016479492 6.54166793823242 6.47105598449707 6.33382701873779 6.3799262046814 6.40093612670898 6.33871793746948 6.2182731628418 6.20596599578857 6.16463184356689 6.23586320877075 6.21932411193848 6.16141605377197 6.08692502975464 6.04543399810791 5.94562387466431 5.9001932144165 5.82951498031616 5.71715497970581 5.64644718170166 5.64684820175171 5.53033781051636 5.45966577529907 5.50162506103516
6.99229001998901 6.99240589141846 6.95490884780884 6.94268083572388 6.97605323791504 6.95529794692993 6.98050308227539 6.9763069152832 6.93897199630737 6.90556001663208 6.84732389450073 6.79345178604126 6.78084182739258 6.79773998260498 6.81439304351807 6.87303590774536 6.84392976760864 6.90676689147949 6.88201522827148 6.89476919174194 6.79485321044922 6.74496984481812 6.7202582359314 6.70818185806274 6.69165515899658 6.687744140625 6.60457897186279 6.5173511505127 6.58007097244263 6.46791791915894 6.40149116516113 6.33919477462769 6.24799919128418 6.2775411605835 6.39028120040894 6.28222417831421 6.14919090270996 6.04123592376709 5.96636390686035 5.97511196136475 5.91300010681152 5.82550811767578 5.77567386627197 5.67171382904053 5.65099477767944 5.72224617004395 5.81414985656738
7.11323118209839 7.10069179534912 7.10073184967041 7.06771183013916 7.07193422317505 7.07190704345703 7.01367521286011 6.98468589782715 6.98877811431885 6.94734477996826 6.98057794570923 6.91412210464478 6.90602207183838 6.89764499664307 6.89765214920044 6.91451406478882 6.95219087600708 6.95257091522217 6.99023914337158 6.99878406524658 6.88222885131836 6.85333776473999 6.81601810455322 6.7786431312561 6.79160594940186 6.86690807342529 6.83371782302856 6.75915098190308 6.63833379745483 6.60941600799561 6.52657890319824 6.42666292190552 6.36042213439941 6.46050977706909 6.44839811325073 6.32372999191284 6.16147613525391 6.07842302322388 5.99542379379272 5.89570713043213 5.97910690307617 6.02946996688843 5.87970685958862 5.91331577301025 5.9509220123291 5.93880081176758 5.83907413482666
7.11740493774414 7.08405303955078 7.10065507888794 7.0967960357666 7.13449811935425 7.02193689346313 6.99695777893066 6.99295091629028 6.9597339630127 6.93894386291504 7.01791000366211 7.07640409469604 7.09334182739258 7.05174922943115 7.06007814407349 7.11027002334595 7.08563280105591 7.06079006195068 7.11075878143311 7.11957883834839 7.0529580116272 6.94083976745605 6.93682098388672 6.96630907058716 6.94985389709473 7.02102184295654 6.96300888061523 6.83408403396606 6.75503921508789 6.68453788757324 6.5763258934021 6.50586318969727 6.56424283981323 6.59387397766113 6.58162307739258 6.44011688232422 6.31135177612305 6.26992321014404 6.17038583755493 6.05400800704956 6.02086400985718 6.00431108474731 5.92967891693115 6.05902099609375 6.13006019592285 5.95119380950928 5.86388778686523
7.10493516921997 7.0923171043396 7.10907888412476 7.15502309799194 7.15108013153076 7.13432312011719 7.15091180801392 7.13436222076416 7.13451099395752 7.11786699295044 7.20547294616699 7.25551319122314 7.25159406661987 7.23507690429688 7.21856307983398 7.2602858543396 7.28979110717773 7.28148508071899 7.17752313613892 7.09025096893311 7.06547403335571 7.16581916809082 7.14932107925415 7.13712406158447 7.18314599990845 7.1042218208313 7.0504322052002 6.9839391708374 6.87589406967163 6.80943822860718 6.69704103469849 6.60146617889404 6.69349813461304 6.74796676635742 6.60244989395142 6.44869899749756 6.34882688522339 6.30759191513062 6.26617479324341 6.29557180404663 6.21663522720337 6.12943410873413 6.18360996246338 6.22146606445312 6.27991104125977 6.14698886871338 6.0054612159729
7.16296482086182 7.17142915725708 7.16745710372925 7.16750717163086 7.14262914657593 7.14260196685791 7.18427515029907 7.2134838104248 7.22185611724854 7.25125789642334 7.28046703338623 7.32223320007324 7.36395502090454 7.38918113708496 7.37675809860229 7.37279796600342 7.40211915969849 7.4022798538208 7.20663213729858 7.17353820800781 7.22386121749878 7.25302600860596 7.32832193374634 7.32464504241943 7.24974298477173 7.15816307067871 7.1252269744873 7.15039777755737 7.1088662147522 7.08003711700439 7.04284191131592 6.99313402175903 6.94769620895386 6.86886882781982 6.68138885498047 6.5693998336792 6.47371101379395 6.55311489105225 6.507493019104 6.35792398452759 6.30407381057739 6.2668251991272 6.40042018890381 6.34622812271118 6.1632719039917 6.16346120834351 6.17197513580322
7.07966089248657 7.14223718643188 7.0589427947998 6.86316299438477 6.97578907012939 7.03839015960693 7.11338996887207 7.17587280273438 7.22187805175781 7.20944118499756 7.2052001953125 7.27193593978882 7.35546207427979 7.43893718719482 7.50172710418701 7.52260398864746 7.5436840057373 7.54800987243652 7.41894483566284 7.37342309951782 7.38179302215576 7.48231220245361 7.46983623504639 7.44520378112793 7.43724298477173 7.38731288909912 7.370934009552 7.34209394454956 7.29637908935547 7.24671316146851 7.20520877838135 7.15571308135986 7.0641040802002 6.93542289733887 6.86063480377197 6.80240678787231 6.76519203186035 6.64881801605225 6.54932022094727 6.53281116485596 6.47469997406006 6.39576721191406 6.4129900932312 6.4171929359436 6.22151708602905 6.16745281219482 6.16348123550415
7.10458612442017 7.09234380722046 7.0964789390564 7.00905084609985 7.07582807540894 7.14246797561646 7.25089120864868 7.32583808898926 7.38419198989868 7.38445806503296 7.42193508148193 7.47604322433472 7.50554704666138 7.53059196472168 7.54746103286743 7.63928890228271 7.68100500106812 7.69376707077026 7.5605001449585 7.56490087509155 7.61918878555298 7.5778660774231 7.55736923217773 7.53264093399048 7.49942207336426 7.46219778060913 7.42083597183228 7.40033721923828 7.36720180511475 7.30069017410278 7.26341915130615 7.21791887283325 7.1975040435791 7.1186580657959 7.04368495941162 6.9775538444519 6.96091413497925 6.85725593566895 6.84469890594482 6.78677701950073 6.63710403442383 6.57883405685425 6.52085304260254 6.49622678756714 6.46297407150269 6.48843479156494 6.30101490020752
7.10862398147583 7.12941884994507 7.14213800430298 7.17563819885254 7.1839861869812 7.23813486099243 7.34648990631104 7.37566089630127 7.37586307525635 7.3802227973938 7.3719048500061 7.43862581253052 7.54289579391479 7.60144805908203 7.67656803131104 7.71424388885498 7.80176877975464 7.81020498275757 7.72704792022705 7.77302408218384 7.68167877197266 7.68626403808594 7.66561603546143 7.60337495803833 7.61180400848389 7.55373287200928 7.52091789245605 7.48370695114136 7.44626998901367 7.39648008346558 7.33423089981079 7.2928729057312 7.24324989318848 7.18108987808228 7.08558511734009 7.01068878173828 6.97345590591431 6.93203687667847 6.79469394683838 6.80327796936035 6.77852821350098 6.64132785797119 6.54973697662354 6.4544620513916 6.47525787353516 6.57559776306152 6.52161407470703
7.17947483062744 7.15861415863037 7.15873622894287 7.21301984786987 7.21297883987427 7.28811693191528 7.31740283966064 7.35066699981689 7.35487699508667 7.41351699829102 7.43853807449341 7.50951290130615 7.58877897262573 7.7096529006958 7.75137996673584 7.75563621520996 7.89767217636108 7.92697381973267 7.88947105407715 7.84388399124146 7.81500387191772 7.79841709136963 7.74061012268066 7.67412376403809 7.68674516677856 7.67878723144531 7.65398216247559 7.54599094390869 7.49616813659668 7.45065307617188 7.41323900222778 7.37610721588135 7.32661008834839 7.2725567817688 7.15606594085693 7.08561277389526 7.0483341217041 6.99045515060425 6.94886493682861 6.83669185638428 6.79112195968628 6.74129199981689 6.76652002334595 6.7749981880188 6.55851697921753 6.55450296401978 6.46301698684692
7.20007085800171 7.22110605239868 7.2419810295105 7.18778085708618 7.24218606948853 7.32134914398193 7.3672981262207 7.42981004714966 7.47579193115234 7.52999114990234 7.61345100402832 7.6843729019165 7.6593542098999 7.7219672203064 7.77630710601807 7.88068199157715 8.03915214538574 8.03916835784912 8.03523540496826 7.91875505447388 7.9148907661438 7.86947202682495 7.76953601837158 7.74075698852539 7.73686981201172 7.75784492492676 7.73727893829346 7.66666316986084 7.54205894470215 7.60068798065186 7.5008339881897 7.48028802871704 7.43042516708374 7.35565614700317 7.39346599578857 7.35209798812866 7.21906185150146 7.11509323120117 7.03216505050659 6.95752477645874 6.85346603393555 6.82872104644775 6.99537897109985 6.80819892883301 6.72096490859985 6.62933683395386 6.51307916641235
7.2583909034729 7.24193382263184 7.23762989044189 7.20869493484497 7.27536821365356 7.32121515274048 7.37127113342285 7.39631319046021 7.45904111862183 7.54657316207886 7.65091896057129 7.63006687164307 7.67188596725464 7.75122404098511 7.7638521194458 7.95561408996582 7.9347710609436 8.2016134262085 8.02247524261475 8.02293682098389 8.03546047210693 7.97337007522583 7.87782192230225 7.84079504013062 7.84106922149658 7.84953498840332 7.82497406005859 7.82091283798218 7.78794097900391 7.7379732131958 7.78389120101929 7.68005704879761 7.58447694778442 7.6057071685791 7.57684898376465 7.36450290679932 7.31884813308716 7.21926689147949 7.21514081954956 7.11146879196167 7.19515085220337 7.09951400756836 6.9037389755249 6.90803813934326 6.82084178924561 6.84611797332764 6.79639196395874
7.34165811538696 7.26650905609131 7.28750610351562 7.25833177566528 7.27937412261963 7.29617309570312 7.35454320907593 7.45041513442993 7.5465521812439 7.5963921546936 7.60892486572266 7.60901117324829 7.67605113983154 7.68029594421387 7.78881311416626 7.93058109283447 7.9099760055542 8.2055549621582 8.09724998474121 8.08102512359619 8.12306499481201 8.07753658294678 8.03618812561035 7.93253421783447 7.90362596511841 7.90380096435547 7.89550018310547 7.92928504943848 7.95866584777832 7.88805818557739 7.77134704589844 7.75504779815674 7.73857593536377 7.80150413513184 7.73501014709473 7.50202178955078 7.51062297821045 7.39419078826904 7.38595104217529 7.30316495895386 7.19075298309326 7.07861089706421 7.00375413894653 7.09986400604248 7.10833692550659 7.13355112075806 7.12125015258789
