ENMTML/All_vars/Predictors/EUR_CliMond/bio18.asc
NCOLS 411 
NROWS 214 
XLLCORNER -11.5 
YLLCORNER 35.666666666112 
CELLSIZE 0.166666666666667 
NODATA_value -3.4e+38 
[rows 147 to 167 of 214, columns 188 to 234 of 411]
163.47639465332 163.47590637207 165.266204833984 167.007293701172 169.693405151367 171.509506225586 174.383407592773 175.19970703125 179.011505126953 179.890106201172 182.523193359375 185.334594726562 190.829895019531 196.626098632812 202.358795166016 217.758102416992 283.822204589844 306.580291748047 282.907287597656 276.289703369141 260.984985351562 238.115905761719 236.40739440918 228.96940612793 230.109802246094 232.278198242188 235.144897460938 238.315795898438 238.301300048828 241.031204223633 253.414901733398 290.489105224609 309.716003417969 268.236602783203 278.901214599609 303.960296630859 286.521392822266 284.713989257812 273.340911865234 239.294799804688 217.553604125977 216.008804321289 208.526992797852 215.233200073242 215.81770324707 212.777893066406 207.741500854492
165.23210144043 165.227203369141 165.969802856445 168.016494750977 170.702896118164 172.521606445312 174.391799926758 176.282699584961 180.013900756836 181.71369934082 184.572799682617 187.398803710938 191.830093383789 214.087005615234 242.708206176758 216.811798095703 257.842193603516 308.204498291016 303.905395507812 315.185485839844 307.901885986328 269.719604492188 245.06770324707 230.771392822266 226.400802612305 230.312698364258 232.308807373047 235.287704467773 234.414901733398 239.195693969727 248.592300415039 260.018005371094 290.462005615234 291.539306640625 282.660614013672 265.604614257812 287.536010742188 284.793792724609 280.985992431641 255.550201416016 223.462799072266 219.038696289062 206.077194213867 212.655502319336 215.286697387695 210.174606323242 209.011795043945
167.16569519043 166.901596069336 167.695007324219 169.576095581055 171.635604858398 174.333602905273 175.398193359375 178.261306762695 181.895706176758 183.964294433594 185.646606445312 189.203506469727 194.066802978516 199.678802490234 225.490600585938 240.880905151367 253.286804199219 296.917510986328 273.057708740234 283.331787109375 283.029296875 269.779510498047 254.662994384766 227.006805419922 225.367706298828 229.360702514648 231.342407226562 231.464904785156 235.378494262695 236.440093994141 243.779602050781 250.510803222656 262.807006835938 259.808410644531 303.899597167969 253.936492919922 276.043609619141 288.609313964844 269.745300292969 239.52409362793 229.292892456055 218.066802978516 208.728393554688 207.860992431641 208.506393432617 205.455703735352 201.481094360352
168.827606201172 169.479797363281 169.619094848633 171.691101074219 173.449203491211 175.524703979492 179.225296020508 180.347198486328 182.982498168945 185.840393066406 192.387100219727 210.46809387207 207.552703857422 221.760894775391 220.745193481445 232.092300415039 224.39909362793 247.392700195312 261.901000976562 262.110595703125 282.014801025391 269.082305908203 238.494094848633 222.443603515625 226.423797607422 230.34489440918 232.326293945312 236.300704956055 237.298202514648 240.215896606445 241.954498291016 248.688003540039 248.503997802734 252.287902832031 262.804504394531 286.651702880859 253.259796142578 269.683013916016 287.004089355469 253.787399291992 224.507202148438 211.466796875 211.551406860352 201.082397460938 199.910705566406 196.87370300293 191.086196899414
171.646392822266 171.559494018555 171.621398925781 173.510192871094 174.534896850586 176.604705810547 179.478805541992 183.109893798828 186.044097900391 190.84260559082 195.522399902344 204.935501098633 209.726196289062 213.321304321289 227.654800415039 228.524597167969 242.856796264648 235.162796020508 242.826904296875 257.14208984375 259.241485595703 250.796005249023 221.353698730469 226.123992919922 229.218994140625 234.182601928711 238.155395507812 242.078598022461 248.706298828125 247.82780456543 252.559005737305 252.550506591797 245.671798706055 248.673400878906 243.863403320312 255.373596191406 270.493194580078 255.442504882812 253.728698730469 268.227294921875 250.996994018555 226.531295776367 217.014007568359 200.903594970703 191.323699951172 188.274505615234 185.229202270508
175.598297119141 173.534805297852 173.600601196289 175.411499023438 176.539993286133 178.493103027344 180.548202514648 182.621200561523 188.231994628906 193.903900146484 200.585998535156 203.122406005859 206.733703613281 207.724792480469 212.25520324707 221.856597900391 222.895904541016 229.371200561523 220.993698120117 236.310592651367 224.064193725586 226.035797119141 230.011093139648 230.10400390625 237.057601928711 240.021697998047 246.831100463867 245.958297729492 246.944198608398 248.872894287109 250.626602172852 246.988693237305 245.926193237305 265.068908691406 249.672302246094 261.977203369141 254.376907348633 240.224502563477 262.352600097656 286.383911132812 259.708709716797 226.365600585938 215.962707519531 197.924301147461 186.277206420898 180.477294921875 181.492797851562
176.682006835938 174.686096191406 175.68049621582 176.622192382812 178.438400268555 180.496505737305 180.634002685547 182.697998046875 185.693099975586 189.179504394531 193.911102294922 197.524200439453 203.181900024414 212.581604003906 237.398498535156 261.100799560547 279.296600341797 249.208404541016 223.054092407227 224.792602539062 251.761505126953 273.037292480469 278.685913085938 285.660614013672 272.1455078125 250.460601806641 242.019897460938 243.955795288086 248.710098266602 252.756195068359 252.690200805664 256.361511230469 260.342712402344 260.512298583984 246.042602539062 247.11669921875 258.442810058594 256.608703613281 288.187713623047 305.53369140625 275.797698974609 233.888397216797 215.862106323242 192.140899658203 178.675094604492 174.632598876953 172.831100463867
178.027893066406 177.838500976562 177.837493896484 178.707305908203 180.577301025391 181.629104614258 182.705093383789 184.766998291016 187.584396362305 193.177505493164 199.785507202148 206.191604614258 208.054504394531 212.776992797852 242.947998046875 257.486511230469 267.393585205078 246.568298339844 233.489700317383 253.663497924805 283.636199951172 323.421203613281 322.785888671875 338.727996826172 326.765014648438 305.254486083984 269.714599609375 300.313293457031 331.485992431641 344.809204101562 335.858001708984 321.876495361328 309.089996337891 276.720092773438 300.458404541016 292.859100341797 301.390899658203 286.166900634766 288.012298583984 285.238494873047 269.259704589844 238.724502563477 208.081100463867 189.92219543457 176.693099975586 170.833206176758 166.103698730469
180.175903320312 179.995193481445 180.78759765625 181.781600952148 182.720901489258 184.705902099609 186.582794189453 188.62809753418 191.4501953125 188.153396606445 202.710296630859 206.962203979492 210.57600402832 217.845794677734 220.439605712891 268.747406005859 318.039306640625 323.705291748047 327.740295410156 287.295989990234 265.450592041016 274.714294433594 333.742095947266 332.098907470703 293.638702392578 281.403686523438 264.820190429688 282.987487792969 294.668304443359 301.965301513672 316.90771484375 307.584411621094 309.553314208984 335.51220703125 320.506286621094 327.075500488281 311.924591064453 289.006408691406 258.549591064453 245.212997436523 227.982604980469 212.716400146484 204.279098510742 183.209197998047 173.77799987793 166.928604125977 162.257507324219
185.945297241211 183.117706298828 183.181396484375 183.876007080078 185.850997924805 187.714492797852 187.717803955078 190.696899414062 184.879501342773 189.511001586914 199.398300170898 214.595596313477 231.761505126953 282.658294677734 248.587799072266 279.673614501953 354.175994873047 332.003601074219 317.432495117188 287.969909667969 284.677001953125 260.840698242188 284.681091308594 286.040985107422 292.681884765625 282.075988769531 258.1171875 251.496002197266 255.299301147461 260.150695800781 262.947387695312 268.812286376953 299.480804443359 304.290710449219 289.867614746094 282.255493164062 260.358306884766 242.20849609375 230.794998168945 222.134704589844 208.909301757812 196.516098022461 189.017105102539 177.426605224609 171.744003295898 165.133407592773 159.346405029297
189.983306884766 183.005996704102 187.390502929688 185.259292602539 188.170394897461 191.855392456055 194.643600463867 185.879196166992 186.877395629883 194.793395996094 193.784301757812 227.489395141602 261.215606689453 299.557586669922 244.302307128906 277.045013427734 296.238494873047 249.598098754883 233.04460144043 221.371704101562 211.75309753418 213.673400878906 217.718994140625 224.505905151367 231.039199829102 224.599197387695 220.791305541992 224.525497436523 235.123092651367 239.093994140625 238.273498535156 247.63459777832 247.700607299805 244.010803222656 241.204895019531 237.227401733398 225.000503540039 216.402694702148 212.600494384766 209.877304077148 201.020202636719 185.910903930664 180.107696533203 175.438995361328 167.83740234375 162.227996826172 157.551895141602
185.690795898438 182.716598510742 187.904403686523 188.572692871094 189.365005493164 192.980102539062 195.961898803711 191.878997802734 189.880996704102 191.50390625 199.769104003906 225.866195678711 238.419906616211 230.146606445312 250.948394775391 239.05029296875 242.330703735352 220.162994384766 209.041000366211 203.051406860352 199.252899169922 205.230606079102 207.159103393555 211.945999145508 213.921493530273 211.929092407227 207.240707397461 220.813400268555 228.422393798828 224.607604980469 222.740905761719 228.525405883789 227.587997436523 222.96110534668 218.159606933594 216.296203613281 209.569396972656 202.903106689453 198.287399291992 191.499801635742 186.803497314453 183.821502685547 179.134994506836 172.531600952148 167.848999023438 161.059906005859 154.636795043945
190.05110168457 185.440795898438 190.288696289062 193.225204467773 197.379196166992 193.486602783203 193.223495483398 186.59260559082 188.232299804688 195.500305175781 198.132995605469 222.597702026367 221.590393066406 242.062896728516 243.058502197266 203.981994628906 218.62629699707 209.016006469727 202.090698242188 200.337005615234 196.459701538086 195.470001220703 197.462600708008 203.385101318359 200.560302734375 204.355102539062 198.732803344727 209.148696899414 212.121994018555 214.299392700195 212.279296875 211.279998779297 211.271697998047 210.277099609375 208.472702026367 205.60969543457 201.874404907227 198.071395874023 193.19970703125 188.587097167969 184.713394165039 180.100799560547 175.23210144043 171.545303344727 164.939498901367 160.261596679688 152.661895751953
197.749893188477 191.778900146484 197.600692749023 201.355499267578 205.875396728516 203.425094604492 199.546401977539 195.590698242188 190.247695922852 194.884796142578 197.525802612305 212.056594848633 212.346801757812 216.982696533203 209.356094360352 203.371505737305 187.384506225586 190.012893676758 199.621002197266 195.566299438477 191.76139831543 185.950607299805 187.943496704102 190.878692626953 191.937805175781 193.860702514648 190.045700073242 197.64990234375 201.623397827148 201.619598388672 202.656204223633 203.768203735352 202.769302368164 201.771392822266 200.776306152344 199.959106445312 196.233505249023 194.364105224609 190.376205444336 186.675399780273 181.877593994141 178.003005981445 172.510101318359 167.640197753906 163.152206420898 157.348403930664 150.858001708984
207.112197875977 200.132202148438 202.780395507812 206.26969909668 208.055801391602 205.804702758789 202.735794067383 198.717697143555 192.953994750977 194.60009765625 209.795394897461 209.432205200195 215.708892822266 203.43879699707 200.452499389648 191.535705566406 180.861206054688 179.68310546875 186.049392700195 190.845199584961 189.850006103516 184.169494628906 178.377899169922 177.567199707031 183.551406860352 183.352600097656 184.283401489258 188.3251953125 191.929504394531 192.099197387695 194.951400756836 195.946502685547 195.931396484375 195.935897827148 196.053298950195 193.261993408203 192.26969909668 189.478103637695 186.659301757812 182.789703369141 179.161499023438 174.286407470703 170.59049987793 165.919403076172 161.043395996094 155.546997070312 149.0625
218.796295166016 211.467498779297 205.485702514648 212.395706176758 219.909301757812 209.113098144531 206.856704711914 198.989807128906 198.919296264648 197.978698730469 209.520004272461 211.801406860352 220.734405517578 206.462997436523 203.462203979492 190.789794921875 173.330307006836 173.888305664062 173.715103149414 177.338897705078 179.281692504883 176.530197143555 175.472106933594 171.858093261719 173.848403930664 177.650497436523 177.69889831543 179.616302490234 185.279907226562 186.258193969727 187.425903320312 188.474792480469 190.21240234375 189.476898193359 188.476501464844 188.595901489258 187.606002807617 183.805404663086 181.751495361328 178.113998413086 175.17529296875 172.352493286133 167.679794311523 162.179702758789 157.500900268555 153.812301635742 142.593307495117
243.374404907227 241.666397094727 232.367492675781 221.404800415039 229.964996337891 222.893997192383 209.231094360352 206.981002807617 198.36149597168 200.971496582031 212.910995483398 238.356292724609 222.106201171875 196.912902832031 187.276992797852 184.253799438477 176.403396606445 171.224899291992 164.179992675781 164.014205932617 165.692306518555 166.753601074219 166.764801025391 169.94059753418 168.937698364258 173.804092407227 174.795806884766 174.714004516602 176.752593994141 181.414596557617 182.516998291016 183.567306518555 182.746704101562 184.560592651367 183.736297607422 183.753601074219 182.933197021484 181.071792602539 177.262496948242 173.2041015625 172.318405151367 169.628295898438 167.633499145508 163.003799438477 158.572998046875 152.898193359375 144.600601196289
235.192306518555 233.514602661133 226.172607421875 217.511993408203 220.418106079102 213.439804077148 216.720993041992 211.474105834961 197.626693725586 189.947494506836 200.718994140625 218.553100585938 194.366500854492 178.443801879883 178.269393920898 182.526397705078 176.723495483398 168.492401123047 160.576904296875 158.402893066406 158.033798217773 161.038101196289 161.278503417969 165.087799072266 166.266296386719 170.939102172852 171.931304931641 171.850204467773 172.073196411133 175.866104125977 176.921401977539 178.89990234375 178.894897460938 179.010299682617 180.06559753418 180.010803222656 175.390594482422 174.399002075195 174.403106689453 174.272705078125 174.270294189453 172.39990234375 169.517593383789 165.962905883789 161.468795776367 149.908798217773 144.977600097656
243.900695800781 230.311798095703 230.256103515625 227.222305297852 211.893600463867 211.182907104492 216.447296142578 201.181304931641 191.882705688477 184.598602294922 185.538299560547 192.452606201172 192.750198364258 187.105804443359 171.82209777832 180.40950012207 174.981399536133 170.752197265625 163.712005615234 159.547698974609 163.979797363281 165.042205810547 168.044097900391 165.471099853516 167.463394165039 167.19580078125 167.249298095703 167.242401123047 167.208099365234 169.205001831055 173.242401123047 172.227005004883 174.158294677734 173.398895263672 172.541397094727 171.70930480957 175.516204833984 178.457595825195 179.327606201172 179.087707519531 180.022796630859 176.170394897461 172.481796264648 168.912506103516 155.824798583984 150.914306640625 145.330795288086
257.581085205078 247.298294067383 239.95979309082 248.181396484375 230.583404541016 226.896697998047 210.268005371094 191.980499267578 181.334503173828 177.343399047852 170.696899414062 173.98210144043 187.843002319336 182.828903198242 165.558502197266 184.421798706055 182.060699462891 175.931198120117 170.954895019531 167.710296630859 168.544006347656 169.539505004883 169.490493774414 169.472900390625 173.274597167969 173.194198608398 171.183700561523 171.987197875977 169.966796875 173.017303466797 173.187896728516 173.296997070312 172.298706054688 171.473205566406 171.780303955078 177.649200439453 179.391693115234 178.642700195312 180.404006958008 179.597198486328 179.161193847656 180.168502807617 176.6123046875 169.933395385742 156.837905883789 149.606903076172 144.053894042969
257.713714599609 254.027496337891 251.997406005859 245.658203125 221.756698608398 229.97200012207 222.620697021484 193.080993652344 185.06950378418 193.642395019531 176.707702636719 160.775802612305 165.70280456543 168.638198852539 172.933898925781 171.206893920898 197.035507202148 198.336303710938 178.729293823242 175.08659362793 171.166000366211 176.783294677734 179.72639465332 179.469192504883 175.386703491211 171.380798339844 170.494598388672 168.369293212891 171.155899047852 175.954406738281 169.443099975586 167.637603759766 170.806198120117 169.802093505859 168.982498168945 173.971893310547 177.778396606445 180.960800170898 175.095993041992 176.910400390625 175.105895996094 176.610397338867 172.756805419922 164.55419921875 154.893798828125 148.667404174805 143.745895385742
