ENMTML/All_vars/Predictors/EUR_CliMond/bio1.asc
NCOLS 411 
NROWS 214 
XLLCORNER -11.5 
YLLCORNER 35.666666666112 
CELLSIZE 0.166666666666667 
NODATA_value -3.4e+38 
[rows 84 to 104 of 214, columns 329 to 375 of 411]
4.00878095626831 3.88406610488892 3.77574801445007 3.76762008666992 3.6970899105072 3.69722509384155 3.69327998161316 3.62274503707886 3.50207495689392 3.51493406295776 3.68193292617798 3.59456205368042 3.61976599693298 3.49920511245728 3.33684992790222 3.28289294242859 3.30387711524963 3.28315997123718 3.27904009819031 3.25426888465881 3.16685605049133 3.17114996910095 3.24627304077148 3.23818588256836 3.17159390449524 3.092444896698 3.12612199783325 3.13869094848633 3.01766204833984 2.98851990699768 2.98446488380432 2.99714303016663 2.9221019744873 3.0012218952179 3.076416015625 3.08063292503357 3.03906297683716 3.06838297843933 3.04755902290344 3.03108692169189 3.21853494644165 3.13108491897583 3.21042490005493 3.08147501945496 2.98994588851929 3.02726888656616 3.00263905525208
4.0840950012207 3.97993993759155 3.93855690956116 3.91786098480225 3.8097870349884 3.75593304634094 3.76009011268616 3.80205988883972 3.6690080165863 3.59856510162354 3.5778820514679 3.74914598464966 3.74493098258972 3.60365700721741 3.53289699554443 3.44966506958008 3.44985699653625 3.3585638999939 3.32518005371094 3.32533001899719 3.29229402542114 3.34231400489807 3.34668493270874 3.34673190116882 3.32194399833679 3.22220802307129 3.10982608795166 3.14715194702148 3.07646608352661 3.04736995697021 2.99745798110962 2.98501992225647 3.0518651008606 3.0184268951416 3.0477409362793 3.09779095649719 2.98113203048706 3.02715611457825 3.11053204536438 3.10213804244995 3.18573403358459 3.35675597190857 3.26499605178833 3.18189406394958 3.14428997039795 3.06978297233582 3.11968493461609
4.22174692153931 4.11359214782715 4.1178879737854 4.01386785507202 3.90593194961548 3.87285208702087 3.83975100517273 3.90654110908508 3.84008097648621 3.69032597541809 3.66569399833679 3.71619510650635 3.82458400726318 3.77889704704285 3.64994502067566 3.65015602111816 3.59184789657593 3.50872492790222 3.521399974823 3.42998194694519 3.43006992340088 3.40120410919189 3.43886303901672 3.52644991874695 3.35560488700867 3.28091597557068 3.23931407928467 3.31852293014526 3.23118996620178 3.28120589256287 3.11861491203308 3.01449704170227 2.96063590049744 2.8896689414978 2.89806294441223 3.10662388801575 3.0150899887085 3.08164501190186 3.11108207702637 3.26522207260132 3.1278190612793 3.17791604995728 3.38621997833252 3.361407995224 3.24490594863892 3.15751099586487 3.12016701698303
4.342698097229 4.32214879989624 4.18888187408447 4.13915920257568 4.1185359954834 4.08557605743408 3.97753596305847 4.01541090011597 3.96565890312195 3.84492301940918 3.81189608573914 3.80374598503113 3.79151296615601 3.81686091423035 3.80432510375977 3.81292700767517 3.70894503593445 3.61734008789062 3.5760190486908 3.60957407951355 3.54316997528076 3.52659893035889 3.47667288780212 3.59370994567871 3.44350504875183 3.3729419708252 3.43132209777832 3.45627808570862 3.43565797805786 3.25650691986084 3.18983793258667 3.16099190711975 3.02751207351685 2.84870195388794 2.82796597480774 3.1070659160614 3.09471106529236 3.15724992752075 3.18223309516907 3.2366189956665 3.11149597167969 3.20338010787964 3.23687410354614 3.44943404197693 3.25769710540771 3.05366897583008 2.97477293014526
4.55557918548584 4.53488111495972 4.43089818954468 4.38520383834839 4.37286901473999 4.24816417694092 4.13614416122437 4.12836790084839 4.06583309173584 3.97455501556396 3.89564895629883 3.87101411819458 3.85463190078735 3.85462999343872 3.82567191123962 3.85073399543762 3.8760929107666 3.80129098892212 3.72643804550171 3.74743604660034 3.65180706977844 3.59783792495728 3.60625290870667 3.64794206619263 3.56490302085876 3.44398999214172 3.45236611366272 3.56921911239624 3.37361693382263 3.33608603477478 3.27389001846313 3.2071750164032 3.16583490371704 2.98252105712891 3.09508490562439 3.2659900188446 3.24084901809692 3.1866888999939 3.16174411773682 3.14936399459839 3.12868905067444 3.16208696365356 3.21213507652283 3.26642394065857 3.49158501625061 3.36674809455872 3.16246008872986
4.53914308547974 4.61000299453735 4.63522577285767 4.59387588500977 4.53139495849609 4.3777117729187 4.269690990448 4.19106721878052 4.16211605072021 4.16231393814087 4.04191589355469 3.9337170124054 3.888267993927 3.86339592933655 3.86772203445435 3.87198805809021 3.92233490943909 3.96412706375122 3.92276000976562 3.91029810905457 3.86893701553345 3.73982405662537 3.69420099258423 3.719153881073 3.75270891189575 3.70284295082092 3.55300903320312 3.66149306297302 3.59074997901917 3.5159170627594 3.41185688972473 3.25751304626465 3.19537806510925 3.20369601249695 3.35797810554504 3.30382204055786 3.29151606559753 3.24983096122742 3.13320589065552 3.22072911262512 3.22909688949585 3.28740310668945 3.30428194999695 3.21276688575745 3.22134208679199 3.47111511230469 3.40471792221069
4.58511018753052 4.6188850402832 4.65615320205688 4.5274338722229 4.44854211807251 4.54061794281006 4.37841081619263 4.27059507369995 4.2458667755127 4.25446605682373 4.14215898513794 4.08012914657593 3.99694204330444 4.01378488540649 4.00570583343506 4.05997800827026 4.0145411491394 3.87291693687439 3.77314400672913 3.63572096824646 3.92762494087219 3.88200688362122 3.81105899810791 3.77800011634827 3.72812390327454 3.79484796524048 3.77419209480286 3.7992091178894 3.61205792427063 3.55349111557007 3.57879590988159 3.54136395454407 3.52488493919373 3.46259093284607 3.36270594596863 3.3669159412384 3.35025691986084 3.30442905426025 3.21267008781433 3.27551007270813 3.24625205993652 3.1879940032959 3.15474891662598 3.2798810005188 3.21735405921936 3.25082111358643 3.41352009773254
4.42765188217163 4.49410390853882 4.51503419876099 4.42366313934326 4.40720891952515 4.42434501647949 4.37477684020996 4.29996109008789 4.22956609725952 4.25074005126953 4.20110177993774 4.07614421844482 4.11804389953613 3.98920893669128 3.8643970489502 4.04784679412842 3.94814109802246 3.76912999153137 3.64017701148987 3.6236400604248 3.5949649810791 3.63225889205933 3.56593990325928 3.60752892494202 3.72445106506348 3.84555602073669 3.67865300178528 3.84537601470947 3.76658606529236 3.77484798431396 3.68355989456177 3.48769497871399 3.41290998458862 3.34224605560303 3.32146310806274 3.44661903381348 3.45089101791382 3.45915603637695 3.48821806907654 3.44654893875122 3.34244608879089 3.33004188537598 3.28031301498413 3.16767191886902 3.21370697021484 3.29707407951355 3.18888401985168
4.41957807540894 4.43232107162476 4.32830286026001 4.39495801925659 4.42472505569458 4.21661186218262 3.9919068813324 4.0297679901123 4.10106611251831 3.96379804611206 3.94320607185364 3.93496489524841 3.96031904220581 3.95228099822998 3.98568511009216 3.93578600883484 4.0609917640686 3.98233509063721 3.84467101097107 3.69085001945496 3.57435297966003 3.6411440372467 3.66623497009277 3.69544410705566 3.81221103668213 3.68325805664062 3.55418801307678 3.67525005340576 3.85466909408569 3.94215703010559 3.80467391014099 3.75895810127258 3.70491909980774 3.58853006362915 3.66779208183289 3.697026014328 3.51363396644592 3.48439908027649 3.49301505088806 3.48042011260986 3.43463706970215 3.59729909896851 3.4765899181366 3.36415910720825 3.26412105560303 3.32260298728943 3.41019892692566
4.34515810012817 4.29105710983276 4.20792579650879 4.19149398803711 4.15419006347656 4.11300420761108 3.95925402641296 4.0346097946167 3.96810698509216 3.85580897331238 3.83947896957397 3.98135995864868 3.86081600189209 3.95683789253235 3.96954607963562 4.14026689529419 4.09898900985718 3.749272108078 3.8034930229187 3.73704195022583 3.69951009750366 3.77055311203003 3.87061405181885 3.85012793540955 3.85437297821045 3.63791489601135 3.67544198036194 3.75902509689331 3.56729006767273 3.64643096923828 3.81748700141907 4.00103378295898 3.75948905944824 3.73055291175842 3.96397709846497 3.72654104232788 3.60144901275635 3.78893208503723 3.76818490028381 3.65586709976196 3.69754505157471 3.60174202919006 3.43944597244263 3.44366002082825 3.41463088989258 3.41049098968506 3.25226998329163
4.40395879745483 4.40416479110718 4.35859680175781 4.27547407150269 4.22999382019043 4.15537023544312 4.16383981704712 4.15161085128784 4.13533210754395 4.09394311904907 4.05670595169067 3.95681095123291 3.88198494911194 3.99050498008728 4.04494285583496 4.18244695663452 4.2286491394043 4.14961910247803 3.83312702178955 3.79139399528503 3.87069988250732 3.89590001106262 3.81285309791565 3.82559299468994 3.85475993156433 3.70072603225708 3.65108609199524 3.65099096298218 3.84696698188782 3.89294910430908 4.05557584762573 3.60977697372437 3.74329304695129 3.64346098899841 3.95175004005432 4.00575304031372 4.03076791763306 3.76023197174072 3.7019898891449 3.71879196166992 3.65227508544922 3.68982911109924 3.72751593589783 3.63580799102783 3.57753801345825 3.55267310142517 3.54446411132812
4.45440912246704 4.40057897567749 4.35913610458374 4.20949506759644 4.11383295059204 4.1559910774231 4.13946199417114 4.08556079864502 4.06090879440308 3.96526288986206 3.92808198928833 4.02402687072754 4.0284218788147 4.13274621963501 4.03704118728638 4.04546880722046 4.10804414749146 4.22070503234863 4.22529602050781 3.93796396255493 3.80050802230835 3.77560997009277 3.88429498672485 3.80935907363892 3.70532608032227 3.76776695251465 3.83876991271973 3.91812801361084 3.79731488227844 3.86425399780273 3.98504400253296 3.94790506362915 3.66871690750122 3.70201706886292 4.07713890075684 4.13547611236572 4.16885089874268 4.05235195159912 4.09394979476929 3.94013094902039 4.13177919387817 4.05275201797485 4.03621387481689 4.02781820297241 3.91563606262207 3.89082598686218 3.9573450088501
4.38409090042114 4.29285621643066 4.28875398635864 4.26829481124878 4.1060938835144 3.92321991920471 3.88193893432617 3.9195818901062 3.93642711639404 4.00336599349976 4.04932022094727 3.92447209358215 3.86633992195129 3.91220092773438 3.95414900779724 3.90423202514648 4.06267595291138 4.22951984405518 4.25468301773071 4.06740617752075 3.9050920009613 3.85520601272583 3.82216906547546 3.92643308639526 3.95143699645996 3.926677942276 3.95579600334167 3.83519196510315 3.80194997787476 3.89376401901245 4.05211114883423 4.13554382324219 3.90238189697266 3.83994507789612 3.8400399684906 4.16929912567139 4.32346105575562 4.31521797180176 4.22786903381348 4.12799119949341 3.99886989593506 4.00733613967896 3.8533570766449 3.72832798957825 3.69506907463074 3.78277802467346 3.82042503356934
4.25143384933472 4.21011209487915 4.09777212142944 4.05625104904175 4.04424619674683 4.04441213607788 3.87827301025391 3.84928607940674 3.96193599700928 4.02051401138306 3.941565990448 4.04150390625 3.98750805854797 3.91277194023132 3.82953095436096 3.97135305404663 4.04223299026489 4.09667921066284 4.18848180770874 4.20119714736938 3.89727401733398 3.78488206863403 3.77668309211731 3.87267208099365 3.94336605072021 3.96454191207886 4.01439809799194 4.05232715606689 4.04828882217407 4.21492004394531 3.89843392372131 3.94027709960938 3.88598299026489 3.89854097366333 4.25290489196777 4.37796592712402 4.36538505554199 4.24066686630249 4.09082317352295 3.98686289787292 3.77448701858521 3.80779695510864 3.79115200042725 3.78717589378357 3.73327589035034 3.69995903968811 3.70822191238403
4.36829280853271 4.2812671661377 4.21899509429932 4.15251398086548 4.11119604110718 4.04921722412109 3.94533801078796 3.89973402023315 3.92911791801453 3.89589595794678 3.88766288757324 3.94197607040405 3.95897006988525 3.94228196144104 4.03833389282227 4.09685707092285 4.05102205276489 4.08040809631348 4.13876008987427 4.33915376663208 4.19346380233765 4.02683782577515 3.90185809135437 3.88125896453857 3.83128094673157 3.97321200370789 4.0149188041687 4.02351093292236 4.06540012359619 4.24451684951782 4.15301895141602 3.88233804702759 3.93664693832397 4.3031849861145 4.33251810073853 4.37857103347778 4.35786914825439 4.09943199157715 3.92897701263428 3.99557399749756 3.87486290931702 4.01261377334595 3.81261992454529 3.75857591629028 3.79204201698303 3.77962803840637 3.7171618938446
4.51464509963989 4.42742395401001 4.41102981567383 4.31558609008789 4.17443609237671 4.08706378936768 4.12061882019043 4.18352699279785 4.22954082489014 4.20886898040771 4.20885896682739 4.28808689117432 4.25913000106812 4.27583599090576 4.1970739364624 4.08890390396118 4.19319009780884 4.02244186401367 4.00588178634644 4.19766187667847 4.42281484603882 3.96052408218384 3.96080899238586 3.91915011405945 3.86530303955078 3.90285992622375 4.04052114486694 4.09474897384644 4.18242502212524 4.32446002960205 4.24512910842896 4.12029218673706 4.10783100128174 4.55775308609009 4.48308801651001 4.34565305709839 4.17499923706055 4.01258087158203 3.92930006980896 4.02520418167114 4.1754322052002 3.94217395782471 3.87979006767273 3.93822407722473 4.0674991607666 3.88001608848572 3.83008193969727
4.62335300445557 4.56526899337769 4.52787113189697 4.4741678237915 4.25772476196289 4.07476615905762 4.05838584899902 4.10888910293579 4.27148914337158 4.08413505554199 4.08006286621094 4.23467016220093 4.30975103378296 3.9388599395752 4.1349081993103 4.06007719039917 3.90187311172485 3.96024990081787 3.98968005180359 4.24390506744385 4.36479806900024 4.33182716369629 4.17367792129517 4.01118183135986 3.9696159362793 3.92839288711548 4.04095602035522 4.08268117904663 4.26624393463135 4.29561185836792 4.32484483718872 4.62908697128296 4.62489414215088 4.5960168838501 4.47521114349365 4.32122421264648 4.26285982131958 4.17127704620361 4.00488376617432 4.20484781265259 4.14249181747437 4.03413486480713 4.10107088088989 4.23851823806763 4.07622003555298 4.08887100219727 3.97655892372131
4.51120185852051 4.43232297897339 4.52855396270752 4.59946012496948 4.41658020019531 4.21678304672241 4.1380090713501 4.09237718582153 4.20497417449951 4.1135048866272 4.17211198806763 4.26813697814941 4.30146217346191 4.06006813049316 4.06431293487549 3.82722592353821 4.10648107528687 4.02736902236938 4.14000701904297 4.24424409866333 4.40279579162598 4.14892911911011 4.3656439781189 4.04491186141968 3.69517302513123 3.92040991783142 4.08713102340698 4.09150791168213 4.15825319290161 4.39176988601685 4.52509498596191 4.64220380783081 4.60449695587158 4.59221982955933 4.37573909759521 4.24244499206543 4.1466498374939 4.17606687545776 4.13421201705933 4.30543613433838 4.32632780075073 4.38477420806885 4.26411819458008 4.1558051109314 4.15596580505371 4.11021184921265 3.97724795341492
4.52825593948364 4.42426490783691 4.59946012496948 4.54968214035034 4.3294358253479 4.2920970916748 4.30899000167847 4.23851919174194 4.10954523086548 4.10545206069946 4.16413402557373 4.33485412597656 4.08940505981445 4.02289295196533 4.13141298294067 4.24807500839233 4.40684223175049 4.46106004714966 4.47379302978516 4.29067802429199 4.11156320571899 4.24073886871338 4.04523515701294 4.14127588272095 3.92479610443115 3.87500309944153 4.17925786972046 4.19613790512085 4.20871686935425 4.41716480255127 4.69650602340698 4.58408880233765 4.54274892807007 4.58864498138428 4.4136848449707 4.2472767829895 4.29302883148193 4.40131998062134 4.55151081085205 4.555832862854 4.45171213150024 4.32275676727295 4.20218801498413 4.31890201568604 4.14391899108887 3.99397897720337 3.89422607421875
4.4992790222168 4.44944095611572 4.5539288520813 4.64594602584839 4.57128095626831 4.31734609603882 4.21344184875488 4.07614898681641 4.1638331413269 4.2848048210144 4.36017894744873 4.21054697036743 4.10223197937012 3.89399099349976 4.17350292205811 4.45270919799805 4.32378005981445 4.12386083602905 3.98662996292114 3.78676891326904 4.06206178665161 4.27863216400146 4.13331508636475 4.26671600341797 4.23768901824951 3.9672520160675 3.97551894187927 4.24656105041504 4.40500211715698 4.19672679901123 4.28443098068237 4.55549001693726 4.78063583374023 4.6141037940979 4.50167798995972 4.62258195877075 4.7183690071106 4.67692279815674 4.61030721664429 4.51879501342773 4.29388189315796 4.21076917648315 4.44005489349365 4.16922807693481 4.20716905593872 4.05706214904785 3.83643198013306
4.54959678649902 4.57467222213745 4.65417623519897 4.53794002532959 4.45468616485596 4.42161321640015 4.37206315994263 4.27643918991089 4.27265691757202 4.1854190826416 4.22725677490234 4.22745323181152 4.24840116500854 4.20279502868652 4.48622798919678 4.15722179412842 4.19079303741455 4.23682594299316 4.20353603363037 3.97880411148071 3.83310198783875 3.96669411659241 4.16684818267822 4.15871095657349 4.16707181930542 4.30071306228638 4.26343822479248 4.45942401885986 4.28877115249634 4.07233190536499 3.85175609588623 3.70596599578857 4.32692909240723 4.75622987747192 4.87710618972778 4.81878995895386 4.76071977615356 4.48564291000366 4.34420919418335 4.3817081451416 4.3111310005188 4.37786102294922 4.38636016845703 4.16988801956177 4.00755310058594 4.26160001754761 4.3035569190979
