ENMTML/All_vars/Predictors/EUR_CliMond/bio18.asc
NCOLS 411 
NROWS 214 
XLLCORNER -11.5 
YLLCORNER 35.666666666112 
CELLSIZE 0.166666666666667 
NODATA_value -3.4e+38 
[rows 189 to 209 of 214, columns 329 to 375 of 411]
89.4598083496094 91.4579772949219 83.6121826171875 87.6103286743164 66.0359115600586 97.9040069580078 68.0603637695312 41.1495704650879 41.4896812438965 61.9880409240723 71.2207107543945 75.4623565673828 86.2986221313477 98.9707183837891 112.687797546387 122.561302185059 125.356300354004 132.469696044922 147.274703979492 150.271301269531 140.945098876953 127.068199157715 96.7232284545898 74.686767578125 63.2114906311035 51.3549118041992 42.4339904785156 36.4877395629883 36.1716194152832 37.840160369873 39.155590057373 39.4897003173828 37.4635887145996 34.7572212219238 31.7456798553467 31.0971393585205 30.8080406188965 30.8460102081299 33.5405311584473 35.2301788330078 -3.4e+38 -3.4e+38 -3.4e+38 -3.4e+38 -3.4e+38 -3.4e+38 -3.4e+38
69.5158615112305 69.4929428100586 68.4974365234375 63.6355781555176 60.0508689880371 68.4824905395508 70.4995422363281 54.0020790100098 40.1486587524414 40.147159576416 52.7031402587891 81.3762512207031 85.3452987670898 94.6101608276367 104.866302490234 107.651702880859 114.467002868652 118.875297546387 141.039001464844 126.778396606445 137.438293457031 124.8291015625 92.8124389648438 72.769401550293 62.2679290771484 53.0597686767578 44.4812889099121 37.5370407104492 38.5692291259766 39.6021614074707 41.260368347168 41.5891799926758 40.5589218139648 35.8508682250977 32.8423614501953 32.8358688354492 33.8936614990234 35.9299011230469 37.6191482543945 39.3162498474121 -3.4e+38 -3.4e+38 -3.4e+38 -3.4e+38 -3.4e+38 -3.4e+38 -3.4e+38
83.2500534057617 70.5290679931641 77.36669921875 76.376091003418 70.5009613037109 62.658561706543 48.9782485961914 55.6543388366699 51.3609809875488 37.1514091491699 40.7903518676758 58.6521301269531 65.9383163452148 72.892936706543 91.5867233276367 99.4331817626953 104.245597839355 110.01969909668 115.273902893066 91.8004989624023 104.72200012207 102.4375 80.6905517578125 65.2625427246094 60.0325202941895 57.7633399963379 54.1811218261719 52.5740394592285 50.9536018371582 50.3330993652344 50.0473289489746 49.7029418945312 47.0329513549805 43.3073883056641 40.6088790893555 37.2611618041992 39.2988815307617 42.3414115905762 44.3729095458984 46.0708618164062 -3.4e+38 -3.4e+38 -3.4e+38 -3.4e+38 -3.4e+38 -3.4e+38 -3.4e+38
66.695686340332 79.8388595581055 69.553108215332 67.6880874633789 68.1404418945312 65.1237564086914 58.8482894897461 51.3923492431641 36.1582984924316 34.5105781555176 34.4978713989258 37.1357116699219 43.06298828125 60.3092308044434 75.9109420776367 90.2190322875977 94.049072265625 96.9745407104492 95.1560974121094 81.620849609375 67.4409408569336 66.8480987548828 63.6082611083984 66.9734191894531 68.034309387207 66.4392318725586 71.4293899536133 70.8269577026367 66.982307434082 65.4090423583984 62.5132904052734 62.231861114502 60.8950500488281 57.5149993896484 54.8101501464844 49.1173896789551 49.4565811157227 53.7933616638184 56.4905204772949 56.8267593383789 -3.4e+38 -3.4e+38 -3.4e+38 -3.4e+38 -3.4e+38 -3.4e+38 -3.4e+38
43.9978981018066 54.9831886291504 55.0070495605469 56.0207481384277 59.3061485290527 66.1545028686523 53.4306602478027 53.4196090698242 50.0051002502441 40.4588813781738 36.1663017272949 37.159309387207 39.4436187744141 45.0926094055176 57.0391693115234 72.5150375366211 86.2755508422852 84.7756805419922 89.5859832763672 65.1413803100586 59.2338790893555 66.8857803344727 75.5227508544922 74.9296112060547 71.6853408813477 70.1474685668945 76.7754669189453 77.5161590576172 79.6124267578125 80.3835067749023 80.9076766967773 79.7772674560547 81.8219604492188 79.8037567138672 74.7382583618164 71.6884002685547 69.3368682861328 68.9816589355469 69.9800262451172 69.9716567993164 -3.4e+38 -3.4e+38 -3.4e+38 -3.4e+38 -3.4e+38 -3.4e+38 -3.4e+38
32.2724914550781 39.6098403930664 44.8893089294434 56.8852882385254 54.8801918029785 58.8966484069824 55.8881683349609 55.4639892578125 51.1025390625 42.1342010498047 36.1946296691895 43.4835014343262 45.7790412902832 36.5379409790039 37.896900177002 45.5363311767578 63.4562110900879 59.4905891418457 61.8230209350586 59.2297401428223 67.1668395996094 76.1091537475586 76.8121109008789 78.1628265380859 73.6641006469727 71.7465133666992 73.9940032958984 72.6938705444336 70.3511199951172 80.9458465576172 90.1955871582031 98.2095718383789 106.845397949219 107.866798400879 103.106002807617 95.3120880126953 91.2607421875 89.2064437866211 87.1541595458984 84.4699783325195 -3.4e+38 -3.4e+38 -3.4e+38 -3.4e+38 -3.4e+38 -3.4e+38 -3.4e+38
33.2951812744141 39.6059799194336 44.3263397216797 48.5956115722656 48.6202201843262 52.4944610595703 57.9333610534668 49.0697288513184 47.0358200073242 45.8306503295898 36.2220916748047 31.25830078125 39.8635787963867 47.1653785705566 52.6098594665527 53.5869598388672 50.8701782226562 52.215160369873 60.118049621582 62.6992607116699 66.5592269897461 67.5564880371094 70.8580093383789 70.2101898193359 67.3886489868164 67.4246826171875 66.3813781738281 66.1347274780273 62.4020004272461 63.0639495849609 70.9901733398438 95.7656097412109 132.774795532227 140.608795166016 133.455902099609 126.00520324707 115.181701660156 111.431098937988 106.679901123047 102.301803588867 -3.4e+38 -3.4e+38 -3.4e+38 -3.4e+38 -3.4e+38 -3.4e+38 -3.4e+38
30.8772296905518 37.6076202392578 41.9396705627441 43.3561782836914 47.2128791809082 47.676139831543 51.6787300109863 51.115478515625 42.86083984375 30.9584903717041 30.2999591827393 29.6284809112549 35.932258605957 38.5834197998047 42.2388496398926 51.6509895324707 54.6503105163574 47.4897804260254 52.3255615234375 55.3249015808105 55.8849983215332 56.0269393920898 60.9595909118652 59.9821281433105 60.1268692016602 61.8924293518066 63.2590103149414 63.6024398803711 58.5526008605957 54.5186195373535 55.4789390563965 73.8209228515625 143.854598999023 170.279495239258 162.134399414062 153.968795776367 142.787994384766 132.651397705078 127.20890045166 120.770301818848 -3.4e+38 -3.4e+38 -3.4e+38 -3.4e+38 -3.4e+38 -3.4e+38 -3.4e+38
30.3302707672119 38.0895881652832 41.5361785888672 41.3883094787598 44.8317909240723 44.8288307189941 43.8543281555176 42.8249588012695 39.5836486816406 30.9788799285889 34.2821311950684 40.582649230957 35.6274795532227 36.9885215759277 33.6571807861328 36.2213706970215 43.0845413208008 45.9448394775391 48.9465293884277 48.0918388366699 48.6468696594238 47.3736991882324 49.1039199829102 51.4234313964844 52.8473815917969 53.8897895812988 52.8101997375488 51.7905616760254 49.1812210083008 49.9160385131836 51.9678916931152 70.4953918457031 152.95539855957 194.201995849609 184.028701782227 174.166900634766 163.319000244141 154.522598266602 146.386001586914 138.597396850586 -3.4e+38 -3.4e+38 -3.4e+38 -3.4e+38 -3.4e+38 -3.4e+38 -3.4e+38
30.3995800018311 37.1305084228516 35.6835098266602 40.1549110412598 44.4875183105469 40.0070304870605 42.0377082824707 36.9775505065918 33.9765892028809 31.6693096160889 28.9991493225098 29.3300895690918 31.9920597076416 34.111270904541 34.670280456543 28.9734306335449 29.9520397186279 32.5411682128906 36.3758010864258 37.9602317810059 39.9897918701172 39.691291809082 41.965160369873 44.8542098999023 49.3924293518066 48.7563209533691 55.7122611999512 53.7453002929688 43.179271697998 43.7670593261719 48.6792602539062 53.3709411621094 101.63289642334 196.498504638672 195.796203613281 188.967102050781 181.160202026367 173.654006958008 165.511199951172 156.734298706055 -3.4e+38 -3.4e+38 -3.4e+38 -3.4e+38 -3.4e+38 -3.4e+38 -3.4e+38
29.8536396026611 34.7498092651367 35.747501373291 40.2264404296875 33.7449607849121 36.1850318908691 35.6231689453125 30.5631904602051 33.3585815429688 31.6877193450928 29.0109596252441 26.7002906799316 25.3889694213867 26.3932495117188 26.7273597717285 23.114070892334 23.2589797973633 25.2628402709961 29.1280307769775 30.7133102416992 33.7183609008789 34.2785301208496 36.8676490783691 37.8704681396484 41.1361503601074 40.7948799133301 42.8076095581055 40.1593589782715 39.2408714294434 39.2727508544922 42.3019104003906 42.5537986755371 76.6898498535156 185.005798339844 199.776092529297 199.034805297852 196.256805419922 189.432403564453 181.294403076172 172.82080078125 -3.4e+38 -3.4e+38 -3.4e+38 -3.4e+38 -3.4e+38 -3.4e+38 -3.4e+38
26.0234603881836 28.4707908630371 34.3685302734375 31.9199409484863 29.3341808319092 32.358570098877 31.7967300415039 29.7659797668457 28.7307090759277 30.0550403594971 23.7142601013184 23.4034996032715 24.4140396118164 24.4025802612305 23.095609664917 21.7277393341064 22.7026996612549 26.5664291381836 29.0150203704834 30.6023101806641 30.7470207214355 31.3058795928955 32.4799003601074 33.0411109924316 34.865161895752 35.227668762207 34.8813018798828 35.5432586669922 35.5548286437988 36.9379386901855 37.9407997131348 40.2398300170898 73.3633117675781 181.272994995117 200.779495239258 207.055099487305 207.294296264648 202.840103149414 195.058303833008 185.574005126953 176.095703125 192.841506958008 182.854202270508 172.987106323242 164.585296630859 156.331802368164 -3.4e+38
27.0868492126465 29.5351295471191 30.5390605926514 28.0928802490234 25.500919342041 27.5248203277588 28.1073093414307 25.9330005645752 24.8970909118652 22.8553791046143 19.9846801757812 22.4164009094238 19.1171894073486 20.1432704925537 19.727560043335 19.7255306243896 22.5893001556396 27.4890003204346 30.9404602050781 29.0497093200684 26.7700004577637 27.3306694030762 30.5221099853516 31.8669109344482 32.5381202697754 32.8759498596191 33.8722686767578 33.9288902282715 31.5845794677734 38.0463485717773 35.3178405761719 34.9332504272461 75.7694625854492 168.441101074219 199.042602539062 210.3916015625 216.677398681641 214.558502197266 206.067504882812 196.239501953125 214.08039855957 203.496795654297 193.060806274414 184.189102172852 175.930297851562 167.677398681641 -3.4e+38
20.7990894317627 19.3791007995605 20.8006496429443 23.2483806610107 23.2501602172852 22.6935405731201 23.6888008117676 22.7043800354004 21.0571193695068 20.0469493865967 19.1541595458984 18.1463108062744 18.1435794830322 20.1246604919434 17.7519702911377 18.7511501312256 21.2013206481934 21.2030906677246 23.6537208557129 24.2100791931152 23.3517208099365 23.4964904785156 25.5548992156982 27.2413806915283 28.5825805664062 29.6323509216309 32.6748390197754 34.354621887207 31.6726093292236 39.7859916687012 32.0179405212402 31.9684200286865 46.1341781616211 99.7294616699219 184.895202636719 211.060104370117 225.043701171875 222.228103637695 212.082504272461 201.257995605469 218.485702514648 209.624603271484 201.152099609375 192.864395141602 186.129302978516 177.413299560547 -3.4e+38
13.6673698425293 13.1081304550171 16.9543495178223 16.9559593200684 15.9780502319336 18.8441295623779 17.8131008148193 16.8285293579102 17.8281993865967 17.1818599700928 17.5922698974609 17.5876903533936 19.7941799163818 18.4916496276855 18.4840908050537 17.8358497619629 18.8564605712891 16.9203701019287 18.3659706115723 19.3694591522217 20.0741100311279 22.9130306243896 23.2583808898926 24.2655906677246 25.9544906616211 29.6789894104004 34.7580909729004 33.0810394287109 30.0199203491211 41.1515197753906 34.0625686645508 28.259729385376 31.6734294891357 61.3250999450684 151.189895629883 202.306304931641 219.680694580078 219.183197021484 208.030700683594 198.871200561523 218.81120300293 211.327606201172 205.569900512695 199.94580078125 193.771499633789 185.615097045898 -3.4e+38
5.40143823623657 4.98542594909668 9.25722980499268 9.25861263275146 9.25976753234863 12.1301603317261 11.0958499908447 13.5449895858765 12.5617799758911 15.790599822998 14.365909576416 16.1974391937256 18.1669692993164 17.5123996734619 17.5047092437744 15.8521604537964 16.1948299407959 16.8787307739258 18.2249908447266 16.5058307647705 19.2494506835938 19.5874004364014 20.9289302825928 21.2609004974365 22.9502601623535 25.3471698760986 30.722900390625 30.0812397003174 26.6844501495361 33.7774085998535 44.238208770752 35.4568710327148 32.724739074707 35.0820808410645 96.7099304199219 177.740600585938 195.113693237305 199.044692993164 194.597595214844 189.114898681641 209.173004150391 208.052398681641 206.397994995117 203.32389831543 198.268295288086 190.257598876953 -3.4e+38
1.54458498954773 1.54482305049896 4.00632905960083 1.96369099617004 5.40367984771729 6.82814502716064 6.827712059021 9.69579982757568 9.6926212310791 9.12812519073486 12.3586702346802 15.2332897186279 16.1865692138672 14.5214099884033 14.8877096176147 15.215220451355 14.5660400390625 15.2119998931885 16.2325801849365 16.9155292510986 16.9334506988525 17.2698307037354 17.5841407775879 19.2749996185303 21.321569442749 23.6995105743408 28.0940208435059 30.0860500335693 26.7346096038818 22.9918594360352 27.3893909454346 41.9041481018066 57.7180099487305 30.3864002227783 42.5073204040527 101.050102233887 151.413101196289 154.688507080078 158.630294799805 128.989395141602 156.898300170898 187.031799316406 199.44140625 202.998504638672 200.061294555664 193.321792602539 -3.4e+38
0.563123881816864 0.563201129436493 0.563257873058319 1.54540801048279 1.96404004096985 1.96407496929169 2.97127795219421 5.40430688858032 7.24055099487305 6.87255620956421 12.3207502365112 13.5860204696655 12.9294099807739 12.9137802124023 12.8910303115845 13.5996904373169 12.5805397033691 12.5777196884155 13.5795202255249 14.2422399520874 15.271089553833 16.3040599822998 16.2970008850098 16.627290725708 17.9912700653076 21.0221290588379 21.706859588623 22.70924949646 24.0331802368164 23.3404903411865 19.9768390655518 20.2786903381348 44.5932502746582 70.1794281005859 39.1598281860352 29.3816604614258 67.721549987793 103.967300415039 59.5705718994141 37.0183296203613 37.6572799682617 69.1542510986328 59.0909309387207 133.793197631836 193.774597167969 189.164398193359 182.970901489258
0.616061389446259 0.593480825424194 0.601020872592926 0.563436508178711 0.563372671604156 1.54568898677826 1.96426796913147 2.97131705284119 4.42109298706055 4.8614559173584 6.25855684280396 9.29429531097412 9.03259563446045 9.65862655639648 10.2846002578735 9.63998603820801 11.6040601730347 11.6012601852417 11.93630027771 11.9439096450806 13.2846202850342 14.3214702606201 14.3064804077148 14.3156404495239 14.6381301879883 16.6446495056152 17.9734401702881 16.2940292358398 17.9817008972168 20.3452796936035 20.0000190734863 17.6086902618408 17.6179103851318 30.4158592224121 60.7492713928223 65.0757827758789 72.1044464111328 35.7347717285156 26.2882194519043 20.5426807403564 22.54833984375 24.5424308776855 21.1742897033691 29.5577507019043 106.602897644043 161.091598510742 172.300704956055
0.585921227931976 0.563348710536957 0.563399910926819 0.563399910926819 0.578469216823578 0.563522815704346 1.12690305709839 1.54537498950958 2.97099208831787 3.44039392471313 3.43861699104309 7.36404895782471 4.74058294296265 7.01557397842407 9.00416946411133 9.00114631652832 9.61130237579346 10.9546298980713 10.6230897903442 10.952130317688 11.6434898376465 12.301739692688 12.6239595413208 13.6527299880981 13.6545400619507 14.6359796524048 16.3215808868408 14.9788904190063 15.3057498931885 15.6387500762939 15.9718503952026 17.3085193634033 16.3048992156982 15.6120100021362 16.5932197570801 21.6600894927979 52.5902404785156 49.5444602966309 36.0604286193848 28.9602699279785 26.6008205413818 22.8840599060059 16.17453956604 17.8428707122803 25.8711204528809 34.6170310974121 50.4053382873535
0.56329882144928 0.548230111598969 0.202766999602318 0.20278200507164 0.586042284965515 0.563789784908295 0.56367152929306 0.98248952627182 1.98966503143311 1.98881697654724 3.02342295646667 4.08582210540771 4.71411609649658 4.7197060585022 5.34688377380371 6.99127292633057 7.95975685119629 7.95635986328125 9.59302997589111 9.96882057189941 9.98421478271484 9.99228382110596 11.9754495620728 10.6545896530151 10.6555004119873 12.3179302215576 13.6528997421265 13.984580039978 13.6516199111938 15.3269901275635 13.6211795806885 13.2770795822144 13.592399597168 13.5946702957153 13.8914699554443 13.5609197616577 16.2477207183838 16.2323608398438 13.5324296951294 13.8313903808594 12.8261003494263 19.858549118042 17.4891109466553 16.4729900360107 14.7999696731567 19.170280456543 16.8076190948486
