ENMTML/All_vars/Predictors/EUR_CliMond/bio18.asc
NCOLS 411 
NROWS 214 
XLLCORNER -11.5 
YLLCORNER 35.666666666112 
CELLSIZE 0.166666666666667 
NODATA_value -3.4e+38 
[rows 21 to 41 of 214, columns 329 to 375 of 411]
-3.4e+38 -3.4e+38 -3.4e+38 -3.4e+38 -3.4e+38 146.192398071289 144.477005004883 145.486801147461 146.480606079102 146.808898925781 146.810699462891 146.810699462891 147.169204711914 148.175094604492 148.175094604492 148.492095947266 148.488098144531 -3.4e+38 -3.4e+38 -3.4e+38 -3.4e+38 -3.4e+38 -3.4e+38 -3.4e+38 -3.4e+38 -3.4e+38 -3.4e+38 -3.4e+38 -3.4e+38 -3.4e+38 -3.4e+38 -3.4e+38 138.220993041992 138.233001708984 140.882095336914 142.236892700195 144.878005981445 145.527206420898 147.527404785156 147.532104492188 146.529205322266 148.529800415039 149.177398681641 150.178100585938 151.184204101562 151.190902709961 152.195007324219
-3.4e+38 -3.4e+38 -3.4e+38 -3.4e+38 146.12939453125 145.49040222168 145.49040222168 147.126403808594 148.456893920898 148.449096679688 147.811904907227 147.807998657227 -3.4e+38 -3.4e+38 -3.4e+38 -3.4e+38 -3.4e+38 -3.4e+38 -3.4e+38 -3.4e+38 -3.4e+38 -3.4e+38 -3.4e+38 -3.4e+38 -3.4e+38 -3.4e+38 -3.4e+38 150.1708984375 150.172393798828 147.197692871094 147.840393066406 143.848999023438 143.850494384766 141.219802856445 142.21240234375 143.880599975586 145.511993408203 147.519104003906 147.534194946289 149.16569519043 149.16569519043 149.179092407227 151.172607421875 151.175903320312 152.825698852539 152.819198608398 152.82389831543
-3.4e+38 -3.4e+38 -3.4e+38 147.769104003906 147.12629699707 148.757904052734 148.759399414062 150.108993530273 150.094100952148 149.450393676758 -3.4e+38 -3.4e+38 -3.4e+38 -3.4e+38 -3.4e+38 -3.4e+38 -3.4e+38 -3.4e+38 -3.4e+38 -3.4e+38 -3.4e+38 -3.4e+38 -3.4e+38 -3.4e+38 -3.4e+38 -3.4e+38 -3.4e+38 152.16569519043 152.174194335938 152.811492919922 154.814498901367 154.826202392578 152.487106323242 151.849197387695 149.496994018555 147.861602783203 147.520797729492 148.161804199219 149.16569519043 150.173492431641 151.806900024414 151.806900024414 151.818603515625 152.820999145508 152.820999145508 154.470993041992 155.463592529297
-3.4e+38 -3.4e+38 149.404998779297 150.398101806641 151.396499633789 151.742095947266 151.742095947266 151.103302001953 152.096801757812 152.735702514648 154.07389831543 155.063903808594 -3.4e+38 -3.4e+38 -3.4e+38 -3.4e+38 -3.4e+38 -3.4e+38 -3.4e+38 -3.4e+38 -3.4e+38 -3.4e+38 -3.4e+38 -3.4e+38 -3.4e+38 -3.4e+38 157.778793334961 157.780700683594 155.154205322266 155.799896240234 156.819702148438 158.485305786133 160.129898071289 157.492706298828 156.143798828125 153.491394042969 153.150299072266 152.147705078125 152.152603149414 152.152603149414 152.152603149414 152.16259765625 153.790802001953 154.464294433594 154.470993041992 155.463592529297 156.452102661133
-3.4e+38 -3.4e+38 -3.4e+38 -3.4e+38 -3.4e+38 151.737503051758 152.746002197266 154.38200378418 154.369293212891 155.077392578125 155.077392578125 156.079498291016 156.069793701172 157.405303955078 -3.4e+38 -3.4e+38 -3.4e+38 -3.4e+38 -3.4e+38 -3.4e+38 -3.4e+38 -3.4e+38 -3.4e+38 -3.4e+38 -3.4e+38 -3.4e+38 160.753601074219 160.767196655273 160.767196655273 159.778793334961 159.808395385742 161.460098266602 166.102096557617 165.761093139648 163.762893676758 161.773193359375 158.798202514648 158.793197631836 156.430297851562 155.429306030273 155.442794799805 156.444900512695 156.440200805664 156.442001342773 156.453506469727 157.45100402832 158.450500488281
-3.4e+38 -3.4e+38 -3.4e+38 -3.4e+38 -3.4e+38 -3.4e+38 -3.4e+38 157.352600097656 157.361297607422 158.354598999023 159.351593017578 159.69270324707 159.69270324707 160.059494018555 160.061096191406 -3.4e+38 -3.4e+38 -3.4e+38 -3.4e+38 -3.4e+38 -3.4e+38 -3.4e+38 -3.4e+38 164.055099487305 164.758605957031 164.739196777344 163.100692749023 163.095504760742 163.400497436523 163.432495117188 164.08349609375 165.741104125977 166.10710144043 165.765899658203 163.75439453125 160.764205932617 161.768402099609 160.423294067383 159.429000854492 160.438293457031 161.077102661133 160.441299438477 160.441299438477 159.095901489258 160.1083984375 160.1083984375 160.742401123047
-3.4e+38 -3.4e+38 -3.4e+38 -3.4e+38 -3.4e+38 -3.4e+38 158.997604370117 159.998992919922 160.003692626953 161.352798461914 162.333694458008 162.333694458008 162.333694458008 163.33479309082 163.04150390625 163.03840637207 164.03190612793 164.018707275391 165.012405395508 165.365097045898 166.359100341797 166.718597412109 166.699203491211 167.036605834961 167.402801513672 168.390899658203 167.735198974609 166.375305175781 166.393005371094 165.404907226562 165.415298461914 166.073501586914 168.720901489258 167.382507324219 163.405197143555 162.402603149414 165.052093505859 166.062606811523 166.062606811523 166.074295043945 166.080993652344 165.073394775391 164.730697631836 167.732406616211 166.38200378418 164.730697631836 166.377304077148
-3.4e+38 -3.4e+38 -3.4e+38 -3.4e+38 -3.4e+38 -3.4e+38 161.64680480957 162.643203735352 162.985992431641 162.981292724609 164.979507446289 164.978302001953 166.326705932617 166.318496704102 166.318496704102 167.320495605469 167.66130065918 168.020095825195 168.001403808594 168.007904052734 169.00309753418 170.339599609375 170.341003417969 170.695693969727 167.593994140625 167.581893920898 166.777603149414 165.848495483398 164.603500366211 163.744705200195 164.56950378418 164.579498291016 167.398498535156 167.283905029297 164.361602783203 164.361602783203 164.361602783203 163.432098388672 166.246200561523 166.255905151367 166.082901000977 164.326095581055 165.143905639648 167.146697998047 166.212097167969 167.14469909668 166.210296630859
-3.4e+38 -3.4e+38 -3.4e+38 -3.4e+38 -3.4e+38 165.258499145508 165.258499145508 166.261306762695 167.258605957031 168.607604980469 168.607604980469 167.978302001953 168.975494384766 167.962005615234 167.956802368164 167.949493408203 170.297302246094 171.298202514648 172.63639831543 172.007202148438 168.242004394531 168.233795166016 170.354705810547 170.351104736328 170.349197387695 169.539001464844 170.475006103516 170.47819519043 169.477905273438 167.356704711914 164.571304321289 166.457901000977 167.33740234375 167.345397949219 167.171005249023 166.236602783203 166.236602783203 166.236602783203 167.238693237305 169.060501098633 170.067306518555 169.131103515625 168.129104614258 168.949005126953 169.010406494141 169.015106201172 170.025100708008
164.55549621582 163.924392700195 -3.4e+38 -3.4e+38 167.907699584961 167.907699584961 167.907699584961 170.255798339844 170.255798339844 171.261596679688 171.256805419922 171.24870300293 172.586807250977 172.586807250977 170.950393676758 172.945098876953 172.951904296875 172.682693481445 169.933395385742 169.933303833008 171.059906005859 171.059906005859 173.97509765625 173.173492431641 173.161697387695 173.153503417969 173.169998168945 173.348007202148 173.173400878906 170.360794067383 169.248901367188 169.260803222656 170.073699951172 170.148193359375 169.217193603516 169.217193603516 169.039505004883 168.110000610352 168.105102539062 170.864395141602 170.933700561523 171.943801879883 172.009994506836 172.00520324707 170.999496459961 172.00520324707 173.810699462891
167.195205688477 168.196395874023 168.196395874023 168.537200927734 170.537292480469 170.544204711914 170.889892578125 173.531204223633 172.888397216797 172.888397216797 172.888397216797 175.235992431641 175.232696533203 174.235702514648 170.643707275391 173.38459777832 174.627593994141 174.561004638672 175.490203857422 174.682006835938 173.73469543457 174.851593017578 177.677307128906 176.850997924805 177.028594970703 177.037094116211 177.041702270508 177.039901733398 177.039901733398 175.856796264648 173.123794555664 173.125595092773 175.947402954102 175.952606201172 173.772094726562 172.023406982422 172.027893066406 171.110000610352 170.930603027344 170.933700561523 173.740005493164 174.922805786133 175.554901123047 175.809906005859 174.685104370117 173.880294799805 172.7001953125
169.831695556641 169.831695556641 171.178207397461 171.178207397461 171.178207397461 172.175598144531 173.517700195312 174.525207519531 173.531097412109 172.888397216797 175.531204223633 173.260192871094 174.19450378418 175.257995605469 175.249801635742 175.427597045898 175.427597045898 174.627593994141 175.563598632812 175.563598632812 176.738296508789 177.738906860352 178.545501708984 177.738906860352 177.740798950195 178.917404174805 178.915496826172 177.670700073242 178.745895385742 176.734893798828 176.737899780273 176.746200561523 177.819595336914 180.81950378418 179.646102905273 177.830902099609 175.651901245117 174.71760559082 173.917495727539 174.722396850586 172.80549621582 173.615005493164 175.616302490234 175.616302490234 175.684005737305 172.869903564453 175.682403564453
172.804794311523 172.804794311523 174.823303222656 174.820098876953 174.811798095703 173.819396972656 176.160293579102 173.885696411133 173.880599975586 173.07600402832 173.88720703125 174.131301879883 176.065795898438 176.067596435547 177.251007080078 178.249801635742 178.24169921875 177.43359375 177.437103271484 178.24169921875 179.353500366211 180.418899536133 180.418899536133 180.418899536133 180.427093505859 180.606506347656 180.604598999023 179.800003051758 180.604598999023 180.434906005859 179.630096435547 178.627700805664 178.627700805664 178.635604858398 177.515594482422 175.716705322266 174.722396850586 175.786193847656 174.722396850586 175.542098999023 174.673904418945 174.673904418945 177.670394897461 177.492797851562 176.492202758789 176.488998413086 176.487197875977
174.39469909668 173.572204589844 175.378997802734 176.568603515625 176.568603515625 175.759094238281 175.751098632812 175.748992919922 175.752502441406 176.686798095703 176.864593505859 177.935897827148 178.870300292969 179.049896240234 180.115005493164 181.049301147461 181.933303833008 181.062393188477 181.040893554688 181.223693847656 181.233596801758 182.300399780273 183.238098144531 184.295196533203 184.295196533203 183.490493774414 183.432098388672 183.42219543457 182.488204956055 182.492706298828 182.313293457031 181.503601074219 181.508407592773 182.324203491211 180.585296630859 180.509002685547 179.400207519531 179.400207519531 178.592407226562 177.591506958008 176.413192749023 175.478805541992 177.48779296875 177.489700317383 179.474197387695 178.361801147461 177.555404663086
178.374099731445 178.365905761719 178.365905761719 179.300094604492 179.300094604492 178.566497802734 178.566497802734 178.566497802734 178.553497314453 178.735900878906 178.740798950195 179.676696777344 180.740295410156 181.849304199219 181.849304199219 184.66960144043 185.921005249023 185.912902832031 184.91569519043 184.115905761719 184.920501708984 184.917694091797 186.176895141602 188.909896850586 188.99560546875 188.987594604492 188.925994873047 188.121307373047 188.121307373047 187.181900024414 187.181900024414 185.308303833008 187.189697265625 187.189697265625 186.328002929688 186.328002929688 185.199798583984 185.211196899414 186.213195800781 186.213195800781 184.279693603516 181.276596069336 179.47590637207 179.542205810547 179.47590637207 179.362899780273 178.428405761719
181.173492431641 181.165405273438 181.173492431641 181.170196533203 181.170196533203 182.104202270508 181.477294921875 181.548492431641 181.548492431641 181.54020690918 182.474197387695 182.474197387695 183.471298217773 183.717300415039 183.722305297852 184.736297607422 185.735107421875 185.913101196289 186.719299316406 187.733306884766 188.908294677734 189.789398193359 189.799102783203 189.802307128906 189.868804931641 189.870407104492 190.875305175781 190.870803833008 190.875106811523 191.995407104492 190.181701660156 189.005096435547 190.002197265625 190.01350402832 190.005401611328 187.188095092773 187.071701049805 188.195007324219 190.08740234375 192.824096679688 191.08479309082 188.093002319336 184.164901733398 183.096496582031 181.344299316406 183.222305297852 184.163299560547
182.975494384766 183.975997924805 183.975997924805 184.153793334961 184.149993896484 183.345397949219 183.345397949219 184.347900390625 184.347900390625 186.149597167969 188.345199584961 189.279006958008 187.348205566406 183.724105834961 186.537902832031 186.539901733398 186.607894897461 186.785903930664 189.52490234375 189.603393554688 191.665405273438 192.606796264648 194.47819519043 196.485992431641 197.490997314453 192.556594848633 194.754501342773 197.557403564453 196.690902709961 194.678497314453 193.870300292969 193.797607421875 190.876495361328 191.873901367188 191.807403564453 191.88200378418 191.88200378418 190.879501342773 191.885101318359 191.957595825195 191.889694213867 191.889694213867 188.965805053711 187.956893920898 185.97200012207 185.97200012207 190.974792480469
186.757095336914 187.757705688477 187.762405395508 187.762405395508 186.957702636719 186.954193115234 186.149597167969 186.149597167969 187.08349609375 187.088500976562 187.335906982422 188.336898803711 187.331405639648 187.331405639648 187.339706420898 188.408096313477 188.409805297852 188.409805297852 189.596405029297 190.408004760742 191.474899291992 193.482498168945 195.352996826172 195.549896240234 198.363998413086 195.449798583984 195.449798583984 198.371795654297 197.5625 197.487899780273 193.556701660156 192.756698608398 192.751693725586 194.865905761719 194.873794555664 191.878692626953 192.884002685547 190.950500488281 192.892105102539 191.957595825195 193.759994506836 192.95329284668 192.95329284668 191.952606201172 189.847793579102 190.845306396484 192.019104003906
189.567596435547 189.561096191406 189.690704345703 189.761596679688 189.764999389648 189.761596679688 189.761596679688 188.961898803711 190.073501586914 190.141906738281 190.141906738281 189.199295043945 190.133407592773 190.14680480957 190.14680480957 189.341995239258 190.215103149414 191.395095825195 193.210494995117 196.203994750977 199.273895263672 200.282699584961 198.354293823242 198.354293823242 198.43359375 198.303802490234 196.262298583984 197.427703857422 196.611801147461 195.544906616211 196.54670715332 196.554794311523 195.741897583008 195.749801635742 193.758499145508 190.939697265625 193.751907348633 195.571792602539 195.571792602539 197.76350402832 201.570297241211 197.826507568359 194.828201293945 194.766799926758 193.824203491211 193.643600463867 193.828796386719
191.558502197266 191.558502197266 191.558502197266 192.505493164062 192.505493164062 192.572006225586 191.767395019531 191.763793945312 191.941604614258 191.945297241211 193.017303466797 193.017303466797 192.025100708008 193.013702392578 191.212203979492 191.212203979492 191.215301513672 192.266296386719 194.278900146484 197.267501831055 199.151000976562 203.895004272461 203.966201782227 203.044799804688 203.040405273438 201.108596801758 199.242904663086 197.237197875977 196.239898681641 197.414901733398 196.608093261719 196.352905273438 193.553298950195 192.738693237305 193.746994018555 193.75700378418 195.559005737305 197.742797851562 198.555694580078 199.570495605469 199.570495605469 202.391204833984 201.448593139648 196.63850402832 196.63850402832 196.630401611328 196.646606445312
193.371994018555 194.297500610352 194.371002197266 193.569198608398 193.569198608398 193.562606811523 193.562606811523 192.760894775391 193.811599731445 194.755798339844 195.81950378418 194.760803222656 194.022506713867 194.026000976562 194.017593383789 194.017593383789 193.088394165039 193.085601806641 195.070205688477 196.147506713867 198.145294189453 202.950393676758 204.770797729492 203.832107543945 206.027099609375 203.916107177734 203.916107177734 202.037796020508 200.21940612793 197.406600952148 197.409805297852 195.406997680664 193.543502807617 193.543502807617 192.800003051758 193.612701416016 195.559005737305 196.630798339844 196.564407348633 195.629592895508 198.445495605469 201.439102172852 205.440902709961 206.245895385742 204.259292602539 201.501907348633 199.694702148438
