ENMTML/All_vars/Predictors/EUR_CliMond/bio18.asc
NCOLS 411 
NROWS 214 
XLLCORNER -11.5 
YLLCORNER 35.666666666112 
CELLSIZE 0.166666666666667 
NODATA_value -3.4e+38 
[rows 21 to 41 of 214, columns 188 to 234 of 411]
194.95100402832 196.809494018555 199.671203613281 200.483596801758 195.768203735352 190.211807250977 183.490005493164 182.492797851562 176.877593994141 174.949798583984 173.952194213867 175.071105957031 175.137405395508 174.326904296875 172.518295288086 173.506103515625 172.718200683594 171.898803710938 173.645904541016 170.915893554688 171.102401733398 168.302200317383 171.295501708984 171.298706054688 174.294403076172 174.302795410156 177.033706665039 174.217193603516 172.283004760742 172.206207275391 172.197296142578 173.999298095703 174.929306030273 176.800994873047 178.783996582031 181.603698730469 182.408096313477 184.220794677734 185.091598510742 184.093505859375 181.983093261719 182.978500366211 183.899505615234 183.888595581055 185.819305419922 185.876205444336 185.062698364258
196.923202514648 199.797393798828 200.599502563477 198.664703369141 198.742904663086 193.1376953125 188.207702636719 185.596206665039 185.598495483398 179.99870300293 177.258407592773 176.261001586914 173.462600708008 171.452697753906 169.830993652344 170.714401245117 169.029403686523 169.104904174805 172.035995483398 173.095092773438 171.23210144043 168.428207397461 168.496200561523 171.431503295898 170.492492675781 173.238693237305 176.240997314453 173.409698486328 173.411499023438 173.397598266602 171.398300170898 172.386993408203 175.936004638672 176.004104614258 176.808898925781 180.791198730469 181.604400634766 181.489303588867 183.294692993164 183.116897583008 183.061096191406 183.054397583008 184.051803588867 183.980392456055 183.980392456055 184.884704589844 185.880096435547
199.919296264648 202.710601806641 204.514297485352 204.593505859375 200.7958984375 195.046493530273 192.247894287109 186.703399658203 182.972106933594 181.170394897461 178.252105712891 178.555297851562 175.557998657227 171.825393676758 167.218704223633 167.222198486328 166.413497924805 166.4208984375 167.481597900391 167.491806030273 165.625106811523 164.689498901367 165.81120300293 167.630004882812 167.873794555664 170.610107421875 170.611694335938 173.528900146484 172.42219543457 172.417098999023 172.526794433594 175.336196899414 176.142593383789 177.947998046875 177.947998046875 179.994003295898 181.809600830078 182.616302490234 185.307601928711 184.382293701172 184.075698852539 184.141799926758 184.994400024414 187.989700317383 187.961700439453 185.892700195312 185.08610534668
195.102493286133 198.082794189453 198.899505615234 197.972702026367 196.223297119141 195.440795898438 193.441101074219 189.709197998047 185.103103637695 178.558807373047 177.561599731445 180.563201904297 176.759094238281 171.959396362305 167.422393798828 166.422302246094 165.604507446289 163.802597045898 164.620803833008 164.807006835938 164.817199707031 166.005294799805 165.007904052734 165.0126953125 167.820602416992 169.000198364258 171.746704101562 172.798599243164 172.554794311523 172.544906616211 172.544906616211 174.534698486328 176.328399658203 177.267593383789 178.083999633789 179.952499389648 181.756500244141 184.634201049805 188.254806518555 186.38850402832 187.018600463867 186.071594238281 186.009796142578 188.737503051758 186.166702270508 184.907592773438 185.093200683594
196.27099609375 199.086196899414 197.158905029297 196.339599609375 198.104797363281 188.813598632812 185.905303955078 181.282196044922 178.492599487305 176.751403808594 174.949905395508 171.149398803711 170.342102050781 173.34309387207 167.717697143555 165.796997070312 162.986206054688 163.938995361328 166.003692626953 168.744598388672 169.010101318359 166.207107543945 166.208602905273 166.207000732422 166.142303466797 168.201400756836 169.940704345703 170.947799682617 170.939804077148 171.74479675293 171.735000610352 171.735107421875 174.654006958008 179.280303955078 178.337799072266 179.147796630859 181.960296630859 185.826904296875 184.713302612305 185.518295288086 187.325500488281 189.195693969727 191.922302246094 189.997497558594 187.927703857422 186.101104736328 187.098403930664
200.008499145508 195.279296875 195.340606689453 196.47900390625 192.72900390625 190.818099975586 189.207992553711 186.404006958008 179.794692993164 174.130294799805 169.526901245117 168.535202026367 164.980194091797 167.736801147461 166.988693237305 165.125198364258 163.188995361328 161.320602416992 163.381896972656 163.407501220703 168.342193603516 166.331100463867 164.389495849609 162.407592773438 162.593200683594 168.149200439453 170.201705932617 170.130798339844 172.138595581055 172.942001342773 171.920394897461 173.667694091797 174.662094116211 174.662094116211 176.591995239258 180.272796630859 183.272705078125 182.9541015625 184.763107299805 186.631607055664 188.509994506836 190.138397216797 190.119995117188 190.10969543457 189.918701171875 186.111801147461 188.91389465332
192.39990234375 188.853500366211 189.742202758789 192.748199462891 193.855499267578 190.126495361328 185.338195800781 183.726104736328 183.812606811523 179.190505981445 175.458206176758 168.921401977539 165.118499755859 163.316604614258 161.380401611328 165.317901611328 163.502395629883 160.589904785156 162.716995239258 163.521896362305 164.789794921875 168.348999023438 166.600006103516 163.792999267578 161.607696533203 168.414093017578 168.345199584961 167.343002319336 170.075698852539 171.077896118164 174.060501098633 175.866104125977 174.865600585938 173.847106933594 175.589492797852 178.584503173828 181.463592529297 182.087600708008 181.948394775391 184.824401855469 186.626403808594 188.32080078125 191.064193725586 191.12190246582 189.293106079102 188.102600097656 189.100296020508
191.654403686523 190.667007446289 189.046798706055 182.516296386719 186.320907592773 187.528198242188 183.729598999023 181.110794067383 181.2001953125 180.388198852539 177.594192504883 173.037002563477 167.431594848633 163.630294799805 159.898193359375 158.96369934082 161.898696899414 159.163497924805 161.909698486328 163.905502319336 162.912002563477 164.919799804688 165.733795166016 163.927307128906 162.994995117188 168.550201416016 168.542495727539 165.734603881836 167.525207519531 170.267303466797 173.068893432617 174.073196411133 174.865203857422 174.802200317383 174.975204467773 176.780807495117 178.583099365234 179.267105102539 181.14030456543 183.888397216797 184.638397216797 186.44059753418 189.243392944336 189.243392944336 189.229598999023 190.035995483398 193.029098510742
198.407897949219 192.867904663086 188.069305419922 181.714599609375 177.171203613281 178.164505004883 178.373794555664 176.577697753906 175.772094726562 173.166000366211 172.169006347656 168.364303588867 170.553207397461 168.767196655273 161.102005004883 157.29670715332 156.539398193359 156.551605224609 156.548400878906 160.111999511719 164.111602783203 164.115997314453 161.125396728516 163.127899169922 165.929901123047 164.929992675781 166.935302734375 165.741394042969 168.727600097656 171.467300415039 173.082992553711 173.075500488281 172.99040222168 172.982406616211 175.800003051758 178.728897094727 178.57470703125 177.464706420898 179.265197753906 182.879592895508 184.575302124023 186.377502441406 190.177001953125 192.223098754883 189.229598999023 193.044692993164 198.845794677734
200.613998413086 196.986892700195 189.277206420898 182.913101196289 181.119003295898 174.584899902344 172.768203735352 171.957305908203 171.354202270508 167.551300048828 164.813507080078 160.206802368164 162.209594726562 164.213302612305 161.482696533203 159.482192993164 159.491592407227 156.680297851562 156.684494018555 160.506500244141 162.494003295898 162.50520324707 161.571304321289 162.376007080078 163.148300170898 166.134704589844 167.128005981445 167.755996704102 168.735000610352 168.476699829102 168.46760559082 170.257904052734 169.0751953125 172.982406616211 175.787094116211 176.596893310547 178.399002075195 182.38639831543 184.077194213867 184.877197265625 188.678802490234 188.549499511719 188.375198364258 190.177001953125 192.974197387695 195.027206420898 199.779998779297
192.080001831055 192.256698608398 190.658905029297 187.920700073242 183.302398681641 175.951293945312 168.408905029297 170.34880065918 170.54020690918 166.748504638672 161.395004272461 157.593002319336 156.787292480469 156.053405761719 157.802597045898 156.867492675781 155.997497558594 154.065002441406 155.878997802734 159.689102172852 159.704803466797 160.699096679688 160.511093139648 160.52490234375 161.522003173828 163.403701782227 164.338394165039 164.138595581055 164.932998657227 165.738906860352 166.648300170898 168.265594482422 169.07080078125 171.810501098633 175.790405273438 178.526596069336 179.397903442383 181.199905395508 183.00700378418 184.877304077148 187.618194580078 189.481597900391 190.48420715332 191.350006103516 193.152206420898 195.96110534668 198.777297973633
190.480102539062 183.919692993164 183.120193481445 182.324203491211 182.454193115234 180.706207275391 175.282302856445 172.485107421875 165.129104614258 162.390594482422 159.773406982422 154.98030090332 154.250900268555 150.627197265625 151.445404052734 150.635894775391 151.440795898438 153.256500244141 154.260803222656 156.064605712891 157.082107543945 156.901306152344 158.898193359375 160.707305908203 161.784606933594 161.542007446289 161.534301757812 163.148101806641 163.949005126953 164.741394042969 166.470703125 169.204605102539 171.002502441406 171.98210144043 172.791595458984 175.594299316406 178.334106445312 180.200805664062 182.002807617188 183.871002197266 185.611602783203 187.484802246094 192.288696289062 191.156692504883 192.280395507812 194.148895263672 197.953506469727
193.483703613281 193.676696777344 187.129898071289 183.634796142578 174.966506958008 176.279693603516 170.740905761719 169.128005981445 167.317398071289 164.703598022461 158.970703125 153.367294311523 151.562194824219 148.016006469727 148.017395019531 -3.4e+38 -3.4e+38 -3.4e+38 153.260192871094 154.261901855469 154.279907226562 -3.4e+38 -3.4e+38 158.902801513672 159.908294677734 -3.4e+38 -3.4e+38 163.141006469727 162.933502197266 163.922805786133 166.467697143555 167.451202392578 168.072204589844 170.804092407227 172.60270690918 175.405303955078 178.141098022461 180.187194824219 181.999496459961 184.804901123047 186.606903076172 187.479705810547 190.220596313477 190.220596313477 192.090606689453 195.064895629883 201.893096923828
197.499206542969 197.625793457031 194.070404052734 188.465606689453 182.097396850586 177.486099243164 171.876098632812 168.31950378418 165.453796386719 163.907592773438 159.293304443359 154.678207397461 150.127502441406 148.327606201172 148.327606201172 -3.4e+38 -3.4e+38 -3.4e+38 -3.4e+38 -3.4e+38 -3.4e+38 -3.4e+38 -3.4e+38 -3.4e+38 -3.4e+38 -3.4e+38 -3.4e+38 -3.4e+38 -3.4e+38 -3.4e+38 -3.4e+38 165.266006469727 167.000396728516 168.864196777344 171.60530090332 175.212097167969 176.386703491211 179.124496459961 180.003997802734 182.73469543457 184.796203613281 188.41130065918 189.405395507812 190.210205078125 192.083602905273 195.064895629883 197.886306762695
195.897506713867 195.081497192383 192.454803466797 190.84700012207 187.108200073242 181.683395385742 176.068206787109 169.447402954102 163.841598510742 161.277206420898 158.483596801758 154.745697021484 152.133499145508 -3.4e+38 -3.4e+38 -3.4e+38 -3.4e+38 -3.4e+38 -3.4e+38 -3.4e+38 -3.4e+38 -3.4e+38 -3.4e+38 -3.4e+38 -3.4e+38 -3.4e+38 -3.4e+38 -3.4e+38 -3.4e+38 -3.4e+38 -3.4e+38 -3.4e+38 -3.4e+38 166.789199829102 170.459106445312 173.205307006836 176.186706542969 178.934600830078 180.989395141602 182.736404418945 184.604705810547 187.522903442383 189.385894775391 192.146102905273 193.194900512695 195.99870300293 197.811294555664
194.153900146484 191.361099243164 188.67610168457 187.129302978516 184.436096191406 182.817794799805 179.194595336914 172.648498535156 167.02099609375 162.478302001953 158.678497314453 -3.4e+38 -3.4e+38 -3.4e+38 -3.4e+38 -3.4e+38 -3.4e+38 -3.4e+38 -3.4e+38 -3.4e+38 -3.4e+38 -3.4e+38 -3.4e+38 -3.4e+38 -3.4e+38 -3.4e+38 -3.4e+38 -3.4e+38 -3.4e+38 -3.4e+38 -3.4e+38 -3.4e+38 165.662002563477 167.592697143555 169.462997436523 172.391799926758 176.001495361328 178.993698120117 182.725601196289 183.789306640625 186.530197143555 187.341796875 190.324493408203 192.128402709961 193.942001342773 195.998504638672 198.739196777344
191.367599487305 189.754196166992 188.125 183.510894775391 184.644500732422 179.194107055664 174.654205322266 168.919097900391 167.227996826172 163.478103637695 -3.4e+38 -3.4e+38 -3.4e+38 -3.4e+38 -3.4e+38 -3.4e+38 -3.4e+38 -3.4e+38 -3.4e+38 -3.4e+38 -3.4e+38 -3.4e+38 -3.4e+38 -3.4e+38 -3.4e+38 -3.4e+38 -3.4e+38 -3.4e+38 -3.4e+38 165.442092895508 -3.4e+38 -3.4e+38 -3.4e+38 167.403793334961 169.281097412109 172.192398071289 175.998092651367 178.805297851562 181.72900390625 184.722900390625 186.524597167969 189.516799926758 191.253204345703 193.12809753418 196.050003051758 197.931396484375 200.910903930664
186.944793701172 186.131301879883 184.521896362305 181.900894165039 178.093597412109 176.475997924805 171.040496826172 167.227005004883 164.669799804688 -3.4e+38 -3.4e+38 -3.4e+38 -3.4e+38 -3.4e+38 -3.4e+38 -3.4e+38 -3.4e+38 -3.4e+38 -3.4e+38 -3.4e+38 -3.4e+38 -3.4e+38 -3.4e+38 -3.4e+38 -3.4e+38 -3.4e+38 -3.4e+38 -3.4e+38 -3.4e+38 166.197296142578 166.998397827148 165.787399291992 166.578094482422 167.202301025391 169.250396728516 173.122192382812 177.908905029297 180.735702514648 181.718307495117 184.53630065918 188.264602661133 191.254699707031 193.062194824219 195.044006347656 196.980697631836 198.863006591797 200.843399047852
189.953796386719 187.339004516602 183.790603637695 180.110000610352 176.475692749023 172.921997070312 171.234802246094 167.497497558594 166.679000854492 -3.4e+38 -3.4e+38 -3.4e+38 -3.4e+38 -3.4e+38 -3.4e+38 -3.4e+38 -3.4e+38 -3.4e+38 -3.4e+38 -3.4e+38 -3.4e+38 -3.4e+38 -3.4e+38 -3.4e+38 -3.4e+38 -3.4e+38 -3.4e+38 -3.4e+38 167.386993408203 168.304992675781 169.917404174805 170.719299316406 170.387100219727 171.200897216797 171.200897216797 174.92399597168 177.908905029297 180.735702514648 184.523803710938 187.457901000977 190.261795043945 193.188995361328 196.169998168945 197.050201416016 199.796295166016 202.783096313477 204.76220703125
188.34700012207 187.526794433594 185.919403076172 181.288803100586 175.675704956055 174.058898925781 170.435104370117 169.616104125977 167.992202758789 166.048400878906 -3.4e+38 -3.4e+38 -3.4e+38 -3.4e+38 -3.4e+38 -3.4e+38 -3.4e+38 -3.4e+38 -3.4e+38 -3.4e+38 -3.4e+38 -3.4e+38 -3.4e+38 -3.4e+38 -3.4e+38 -3.4e+38 -3.4e+38 170.496704101562 171.308303833008 174.930603027344 173.728897094727 173.526794433594 175.319305419922 175.125198364258 175.929504394531 178.919494628906 181.669403076172 184.652801513672 187.586898803711 191.195007324219 192.384506225586 194.190994262695 196.179504394531 198.982894897461 199.964797973633 202.779495239258 205.690704345703
188.609603881836 185.921997070312 186.112503051758 179.494598388672 177.881607055664 176.25700378418 172.622695922852 169.804092407227 168.179794311523 167.173294067383 -3.4e+38 -3.4e+38 -3.4e+38 -3.4e+38 -3.4e+38 -3.4e+38 -3.4e+38 -3.4e+38 -3.4e+38 -3.4e+38 -3.4e+38 -3.4e+38 -3.4e+38 -3.4e+38 -3.4e+38 169.945495605469 170.684097290039 172.496505737305 175.108306884766 177.905807495117 178.655303955078 179.266403198242 179.251998901367 180.065902709961 180.870407104492 182.671997070312 184.656402587891 187.587295532227 190.396102905273 191.378402709961 194.190994262695 197.113006591797 197.113006591797 197.980606079102 200.89860534668 203.644607543945 204.695205688477
