ENMTML/All_vars/Predictors/EUR_CliMond/bio35.asc
NCOLS 411 
NROWS 214 
XLLCORNER -11.5 
YLLCORNER 35.666666666112 
CELLSIZE 0.166666666666667 
NODATA_value -3.4e+38 
[rows 160 to 179 of 214, columns 188 to 234 of 411]
1.02248799800873 1.01577699184418 1.01224505901337 1.01426899433136 1.00805902481079 0.998164772987366 0.987042486667633 0.978918075561523 0.980089724063873 0.987691223621368 0.990323483943939 1.01550495624542 1.01584196090698 1.01937699317932 1.01109397411346 1.00299000740051 0.953618288040161 0.969480574131012 0.985765099525452 0.97217208147049 0.959862411022186 0.92910760641098 0.926780998706818 0.915920615196228 0.906043291091919 0.889875173568726 0.864190816879272 0.863492906093597 0.865932285785675 0.857324123382568 0.850717604160309 0.85072648525238 0.850762009620667 0.848956227302551 0.855122923851013 0.858573794364929 0.866426527500153 0.865936517715454 0.853195607662201 0.841026782989502 0.824130415916443 0.806867480278015 0.787699520587921 0.772350072860718 0.763429522514343 0.750637114048004 0.748953878879547
1.03441894054413 1.02818500995636 1.0216189622879 1.01663398742676 1.01175403594971 1.00105094909668 0.994590282440186 0.985486388206482 0.988179385662079 0.989323019981384 1.00813698768616 1.01127302646637 1.02373898029327 1.00183594226837 1.00962197780609 0.976836025714874 0.958357810974121 0.972828984260559 0.981675684452057 0.984312117099762 0.979573488235474 0.961113810539246 0.937527179718018 0.928964674472809 0.91923052072525 0.903279721736908 0.888163924217224 0.877309679985046 0.877056002616882 0.863963782787323 0.863252222537994 0.864779412746429 0.864379286766052 0.870316386222839 0.875806272029877 0.883018910884857 0.892044126987457 0.898668229579926 0.887892484664917 0.863278090953827 0.849601686000824 0.825874388217926 0.807169318199158 0.791630983352661 0.776389420032501 0.762955784797668 0.761916279792786
1.04776203632355 1.04079794883728 1.03318500518799 1.03140997886658 1.02583801746368 1.00894105434418 1.00199198722839 0.993018329143524 0.990999221801758 1.00039994716644 1.01576197147369 1.02165198326111 1.03340303897858 1.02210700511932 1.01790297031403 0.98291552066803 0.961065888404846 0.958208978176117 0.973970770835876 0.979919373989105 0.981842398643494 0.97747939825058 0.966697871685028 0.946832776069641 0.938145279884338 0.917387127876282 0.904592216014862 0.885161519050598 0.891681909561157 0.881219029426575 0.871747016906738 0.871434926986694 0.876810014247894 0.88515967130661 0.894562423229218 0.901176989078522 0.907010078430176 0.911902785301208 0.901287376880646 0.882829010486603 0.861132621765137 0.84471982717514 0.82484382390976 0.803694486618042 0.789817571640015 0.772010922431946 0.775752127170563
1.05585598945618 1.0526659488678 1.04824304580688 1.04036104679108 1.0398930311203 1.02245604991913 1.00747394561768 1.00576603412628 0.995027780532837 0.998508512973785 1.02588701248169 1.04406297206879 1.03728103637695 1.00841295719147 0.997454524040222 0.982813477516174 0.973535716533661 0.978452622890472 0.975078880786896 0.97707861661911 0.977858483791351 0.975080013275146 0.968564629554749 0.96479058265686 0.939127922058105 0.934662520885468 0.920638084411621 0.904627621173859 0.891971290111542 0.893102586269379 0.885454297065735 0.886705100536346 0.885666489601135 0.896300077438354 0.902431607246399 0.913936018943787 0.914845824241638 0.922065079212189 0.911238074302673 0.893009126186371 0.880523324012756 0.869846820831299 0.853484213352203 0.834078311920166 0.824228584766388 0.816454112529755 0.824537098407745
1.0609530210495 1.05648100376129 1.05094301700592 1.0404189825058 1.03486299514771 1.02357196807861 1.02636098861694 1.01564395427704 1.00159502029419 0.993951380252838 1.0181610584259 1.03715705871582 1.01163601875305 0.992246329784393 0.982807695865631 0.987131714820862 0.983338177204132 0.984563291072845 0.978654623031616 0.979603171348572 0.98320472240448 0.979714810848236 0.970680475234985 0.964207172393799 0.95343691110611 0.942775070667267 0.932659208774567 0.912759006023407 0.897710680961609 0.898309528827667 0.895774483680725 0.894029378890991 0.899090528488159 0.899726986885071 0.910755515098572 0.923752725124359 0.919541478157043 0.919029414653778 0.925939917564392 0.923898577690125 0.923653602600098 0.907853782176971 0.902397274971008 0.890897929668427 0.8863924741745 0.876055777072906 0.882836818695068
1.06723403930664 1.06336796283722 1.057000041008 1.05023002624512 1.03294098377228 1.02737200260162 1.03242194652557 1.01965999603271 1.01109898090363 0.994481027126312 1.00747501850128 1.01527500152588 1.01905703544617 1.01232504844666 0.991350829601288 1.00041496753693 0.981146693229675 0.978312611579895 0.987354278564453 0.986004412174225 0.992372393608093 0.990560293197632 0.984773576259613 0.968860387802124 0.960336327552795 0.938358902931213 0.926696598529816 0.919718086719513 0.905080914497375 0.898282289505005 0.903836309909821 0.893525898456573 0.901162087917328 0.906054079532623 0.912110984325409 0.918807089328766 0.94174712896347 0.963673770427704 0.964164674282074 0.968357622623444 0.96881240606308 0.965790629386902 0.96152138710022 0.948191225528717 0.929468989372253 0.934770703315735 0.937390089035034
1.07875800132751 1.07440304756165 1.06781697273254 1.0647519826889 1.05511999130249 1.05095601081848 1.03786504268646 1.0200309753418 1.00963294506073 1.00387799739838 0.995017886161804 1.00075602531433 1.02152299880981 1.01181900501251 0.985101103782654 1.00952398777008 1.01228296756744 0.997387170791626 0.992102026939392 0.991998672485352 0.993253409862518 0.990582227706909 0.985130310058594 0.977631509304047 0.972973883152008 0.962966322898865 0.942313611507416 0.936844229698181 0.921322882175446 0.922040224075317 0.918785214424133 0.917462885379791 0.916423618793488 0.922138273715973 0.933561980724335 0.959280610084534 0.96777218580246 0.976858615875244 0.982416927814484 0.989002823829651 0.989998519420624 0.993013381958008 0.993467509746552 0.986064076423645 0.988214910030365 0.981156527996063 0.978205382823944
1.08769094944 1.08848202228546 1.08186304569244 1.07565498352051 1.05953598022461 1.06019699573517 1.05732500553131 1.03383803367615 1.02656102180481 1.03601098060608 1.01552402973175 0.988599598407745 0.995049476623535 0.9963259100914 1.00202405452728 0.99738609790802 1.0363609790802 1.03470098972321 1.00559997558594 0.993857383728027 0.989602029323578 0.994142472743988 0.992460489273071 0.987504780292511 0.974771320819855 0.957679092884064 0.943674921989441 0.929646909236908 0.926530420780182 0.939177095890045 0.915717780590057 0.914153218269348 0.927489817142487 0.931771516799927 0.944646775722504 0.967207014560699 0.979742705821991 0.994199395179749 0.989500224590302 0.996991217136383 0.998612284660339 1.00295996665955 1.0010039806366 0.997253000736237 1.00197100639343 0.999102771282196 0.998344779014587
1.10491096973419 1.09651398658752 1.09241795539856 1.08830201625824 1.06857705116272 1.07244396209717 1.06211805343628 1.04935395717621 1.03263902664185 1.01752197742462 1.00800204277039 0.982451617717743 0.982813775539398 0.991048991680145 0.994646787643433 0.985087513923645 0.988909423351288 1.0335259437561 1.02456200122833 1.0094039440155 0.991936683654785 1.00095796585083 1.00010299682617 0.992404997348785 0.983258128166199 0.954148709774017 0.946821272373199 0.941658616065979 0.950199127197266 0.932626485824585 0.93561190366745 0.947942018508911 0.933002471923828 0.943872272968292 0.952051818370819 0.970573484897614 0.98170667886734 0.996492624282837 1.00376105308533 1.00980198383331 1.00136494636536 0.996926724910736 0.998613893985748 0.997761487960815 1.00210499763489 0.998651027679443 0.998118579387665
1.12022399902344 1.11135005950928 1.10174703598022 1.09379994869232 1.08449196815491 1.06997394561768 1.06768798828125 1.05923902988434 1.03908097743988 1.03435099124908 1.01985394954681 0.982115387916565 0.963337123394012 0.978836178779602 1.00211894512177 0.978984415531158 0.967444002628326 0.98045539855957 1.00008594989777 1.02551400661469 1.02435195446014 1.00384402275085 1.00117599964142 0.982869207859039 0.975089311599731 0.970261812210083 0.952225089073181 0.956935524940491 0.967084884643555 0.951700210571289 0.969550371170044 0.961884379386902 0.971318304538727 0.971562922000885 0.973385989665985 0.975333273410797 0.985245108604431 1.00826096534729 1.02149999141693 1.02520501613617 1.01749002933502 1.01606905460358 1.0148149728775 1.01160597801208 1.00528001785278 0.999652504920959 0.995587527751923
1.1385270357132 1.12633895874023 1.11444795131683 1.10653698444366 1.09331595897675 1.07680094242096 1.06696999073029 1.05967104434967 1.04275000095367 1.04105496406555 1.01326894760132 0.984310328960419 0.962095618247986 0.95865261554718 0.99523651599884 1.0029319524765 1.00302398204803 0.970842003822327 0.954073309898376 0.970653176307678 0.9824178814888 0.986420512199402 1.00180995464325 0.971121370792389 0.980714976787567 0.979766070842743 0.992217123508453 0.998350381851196 0.988656580448151 0.974471271038055 0.977796971797943 0.970931470394135 0.983218908309937 0.996204793453217 0.99919867515564 1.00900900363922 1.01182794570923 1.02409696578979 1.03129696846008 1.03758203983307 1.03734195232391 1.02881002426147 1.02540898323059 1.02241802215576 1.02004396915436 1.01915395259857 1.0179009437561
1.15197098255157 1.14110004901886 1.13333594799042 1.11952304840088 1.09713196754456 1.08135998249054 1.06694900989532 1.0523270368576 1.04701995849609 1.03977298736572 1.02180898189545 1.00755798816681 1.00602197647095 0.958795785903931 1.01985895633698 1.01985597610474 0.988906025886536 0.981958389282227 0.957247376441956 0.926145613193512 0.889407873153687 0.894382297992706 0.953996121883392 0.983777105808258 0.999505579471588 1.009202003479 1.0180059671402 1.02712798118591 1.00855600833893 1.03123104572296 1.03517401218414 1.03694403171539 1.02005004882812 1.028205037117 1.02819204330444 1.02856695652008 1.03722298145294 1.03663003444672 1.04102599620819 1.03920304775238 1.0356559753418 1.03217494487762 1.02555501461029 1.02703905105591 1.02028405666351 1.01946604251862 1.01467096805573
1.16215395927429 1.15714204311371 1.14070105552673 1.1262309551239 1.10334396362305 1.08638405799866 1.07060098648071 1.05307996273041 1.04667603969574 1.03862202167511 1.00995194911957 1.00786399841309 0.975978314876556 0.968165874481201 1.03235495090485 1.02118694782257 0.979707300662994 0.94511741399765 0.908253788948059 0.928928375244141 1.01875102519989 0.94258451461792 0.939481973648071 0.957927286624908 0.976693689823151 0.980103015899658 1.00384604930878 1.01138699054718 0.990094780921936 0.945164084434509 0.978223383426666 0.995317101478577 0.989897906780243 0.993859529495239 1.00549101829529 1.00986194610596 1.00858998298645 1.00869905948639 1.01281404495239 1.01421403884888 1.02085900306702 1.02729296684265 1.02511596679688 1.02218496799469 1.01371204853058 1.01215302944183 1.00971603393555
1.17425000667572 1.17019200325012 1.1502890586853 1.13342094421387 1.10936796665192 1.08960199356079 1.07912695407867 1.05699503421783 1.04251897335052 1.02038705348969 1.00427901744843 0.963780224323273 0.954069197177887 1.00065302848816 1.02611005306244 1.00334703922272 0.945522129535675 0.932513415813446 0.910315871238708 0.896877110004425 0.979649186134338 0.984764516353607 0.970475614070892 0.945945382118225 0.95754200220108 0.932164490222931 0.936101317405701 0.924411475658417 0.901533484458923 0.906798899173737 0.937278211116791 0.974172174930573 0.990563571453094 0.995248675346375 0.996580719947815 0.990199506282806 0.994054794311523 1.00844299793243 1.01385903358459 1.01827597618103 1.02473604679108 1.03252494335175 1.03279101848602 1.01950395107269 1.01356601715088 1.01225304603577 1.01705598831177
1.20628702640533 1.18683803081512 1.15907204151154 1.13381695747375 1.11507296562195 1.09314799308777 1.09498596191406 1.08154702186584 1.04470503330231 1.0451580286026 1.01289796829224 0.943710923194885 0.940915703773499 0.975240111351013 0.977680623531342 0.983395576477051 1.00355005264282 0.876123070716858 0.871099591255188 0.884107887744904 1.03165102005005 1.04527103900909 1.04775404930115 1.03034198284149 0.971271693706512 0.906650125980377 0.885467529296875 0.88115531206131 0.876862287521362 0.882781088352203 0.896371781826019 0.919358611106873 0.961106419563293 0.977311074733734 0.984255015850067 0.989108800888062 0.998290777206421 1.0094610452652 1.01775896549225 1.02203702926636 1.02542400360107 1.03341805934906 1.03703701496124 1.02972996234894 1.02900803089142 1.03012001514435 1.02657103538513
1.22067403793335 1.18326103687286 1.1623729467392 1.13619697093964 1.12640202045441 1.12797200679779 1.11366200447083 1.06740200519562 1.03999900817871 1.0158599615097 0.988331019878387 0.901347100734711 0.874731421470642 0.884277105331421 0.982781112194061 1.02027297019958 0.992656528949738 0.93657261133194 0.91927182674408 0.860540986061096 1.01885402202606 1.0762779712677 1.06696498394012 1.04617202281952 1.02384102344513 0.995741724967957 0.973293125629425 0.922836482524872 0.94177520275116 0.929172515869141 0.910604119300842 0.940178513526917 0.959268689155579 0.975833177566528 0.985199391841888 0.996411383152008 1.0055890083313 1.02354395389557 1.03354704380035 1.02887403964996 1.03031396865845 1.03958296775818 1.04578697681427 1.04437100887299 1.04803001880646 1.04092299938202 1.03704905509949
1.2216420173645 1.19120502471924 1.16650998592377 1.15110003948212 1.15061295032501 1.14452195167542 1.08104205131531 1.06572103500366 1.04652297496796 1.01274394989014 0.941564917564392 0.903689622879028 0.854920029640198 0.839812815189362 0.823470771312714 0.842316389083862 0.855488479137421 0.918153822422028 0.927101612091064 0.881742477416992 0.995170116424561 1.01707100868225 0.985742628574371 1.03748500347137 1.03684496879578 1.04614400863647 1.0463889837265 1.02415502071381 1.04707300662994 1.03338599205017 1.02009797096252 1.00105500221252 1.00555205345154 0.996740818023682 1.00078594684601 1.01046204566956 1.01298797130585 1.02257299423218 1.03886997699738 1.03982996940613 1.03640198707581 1.04847395420074 1.05116605758667 1.04656100273132 1.05762505531311 1.05845594406128 1.05328297615051
1.23707497119904 1.19059300422668 1.16942000389099 1.1500940322876 1.15082097053528 1.13712096214294 1.08602595329285 1.08452594280243 1.06017005443573 1.08041501045227 1.01185595989227 0.879050314426422 0.833281397819519 0.807187974452972 0.817297995090485 0.950041174888611 0.988464772701263 0.956995129585266 0.995185911655426 0.975474119186401 0.986459493637085 1.07976794242859 1.03131604194641 1.01974201202393 1.04767096042633 1.05201995372772 1.04915499687195 1.03748297691345 1.05670702457428 1.05419099330902 1.0530389547348 1.03759205341339 1.02389299869537 1.01995098590851 1.01907598972321 1.02315497398376 1.0300840139389 1.03042900562286 1.02775394916534 1.03330898284912 1.03270995616913 1.03987300395966 1.042848944664 1.04165303707123 1.04486501216888 1.05074799060822 1.06580197811127
1.2099050283432 1.19211196899414 1.17160797119141 1.14262700080872 1.14419794082642 1.13873994350433 1.09663796424866 1.08112800121307 1.04511702060699 1.0454980134964 0.997336089611053 0.918210089206696 0.845635175704956 0.812566816806793 0.828121423721313 0.826605021953583 0.838524997234344 0.937799572944641 0.99735689163208 0.963140070438385 0.895087122917175 1.01129102706909 1.03536105155945 0.992872595787048 1.01066398620605 1.03094899654388 1.05054903030396 1.0570410490036 1.06598496437073 1.05071294307709 1.04536402225494 1.04018402099609 1.03371298313141 1.02609896659851 1.03155100345612 1.03915500640869 1.04789304733276 1.04547798633575 1.03852903842926 1.03876101970673 1.04171895980835 1.04764997959137 1.04812204837799 1.04465198516846 1.04472601413727 1.0455869436264 1.05175995826721
1.19954204559326 1.18289995193481 1.16573297977448 1.15110898017883 1.13887298107147 1.1302649974823 1.09378802776337 1.07427501678467 1.05210494995117 1.01832699775696 1.01596999168396 0.976615428924561 0.889680087566376 0.84297788143158 0.829968273639679 0.834138870239258 0.833093822002411 0.847588181495667 0.942438125610352 0.927874028682709 0.898505687713623 0.920183479785919 1.02031099796295 1.00568294525146 1.00949895381927 1.0091689825058 1.03493404388428 1.02968800067902 1.04681599140167 1.05822205543518 1.04860103130341 1.0402489900589 1.03708505630493 1.03706002235413 1.04137599468231 1.04844605922699 1.05618095397949 1.0508199930191 1.05066502094269 1.05356299877167 1.05752599239349 1.0616739988327 1.05386102199554 1.05058205127716 1.04999995231628 1.04686498641968 1.04778301715851
