ENMTML/All_vars/Predictors/EUR_CliMond/bio32.asc
NCOLS 411 
NROWS 214 
XLLCORNER -11.5 
YLLCORNER 35.666666666112 
CELLSIZE 0.166666666666667 
NODATA_value -3.4e+38 
[rows 168 to 188 of 214, columns 47 to 93 of 411]
1.16702604293823 1.17081904411316 1.18052995204926 1.18988394737244 1.19965898990631 1.19784498214722 1.19897699356079 1.19991600513458 1.20497500896454 1.21365201473236 1.21908104419708 1.22388100624084 1.21815001964569 1.20736002922058 1.18737101554871 1.16431105136871 1.14271199703217 1.12284994125366 1.10634100437164 1.09085702896118 1.07849299907684 1.07640302181244 1.06117498874664 1.05636096000671 1.0552099943161 1.05031204223633 1.04210102558136 1.03781998157501 1.02902805805206 1.02554702758789 1.02866995334625 1.03304398059845 1.04274499416351 1.05389094352722 1.05447697639465 1.05719494819641 1.05035102367401 1.03755402565002 1.02868795394897 1.0215539932251 1.01820600032806 1.01856303215027 1.02271902561188 -3.4e+38 -3.4e+38 -3.4e+38 -3.4e+38
1.14372801780701 1.14612305164337 1.14994502067566 1.15566694736481 1.15955400466919 1.16261398792267 1.16068994998932 1.16365897655487 1.17188394069672 1.18294501304626 1.1937370300293 1.1985570192337 1.19555699825287 1.1876540184021 1.17472803592682 1.16652405261993 1.13880395889282 1.12487900257111 1.11828398704529 1.11139702796936 1.10112202167511 1.08459198474884 1.08284795284271 1.07198596000671 1.07174098491669 1.05863904953003 1.04694497585297 1.03854894638062 1.03701198101044 1.03812098503113 1.03304505348206 1.0358339548111 1.04122602939606 1.04750204086304 1.0525039434433 1.05115699768066 1.05470097064972 1.04355895519257 1.03032898902893 1.02056801319122 1.01188898086548 -3.4e+38 -3.4e+38 -3.4e+38 -3.4e+38 -3.4e+38 -3.4e+38
1.1122419834137 1.11474502086639 1.12144100666046 1.12222695350647 1.12259602546692 1.12063097953796 1.11919796466827 1.12699794769287 1.13613700866699 1.14665102958679 1.16085302829742 1.16968703269958 1.17130601406097 1.16326296329498 1.15563094615936 1.14880204200745 1.14537596702576 1.16253697872162 1.13969194889069 1.15570402145386 1.16368305683136 1.13092195987701 1.16754102706909 1.1502799987793 1.11961603164673 1.10359501838684 1.10316300392151 1.10302698612213 1.08079695701599 1.06071197986603 1.08168494701385 1.05586099624634 1.0662260055542 1.05487394332886 1.05535995960236 1.04807102680206 1.05594396591187 1.04771399497986 1.03244304656982 1.02000999450684 -3.4e+38 -3.4e+38 -3.4e+38 -3.4e+38 -3.4e+38 -3.4e+38 -3.4e+38
1.09098398685455 1.08669400215149 1.09024596214294 1.0891649723053 1.08324694633484 1.08296298980713 1.08779299259186 1.09174501895905 1.09944105148315 1.10669696331024 1.11763501167297 1.13241302967072 1.1414589881897 1.13243103027344 1.12109398841858 1.1150130033493 1.10981094837189 1.11828601360321 1.14281094074249 1.16552996635437 1.17572999000549 1.18308198451996 1.18184900283813 1.16322803497314 1.16678297519684 1.14579701423645 1.13304805755615 1.16542303562164 1.15857601165771 1.13050198554993 1.1377500295639 1.10983395576477 1.10225796699524 1.10879302024841 1.09379196166992 1.08395898342133 1.05572700500488 1.0288599729538 1.01178598403931 0.99172967672348 -3.4e+38 -3.4e+38 -3.4e+38 -3.4e+38 -3.4e+38 -3.4e+38 -3.4e+38
1.05961000919342 1.05897402763367 1.05940294265747 1.05590605735779 1.04308199882507 1.04221105575562 1.03791201114655 1.02913403511047 1.01976203918457 1.03799796104431 1.05766999721527 1.08167695999146 1.09813404083252 1.09246098995209 1.0815110206604 1.08013999462128 1.06951403617859 1.06704795360565 1.07156705856323 1.08200895786285 1.09872901439667 1.10922002792358 1.11302304267883 1.12752497196198 1.15084099769592 1.16516196727753 1.16605496406555 1.18074095249176 1.14274203777313 1.12289094924927 1.17475700378418 1.16337597370148 1.17400300502777 1.17665195465088 1.14275705814362 1.10839796066284 1.0738320350647 1.05377495288849 1.01464605331421 0.992313623428345 0.991766571998596 -3.4e+38 -3.4e+38 -3.4e+38 -3.4e+38 -3.4e+38 -3.4e+38
1.03566896915436 1.04284000396729 1.04222798347473 1.04021501541138 1.02293300628662 0.983591675758362 0.970283687114716 0.82304048538208 0.825343906879425 0.936564683914185 0.996136128902435 1.02214097976685 1.03830099105835 1.04323101043701 1.04976999759674 1.05224204063416 1.05588603019714 1.03539502620697 1.03848302364349 1.03576695919037 1.05603098869324 1.0631560087204 1.03178000450134 1.05278301239014 1.08223104476929 1.10271799564362 1.09771394729614 1.12274694442749 1.10193395614624 1.11630702018738 1.08400905132294 1.12716901302338 1.12523400783539 1.09452903270721 1.1543380022049 1.1655889749527 1.12622904777527 1.07017695903778 1.04319703578949 1.0249559879303 1.01200294494629 -3.4e+38 -3.4e+38 -3.4e+38 -3.4e+38 -3.4e+38 -3.4e+38
1.01625096797943 1.04078197479248 1.06564998626709 1.06686496734619 1.06135094165802 1.03270494937897 1.03126800060272 1.02764904499054 1.00124001502991 0.877671778202057 0.887896001338959 0.939505696296692 0.970234513282776 0.977460384368896 0.979784071445465 0.982777297496796 0.987593173980713 0.943504214286804 0.958033621311188 1.00425100326538 1.02359795570374 1.02401804924011 1.00586998462677 0.997516214847565 1.02065098285675 1.05121803283691 1.05362200737 1.04581499099731 1.07549798488617 1.072674036026 1.05592894554138 1.11513495445251 1.10722899436951 1.08765804767609 1.07860195636749 1.07867395877838 1.05788004398346 1.04869103431702 1.03335404396057 1.00297594070435 0.979577720165253 0.999924719333649 -3.4e+38 -3.4e+38 -3.4e+38 -3.4e+38 -3.4e+38
0.996882081031799 1.0082540512085 1.02447700500488 1.05320703983307 1.05629301071167 1.06409299373627 1.05826795101166 1.04675102233887 1.02586698532104 0.969051778316498 0.851143479347229 0.808781087398529 0.814101278781891 0.850067615509033 0.824230015277863 0.810084998607635 0.79915452003479 0.748876988887787 0.719291627407074 0.691915214061737 0.715307474136353 0.744682788848877 0.769229412078857 0.842504680156708 0.986530482769012 1.00404405593872 1.02602803707123 0.998386025428772 1.02665996551514 1.01346004009247 1.03190696239471 1.04226398468018 1.04954195022583 1.00756299495697 1.02436602115631 1.03735303878784 1.06250500679016 1.05556499958038 1.04142999649048 1.01864695549011 0.994546592235565 -3.4e+38 -3.4e+38 -3.4e+38 -3.4e+38 -3.4e+38 -3.4e+38
0.976957499980927 1.0006799697876 0.997198104858398 1.00911200046539 1.02921903133392 1.02917897701263 1.0210280418396 1.01143002510071 1.0199179649353 0.957907378673553 0.858345985412598 0.77512139081955 0.741792678833008 0.691595077514648 0.679545819759369 0.70599377155304 0.708723485469818 0.642564177513123 0.650969386100769 0.615558683872223 0.619395911693573 0.645641207695007 0.645296514034271 0.67300021648407 0.778087973594666 0.839162886142731 0.916033387184143 0.903948307037354 0.852916479110718 0.885454714298248 0.984102427959442 0.981790482997894 0.944507777690887 0.933122277259827 1.00964999198914 1.02261602878571 1.05544996261597 1.06196296215057 1.05000996589661 1.04177904129028 1.01350104808807 -3.4e+38 -3.4e+38 -3.4e+38 -3.4e+38 -3.4e+38 -3.4e+38
0.895820379257202 0.911978006362915 0.941725015640259 0.964921176433563 0.980656206607819 0.983364701271057 0.969735085964203 0.924028813838959 0.928904116153717 0.926511526107788 0.999505221843719 0.964782476425171 0.726098001003265 0.63351047039032 0.593575000762939 0.572424411773682 0.573929011821747 0.577225685119629 0.611136317253113 0.617530524730682 0.582567512989044 0.58496230840683 0.585660815238953 0.599090218544006 0.593836188316345 0.630275726318359 0.642229080200195 0.69714629650116 0.77590411901474 0.876882076263428 0.96740061044693 0.995064079761505 0.936860918998718 0.938532471656799 1.01830196380615 1.03624701499939 1.06267201900482 1.05178999900818 1.0470780134201 1.04398095607758 -3.4e+38 -3.4e+38 -3.4e+38 -3.4e+38 -3.4e+38 -3.4e+38 -3.4e+38
0.887147784233093 0.894887626171112 0.877995789051056 0.872326910495758 0.875455379486084 0.85894638299942 0.880196571350098 0.858274877071381 0.844183027744293 0.843057990074158 0.837985992431641 0.777966380119324 0.644340217113495 0.58426159620285 0.547519326210022 0.550922870635986 0.528513729572296 0.521385312080383 0.532636284828186 0.554856717586517 0.589508712291718 0.600381910800934 0.5907102227211 0.576733827590942 0.572380781173706 0.565976619720459 0.622914373874664 0.716352224349976 0.829670429229736 0.971967995166779 0.997096002101898 0.977759420871735 0.98987227678299 0.985427618026733 0.9964879155159 1.00691998004913 1.03324902057648 1.04711699485779 -3.4e+38 -3.4e+38 -3.4e+38 -3.4e+38 -3.4e+38 -3.4e+38 -3.4e+38 -3.4e+38 -3.4e+38
0.915100395679474 0.90869152545929 0.926584124565125 0.925616979598999 0.892336487770081 0.863017618656158 0.82994157075882 0.824579417705536 0.764266073703766 0.722643077373505 0.694956123828888 0.620765924453735 0.597293674945831 0.574138224124908 0.531972706317902 0.540055871009827 0.553101480007172 0.517997622489929 0.511328399181366 0.519454300403595 0.557746529579163 0.582665681838989 0.57856947183609 0.598653078079224 0.59709221124649 0.662014126777649 0.788521289825439 0.892974019050598 0.955127120018005 0.964623272418976 1.0043009519577 1.00081503391266 0.985095202922821 1.00209999084473 0.999903976917267 1.00564694404602 -3.4e+38 -3.4e+38 -3.4e+38 -3.4e+38 -3.4e+38 -3.4e+38 -3.4e+38 -3.4e+38 -3.4e+38 -3.4e+38 -3.4e+38
0.948905527591705 1.01981103420258 1.01246905326843 1.00452399253845 0.923511683940887 0.862610995769501 0.870254516601562 0.819522976875305 0.703802883625031 0.662978708744049 0.626168072223663 0.58904242515564 0.569855928421021 0.60662841796875 0.584166526794434 0.566610872745514 0.540388286113739 0.523701012134552 0.515213787555695 0.523311614990234 0.538043618202209 0.560678124427795 0.591860473155975 0.631742298603058 0.67357212305069 0.696508228778839 0.86053991317749 0.98151022195816 0.98638242483139 0.9320387840271 0.97240161895752 0.978483974933624 0.995928525924683 1.01789903640747 1.01103901863098 -3.4e+38 -3.4e+38 -3.4e+38 -3.4e+38 -3.4e+38 -3.4e+38 -3.4e+38 -3.4e+38 -3.4e+38 -3.4e+38 -3.4e+38 -3.4e+38
1.00686001777649 1.01213598251343 0.984872698783875 0.945705473423004 0.85844898223877 0.812935292720795 0.850931525230408 0.839888393878937 0.85556960105896 0.799558818340302 0.744041979312897 0.667773127555847 0.637946724891663 0.576633989810944 0.600603818893433 0.642222881317139 0.560512483119965 0.571118414402008 0.554596781730652 0.565156519412994 0.582777082920074 0.614902913570404 0.667421579360962 0.713660478591919 0.784389972686768 0.774694621562958 0.884772181510925 0.935793280601501 0.906500816345215 0.946630120277405 -3.4e+38 -3.4e+38 -3.4e+38 -3.4e+38 -3.4e+38 -3.4e+38 -3.4e+38 -3.4e+38 -3.4e+38 -3.4e+38 -3.4e+38 -3.4e+38 -3.4e+38 -3.4e+38 -3.4e+38 -3.4e+38 -3.4e+38
0.922555923461914 0.907707512378693 0.862938225269318 0.812964916229248 0.8058962225914 0.817865908145905 0.830969929695129 0.823036015033722 0.797884285449982 0.817414820194244 0.744448602199554 0.697023570537567 0.628837287425995 0.580440521240234 0.569215774536133 0.693839073181152 0.630865097045898 0.590815782546997 0.613770484924316 0.637763202190399 0.633028090000153 0.703744411468506 0.747484922409058 0.818119823932648 0.83688759803772 0.880581319332123 0.928213894367218 -3.4e+38 -3.4e+38 -3.4e+38 -3.4e+38 -3.4e+38 -3.4e+38 -3.4e+38 -3.4e+38 -3.4e+38 -3.4e+38 -3.4e+38 -3.4e+38 -3.4e+38 -3.4e+38 -3.4e+38 -3.4e+38 -3.4e+38 -3.4e+38 -3.4e+38 -3.4e+38
0.872648596763611 0.868568778038025 0.836638927459717 0.795950412750244 0.834582686424255 0.803269326686859 0.76363617181778 0.778790295124054 0.819616913795471 0.801014006137848 0.776113510131836 0.751511871814728 0.714951515197754 0.571107625961304 0.655796587467194 0.709254622459412 0.732996582984924 0.730688989162445 0.752275228500366 0.719189584255219 0.702242374420166 0.797047793865204 0.891812682151794 0.9608154296875 0.855057716369629 0.859875679016113 0.893075227737427 -3.4e+38 -3.4e+38 -3.4e+38 -3.4e+38 -3.4e+38 -3.4e+38 -3.4e+38 -3.4e+38 -3.4e+38 -3.4e+38 -3.4e+38 -3.4e+38 -3.4e+38 -3.4e+38 -3.4e+38 -3.4e+38 -3.4e+38 -3.4e+38 -3.4e+38 -3.4e+38
0.87332820892334 0.87167227268219 0.827781975269318 0.826740622520447 0.826938211917877 0.785861372947693 0.778354227542877 0.793513476848602 0.805584371089935 0.861597776412964 0.894124686717987 0.93741911649704 0.845993518829346 0.681410610675812 0.596917510032654 0.642905175685883 0.755635797977448 0.804624974727631 0.887021899223328 0.882140874862671 0.79809707403183 0.86184698343277 0.874816596508026 0.82599800825119 0.843249797821045 0.873532593250275 -3.4e+38 -3.4e+38 -3.4e+38 -3.4e+38 -3.4e+38 -3.4e+38 -3.4e+38 -3.4e+38 -3.4e+38 -3.4e+38 -3.4e+38 -3.4e+38 -3.4e+38 -3.4e+38 -3.4e+38 -3.4e+38 -3.4e+38 -3.4e+38 -3.4e+38 -3.4e+38 -3.4e+38
0.882859826087952 0.865665376186371 0.87462991476059 0.828314304351807 0.797566115856171 0.741718828678131 0.749266684055328 0.714994490146637 0.760761916637421 0.845384478569031 0.936592698097229 0.99354761838913 0.875060975551605 0.723629415035248 0.578945219516754 0.590861082077026 0.805817127227783 0.920201778411865 1.02554905414581 0.99128520488739 0.861098527908325 0.84473317861557 0.802378475666046 0.813641786575317 0.811882972717285 -3.4e+38 -3.4e+38 -3.4e+38 -3.4e+38 -3.4e+38 -3.4e+38 -3.4e+38 -3.4e+38 -3.4e+38 -3.4e+38 -3.4e+38 -3.4e+38 -3.4e+38 -3.4e+38 -3.4e+38 -3.4e+38 -3.4e+38 -3.4e+38 -3.4e+38 -3.4e+38 -3.4e+38 -3.4e+38
0.830117285251617 0.84964781999588 0.83961820602417 0.79547917842865 0.766235828399658 0.776920080184937 0.776792228221893 0.776841878890991 0.813805997371674 0.837088584899902 0.903936207294464 0.93412572145462 0.889768898487091 0.800495326519012 0.619512915611267 0.615268170833588 0.6828932762146 0.70719838142395 0.868158221244812 0.874524295330048 0.80208820104599 0.758694529533386 0.775299310684204 0.774501025676727 -3.4e+38 -3.4e+38 -3.4e+38 -3.4e+38 -3.4e+38 -3.4e+38 -3.4e+38 -3.4e+38 -3.4e+38 -3.4e+38 -3.4e+38 -3.4e+38 -3.4e+38 -3.4e+38 -3.4e+38 -3.4e+38 -3.4e+38 -3.4e+38 -3.4e+38 -3.4e+38 -3.4e+38 -3.4e+38 -3.4e+38
0.782841920852661 0.806704223155975 0.78728187084198 0.767193675041199 0.797336220741272 0.809746384620667 0.820284783840179 0.83073478937149 0.81430971622467 0.824582576751709 0.859973013401031 0.814819574356079 0.757620215415955 0.747047305107117 0.589384913444519 0.862610816955566 0.816417574882507 0.680229604244232 0.690686821937561 0.719926118850708 0.705815613269806 0.713865101337433 0.741959512233734 -3.4e+38 -3.4e+38 -3.4e+38 -3.4e+38 -3.4e+38 -3.4e+38 -3.4e+38 -3.4e+38 -3.4e+38 -3.4e+38 -3.4e+38 -3.4e+38 -3.4e+38 -3.4e+38 -3.4e+38 -3.4e+38 -3.4e+38 -3.4e+38 -3.4e+38 -3.4e+38 -3.4e+38 -3.4e+38 1.06793403625488 1.06354796886444
0.786462903022766 0.806110203266144 0.800952076911926 0.791979610919952 0.786758482456207 0.785976707935333 0.7818363904953 0.797739624977112 0.79106217622757 0.810188770294189 0.76495897769928 0.70941561460495 0.729369103908539 0.666878521442413 0.625824570655823 0.65166962146759 0.786713778972626 0.758244216442108 0.686199128627777 0.720208585262299 0.70190042257309 0.674553990364075 -3.4e+38 -3.4e+38 -3.4e+38 -3.4e+38 -3.4e+38 -3.4e+38 -3.4e+38 -3.4e+38 -3.4e+38 -3.4e+38 -3.4e+38 -3.4e+38 -3.4e+38 -3.4e+38 -3.4e+38 -3.4e+38 -3.4e+38 1.07379794120789 1.06880402565002 -3.4e+38 -3.4e+38 -3.4e+38 -3.4e+38 1.06797194480896 1.07147896289825
