ENMTML/All_vars/Predictors/EUR_CliMond/bio30.asc
NCOLS 411 
NROWS 214 
XLLCORNER -11.5 
YLLCORNER 35.666666666112 
CELLSIZE 0.166666666666667 
NODATA_value -3.4e+38 
[rows 20 to 39 of 214, columns 230 to 275 of 411]
0.568060994148254 0.579445004463196 0.575649976730347 0.570650994777679 0.576282978057861 0.581037998199463 0.602499008178711 0.618098974227905 0.621022999286652 0.639689028263092 0.651745975017548 0.639800012111664 0.643010020256042 0.666589975357056 0.682569026947021 0.688925981521606 0.675824999809265 0.680581986904144 0.678264975547791 0.662329018115997 0.664129972457886 0.691887021064758 0.700694024562836 0.699021995067596 0.710363984107971 0.755016982555389 0.726957023143768 0.729007005691528 0.746483027935028 0.775614976882935 0.783115983009338 0.787594974040985 0.727011024951935 0.894909977912903 0.804111003875732 0.732250988483429 0.676568984985352 0.674183011054993 0.668533980846405 0.712971985340118 0.731487989425659 0.773575007915497 0.781413018703461 0.738577008247375 0.701861977577209 0.751662015914917
0.563416004180908 0.567303001880646 0.572834014892578 0.582381010055542 0.581499993801117 0.597348988056183 0.614798009395599 0.633228003978729 0.616734027862549 0.630128979682922 0.637165009975433 0.626426994800568 0.651295006275177 0.663410007953644 0.673357009887695 0.695522010326385 0.723277986049652 0.721271991729736 0.705363988876343 0.669287979602814 0.656446993350983 0.65522700548172 0.677271008491516 0.710085988044739 0.688679993152618 0.688580989837646 0.692856013774872 0.69743400812149 0.731512010097504 0.716499984264374 0.695483028888702 0.674490988254547 0.678754985332489 0.830615997314453 0.730823993682861 0.696610987186432 0.659475982189178 0.661675989627838 0.769650995731354 0.931710004806519 0.906300008296967 0.931846022605896 0.843239009380341 0.775515019893646 0.704311013221741 0.742362022399902
0.561282992362976 0.560836017131805 0.566009998321533 0.566690981388092 0.577404022216797 0.601436972618103 0.603552997112274 0.613829970359802 0.61830997467041 0.61743301153183 0.618986010551453 0.626146972179413 0.646297991275787 0.656248986721039 0.676137983798981 0.704005002975464 0.731356024742126 0.725749015808105 0.727900981903076 0.723313987255096 0.725418984889984 0.715050995349884 0.703498005867004 0.691452026367188 0.687977015972137 0.677806973457336 0.675514996051788 0.680046021938324 0.661243975162506 0.659130990505219 0.65428501367569 0.652611017227173 0.665425002574921 0.663654983043671 0.65555602312088 0.647391021251678 0.658855020999908 0.656431972980499 0.66670697927475 0.72341001033783 0.775281012058258 0.81690901517868 0.826385974884033 0.738915979862213 0.675486981868744 0.664950013160706
0.55493301153183 0.575284004211426 0.579721987247467 0.568588018417358 0.565141975879669 0.58313000202179 0.594036996364594 0.593116998672485 0.596002995967865 0.613662004470825 0.627785980701447 0.659313976764679 0.66067498922348 0.678125023841858 0.684222996234894 0.696027994155884 0.7290980219841 0.726064026355743 0.701870977878571 0.7168989777565 0.738332986831665 0.743996977806091 0.699651002883911 0.685903012752533 0.70305198431015 0.720628976821899 0.759135007858276 0.740263998508453 0.688602983951569 0.693642020225525 0.660046994686127 0.640637993812561 0.647355020046234 0.636599004268646 0.637454986572266 0.665019989013672 0.675409972667694 0.654519975185394 0.664671003818512 0.679217994213104 0.670035004615784 0.666373014450073 0.663426995277405 0.655214011669159 0.661494016647339 0.678753018379211
0.554269015789032 0.57074099779129 0.55579799413681 0.551181018352509 0.555198013782501 0.576533019542694 0.576990008354187 0.582867026329041 0.587929010391235 0.605199992656708 0.618893027305603 0.637628972530365 0.655910015106201 0.66839599609375 0.657670974731445 0.67628401517868 0.685262978076935 0.69286698102951 0.689688980579376 0.702278017997742 0.707449018955231 0.738641023635864 0.755015015602112 0.727729976177216 0.740068018436432 0.747684001922607 0.760200977325439 0.732819974422455 0.702518999576569 0.675622999668121 0.668222010135651 0.653369009494781 0.625854015350342 0.624158978462219 0.669483006000519 0.668052017688751 0.693468987941742 0.715102970600128 0.679072022438049 0.654700994491577 0.649266004562378 0.644846975803375 0.640842020511627 0.633966028690338 0.638354003429413 0.638427972793579
0.578945994377136 0.573737025260925 0.559180021286011 0.552573978900909 0.556791007518768 0.563292980194092 0.5798220038414 0.599390983581543 0.630361974239349 0.619099974632263 0.604709982872009 0.610047996044159 0.623745977878571 0.634288012981415 0.65156501531601 0.656961023807526 0.693370997905731 0.680846989154816 0.683372974395752 0.695057988166809 0.696021974086761 0.691500008106232 0.704231023788452 0.699492990970612 0.700488984584808 0.684490025043488 0.729160010814667 0.737169981002808 0.709263980388641 0.649304986000061 0.617823004722595 0.593304991722107 0.586149990558624 0.584891021251678 0.621635973453522 0.637884974479675 0.688162982463837 0.661666989326477 0.658088028430939 0.619915008544922 0.618104994297028 0.633520007133484 0.617815017700195 0.60690701007843 0.613738000392914 0.625379979610443
0.562400996685028 0.564760029315948 0.561155021190643 0.545670986175537 0.559343993663788 0.567385017871857 0.573646008968353 0.58909398317337 0.594511985778809 0.603165984153748 0.601625025272369 0.612734019756317 0.621802985668182 0.653376996517181 0.65733802318573 0.662229001522064 0.669817984104156 0.700258016586304 0.705563008785248 0.687129020690918 0.647198975086212 0.632426977157593 0.647998988628387 0.637485027313232 0.632035970687866 0.656596004962921 0.626322984695435 0.644975006580353 0.630611002445221 0.614090025424957 0.606509983539581 0.588284015655518 0.61024397611618 0.594363987445831 0.588805973529816 -3.4e+38 0.653979003429413 0.70338499546051 0.665170013904572 0.620818972587585 0.611159026622772 0.612698972225189 0.606940984725952 0.600202023983002 0.595063984394073 0.603128015995026
0.564051985740662 0.566156029701233 0.555639028549194 0.547814011573792 0.556373000144958 0.570469975471497 0.575084984302521 0.570896029472351 0.594192981719971 0.621617019176483 0.627512991428375 0.64411598443985 0.650642991065979 0.654012978076935 0.686030983924866 0.687195003032684 0.701659977436066 0.689327001571655 0.681617021560669 0.657977998256683 0.636089980602264 0.618525981903076 0.608750998973846 0.621829986572266 0.61344301700592 0.620673000812531 0.650826990604401 0.607549011707306 0.595148026943207 0.58841997385025 0.580774009227753 0.580610990524292 0.581499993801117 0.600414991378784 0.598412990570068 0.591656029224396 0.595336973667145 -3.4e+38 -3.4e+38 0.597308993339539 0.583661019802094 0.600036025047302 0.594211995601654 0.583185970783234 0.574903011322021 0.57508397102356
0.548860013484955 0.549576997756958 0.546265006065369 0.554188013076782 0.569034993648529 0.570092976093292 0.571218013763428 0.581045985221863 0.608497977256775 0.622491002082825 0.624257981777191 0.644294023513794 0.646143019199371 0.644536972045898 0.650449991226196 0.674039006233215 0.681249022483826 0.67738801240921 0.682411015033722 0.681032001972198 0.662467002868652 0.636792004108429 0.616841971874237 0.605602979660034 0.602014005184174 0.603483021259308 0.607459008693695 0.63058602809906 0.618170022964478 0.595638990402222 0.590210974216461 0.5850710272789 0.583738029003143 0.592204988002777 0.607737004756927 0.601944983005524 0.595228016376495 0.592369973659515 0.59282398223877 -3.4e+38 -3.4e+38 -3.4e+38 -3.4e+38 -3.4e+38 -3.4e+38 0.566226005554199
0.549340009689331 0.560438990592957 0.546774983406067 0.566760003566742 0.602932989597321 0.60421097278595 0.600610017776489 0.600798010826111 0.603842973709106 0.618933975696564 0.640106976032257 0.641835987567902 0.636066973209381 0.636911988258362 0.641418993473053 0.653264999389648 0.660350024700165 0.660908997058868 0.67153400182724 0.690532982349396 0.679066002368927 0.638782978057861 0.618426978588104 0.593176007270813 0.598833978176117 0.624614000320435 0.619358003139496 0.623874008655548 0.629312992095947 0.614772975444794 0.604261994361877 0.601176977157593 0.599339008331299 0.596678972244263 0.596826016902924 0.603572010993958 0.610881984233856 0.594254970550537 0.595219016075134 0.594859004020691 0.57913601398468 -3.4e+38 -3.4e+38 -3.4e+38 -3.4e+38 -3.4e+38
0.535865008831024 0.546845972537994 0.555378019809723 0.573330998420715 0.599309027194977 0.607176005840302 0.598232984542847 0.597036004066467 0.610162973403931 0.632349014282227 0.639158010482788 0.623400986194611 0.63018399477005 0.641905009746552 0.66016697883606 0.649738013744354 0.641382992267609 0.651790976524353 0.66449499130249 0.675177991390228 0.668873012065887 0.647009015083313 0.627929985523224 0.610257983207703 0.607969999313354 0.605084002017975 0.616668999195099 0.630638003349304 0.61556202173233 0.606778025627136 0.610562026500702 0.616733014583588 0.624830007553101 0.613232016563416 0.611325025558472 0.608501017093658 0.603747010231018 0.598716974258423 0.598165988922119 0.594693005084991 0.591632008552551 0.586633026599884 0.573587000370026 0.563017010688782 -3.4e+38 -3.4e+38
0.540225028991699 0.550065994262695 0.556062996387482 0.572821021080017 0.587148010730743 0.606586992740631 0.608452022075653 0.600121021270752 0.610168993473053 0.610222995281219 0.614203989505768 0.630163013935089 0.648383975028992 0.6543830037117 0.668394029140472 0.668431997299194 0.652643024921417 0.664830982685089 0.661288976669312 0.659870028495789 0.67144101858139 0.659548997879028 0.616509020328522 0.596068978309631 0.594632983207703 0.594263017177582 0.613498985767365 0.620446979999542 0.616692006587982 0.61812698841095 0.621217012405396 0.623208999633789 0.620302021503448 0.616089999675751 0.610046982765198 0.611967027187347 0.618483006954193 0.614340007305145 0.607231020927429 0.601921021938324 0.599790990352631 0.594105005264282 0.586637020111084 0.575511991977692 0.562781989574432 0.550100982189178
0.550657987594604 0.543556988239288 0.547091007232666 0.555446028709412 0.574813008308411 0.604653000831604 0.605629980564117 0.603133976459503 0.60478001832962 0.613361001014709 0.634710013866425 0.64395397901535 0.658890008926392 0.659795999526978 0.651367008686066 0.656363010406494 0.650157988071442 0.65252298116684 0.656823992729187 0.661445021629333 0.667909026145935 0.653694987297058 0.661462008953094 0.639387011528015 0.61269199848175 0.602922976016998 0.59927898645401 0.603438019752502 0.611131012439728 0.615265011787415 0.615392982959747 0.624082028865814 0.628341972827911 0.627737998962402 0.619448006153107 0.611145973205566 0.61012601852417 0.615442991256714 0.615513980388641 0.608264982700348 0.607665002346039 0.598888993263245 0.589316010475159 0.582454979419708 0.56793999671936 0.553461015224457
0.538195013999939 0.531010985374451 0.540380001068115 0.554499983787537 0.592504978179932 0.596866011619568 0.610733985900879 0.616771996021271 0.618310987949371 0.607936024665833 0.617227971553802 0.632718026638031 0.64029997587204 0.645246982574463 0.646899998188019 0.651870012283325 0.659099996089935 0.667557001113892 0.657307982444763 0.654929995536804 0.654214024543762 0.639765024185181 0.632016003131866 0.630647003650665 0.624346971511841 0.610903978347778 0.605193972587585 0.61114102602005 0.601862013339996 0.602433025836945 0.604632019996643 0.611190021038055 0.616976022720337 0.624498009681702 0.618507027626038 0.610135972499847 0.610103011131287 0.610038995742798 0.605422973632812 0.599695026874542 0.594070017337799 0.58994597196579 0.590381026268005 0.576776027679443 0.565496027469635 0.54884397983551
0.529322028160095 0.53412002325058 0.542689979076385 0.554305970668793 0.570950984954834 0.590484023094177 0.591557025909424 0.601436018943787 0.60010701417923 0.612420976161957 0.619975984096527 0.629727005958557 0.633372008800507 0.634944021701813 0.651530981063843 0.654817998409271 0.644289016723633 0.651970982551575 0.644191980361938 0.648231983184814 0.640184998512268 0.623546004295349 0.619780004024506 0.629392027854919 0.630316972732544 0.631664991378784 0.627771019935608 0.624512016773224 0.623282015323639 0.621842980384827 0.616648972034454 0.612380981445312 0.618016004562378 0.620011985301971 0.624354004859924 0.620603024959564 0.611180007457733 0.607722997665405 0.611542999744415 0.603981018066406 0.600332021713257 0.595014989376068 0.584070026874542 0.574009001255035 0.566546976566315 0.551850974559784
0.527472019195557 0.536666989326477 0.541827023029327 0.553820013999939 0.564907014369965 0.570645987987518 0.575801014900208 0.59825599193573 0.606459021568298 0.617345988750458 0.623699009418488 0.626212000846863 0.635653972625732 0.633944988250732 0.638701021671295 0.637292981147766 0.634760022163391 0.640278995037079 0.641005992889404 0.64148998260498 0.629308998584747 0.619404017925262 0.614605009555817 0.618534028530121 0.625964999198914 0.624857008457184 0.628719985485077 0.631995022296906 0.625647008419037 0.630779027938843 0.631659984588623 0.628804981708527 0.62481701374054 0.627611994743347 0.6232950091362 0.619677007198334 0.624291002750397 0.616141021251678 0.609028995037079 0.607464015483856 0.601018011569977 0.592670977115631 0.587592005729675 0.574410021305084 0.560135006904602 0.558700025081635
0.527046024799347 0.534794986248016 0.541725993156433 0.549649000167847 0.560922026634216 0.573750019073486 0.571262001991272 0.584509015083313 0.604992985725403 0.612338006496429 0.627011001110077 0.636029005050659 0.634043991565704 0.627335011959076 0.630618989467621 0.627614974975586 0.62897002696991 0.631263971328735 0.637606978416443 0.622394025325775 0.613681972026825 0.609052002429962 0.60460901260376 0.609645009040833 0.601413011550903 0.601786017417908 0.610288977622986 0.615171015262604 0.615507006645203 0.617901980876923 0.630297005176544 0.624628007411957 0.624047994613647 0.629240989685059 0.621924996376038 0.6180539727211 0.616150975227356 0.619038999080658 0.618035018444061 0.612733006477356 0.608891010284424 0.600153982639313 0.59279602766037 0.585766017436981 0.572678983211517 0.563955008983612
0.525739014148712 0.53458297252655 0.541956007480621 0.553506016731262 0.566841006278992 0.571717977523804 0.602011024951935 0.578606009483337 0.586552977561951 0.603223979473114 0.620620012283325 0.622218012809753 0.624228000640869 0.616114974021912 0.626451015472412 0.629188001155853 0.644325971603394 0.642466008663177 0.636847972869873 0.623112976551056 0.612851977348328 0.603631019592285 0.600073993206024 0.593086004257202 0.598262012004852 0.597953975200653 0.597045004367828 0.601966977119446 0.601413011550903 0.617080986499786 0.619273006916046 0.615242004394531 0.614449977874756 0.613903999328613 0.617358982563019 0.620465993881226 0.617932021617889 0.612030982971191 0.616102993488312 0.610186994075775 0.6042640209198 0.605638980865479 0.597352027893066 0.585223972797394 0.578296005725861 0.567315995693207
0.535323023796082 0.537477016448975 0.54371702671051 0.552299976348877 0.559152007102966 0.577275991439819 0.603578984737396 0.597002029418945 0.597377002239227 0.613083004951477 0.612980008125305 0.612527012825012 0.608934998512268 0.615476012229919 0.623417973518372 0.630051970481873 0.628632009029388 0.628012001514435 0.628722012042999 0.622112989425659 0.612649977207184 0.605925977230072 0.598721027374268 0.597461998462677 0.625360012054443 0.612968981266022 0.61795699596405 0.624098002910614 0.612519025802612 0.604743003845215 0.608820021152496 0.612123012542725 0.61389297246933 0.614790022373199 0.615563988685608 0.616551995277405 0.620929002761841 0.621647000312805 0.628077983856201 0.616059005260468 0.607230007648468 0.601585984230042 0.587597012519836 0.581574976444244 0.579695999622345 0.574627995491028
0.538069009780884 0.546523988246918 0.553950011730194 0.564239025115967 0.572463989257812 0.580461978912354 0.597575008869171 0.615462005138397 0.605772018432617 0.59417998790741 0.592589020729065 0.599599003791809 0.614584028720856 0.61574399471283 0.615408003330231 0.618593990802765 0.619400978088379 0.626052021980286 0.631588995456696 0.64879298210144 0.640043020248413 0.625733971595764 0.625905990600586 0.629477977752686 0.620019018650055 0.621540009975433 0.62193900346756 0.623242974281311 0.616541028022766 0.612237989902496 0.611967027187347 0.609248995780945 0.616697013378143 0.616752982139587 0.623027980327606 0.634149014949799 0.628790020942688 0.627413988113403 0.621011972427368 0.613170027732849 0.604481995105743 0.6007199883461 0.60664701461792 0.602382004261017 0.592384994029999 0.577610015869141
