ENMTML/All_vars/Predictors/EUR_CliMond/bio35.asc
NCOLS 411 
NROWS 214 
XLLCORNER -11.5 
YLLCORNER 35.666666666112 
CELLSIZE 0.166666666666667 
NODATA_value -3.4e+38 
[rows 60 to 79 of 214, columns 94 to 140 of 411]
-3.4e+38 -3.4e+38 -3.4e+38 -3.4e+38 -3.4e+38 1.36062395572662 1.38586294651031 1.40749597549438 1.44199097156525 1.43961095809937 1.46823501586914 1.45642495155334 1.43719398975372 1.40669405460358 1.33545100688934 1.32598805427551 1.27412295341492 1.22681605815887 1.18720602989197 1.16815102100372 1.13727200031281 1.11962497234344 1.12054705619812 1.102903008461 1.07528698444366 1.07518303394318 1.07189702987671 1.04041802883148 1.02528095245361 1.03064894676208 1.02961194515228 1.03067195415497 1.02448999881744 1.01888394355774 1.01224303245544 1.00339901447296 0.990463495254517 0.996086597442627 1.00990903377533 1.00375497341156 1.00462996959686 0.997371077537537 0.971994519233704 0.958861827850342 0.977930188179016 0.983035981655121 0.989025771617889
-3.4e+38 -3.4e+38 -3.4e+38 1.30135297775269 1.34071898460388 1.36857903003693 1.38539695739746 1.40084803104401 1.43136096000671 1.47457003593445 1.46346199512482 1.4706779718399 1.43720698356628 1.39490604400635 1.35128700733185 1.33806204795837 1.27058303356171 1.22969198226929 1.22222995758057 1.17254495620728 1.14933001995087 1.13131999969482 1.11777794361115 1.10952496528625 1.10719394683838 1.08640801906586 1.04460501670837 1.03134405612946 1.01620805263519 1.00601601600647 1.02137005329132 1.0210520029068 1.02122795581818 1.02429795265198 1.01560997962952 1.01222002506256 1.0040739774704 0.985408186912537 0.990226328372955 0.996076285839081 0.993821382522583 0.994639873504639 0.987793505191803 0.974045872688293 0.983435928821564 0.993097901344299 0.998688817024231
-3.4e+38 -3.4e+38 -3.4e+38 -3.4e+38 1.32121503353119 1.34489500522614 1.38628602027893 1.42953598499298 1.47215902805328 1.49774897098541 1.50582194328308 1.47156000137329 1.46488702297211 1.42428195476532 1.39026999473572 1.34151101112366 1.29917705059052 1.24574494361877 1.22224497795105 1.21209800243378 1.19691598415375 1.17311894893646 1.14808201789856 1.12205302715302 1.09175205230713 1.06435394287109 1.06495904922485 1.04060900211334 1.02893805503845 1.02366697788239 1.01196694374084 1.0167920589447 1.01073694229126 1.01312899589539 1.01103699207306 1.00440895557404 1.00577902793884 1.0042439699173 0.988880515098572 0.983654379844666 0.983449876308441 0.992824614048004 0.999169886112213 0.9922034740448 0.993641316890717 0.997136771678925 1.00284504890442
-3.4e+38 -3.4e+38 -3.4e+38 -3.4e+38 1.30624401569366 1.31605100631714 1.34420299530029 1.43223297595978 1.48066902160645 1.49822604656219 1.52352797985077 1.50332295894623 1.47098898887634 1.41372394561768 1.37463104724884 1.34077405929565 1.30744695663452 1.2730940580368 1.25158703327179 1.22591996192932 1.18913602828979 1.16298794746399 1.12294101715088 1.1041100025177 1.09637200832367 1.06853795051575 1.04765796661377 1.02750396728516 1.02209997177124 1.02431201934814 1.03251194953918 1.02377700805664 1.01363205909729 1.01009595394135 1.01427698135376 1.0095180273056 1.00398004055023 1.00885498523712 1.0040580034256 0.993983685970306 0.987219095230103 0.988538086414337 0.995244204998016 1.00404798984528 1.00825703144073 1.00571501255035 1.00798201560974
-3.4e+38 -3.4e+38 -3.4e+38 -3.4e+38 -3.4e+38 1.3072350025177 1.35110104084015 1.37703001499176 1.45656502246857 1.50581204891205 1.52719402313232 1.50589895248413 1.46330797672272 1.41029405593872 1.37203299999237 1.3254679441452 1.27781295776367 1.27026104927063 1.24242794513702 1.22761201858521 1.19822096824646 1.16411101818085 1.13679194450378 1.09328997135162 1.06866896152496 1.05493104457855 1.04348003864288 1.04005098342896 1.03066504001617 1.02038204669952 1.02909398078918 1.02866399288177 1.0285439491272 1.01539194583893 1.00965702533722 1.01409804821014 1.00930595397949 1.01324105262756 1.01571905612946 1.01644802093506 1.01893699169159 1.0178120136261 1.0130330324173 1.02006602287292 1.02224397659302 1.02082300186157 1.01476895809174
-3.4e+38 -3.4e+38 -3.4e+38 -3.4e+38 -3.4e+38 1.3051689863205 1.33030605316162 1.39342999458313 1.45934200286865 1.49100399017334 1.52769601345062 1.49159502983093 1.44285595417023 1.40734302997589 1.35815703868866 1.32169103622437 1.30747997760773 1.24930894374847 1.22887694835663 1.1999009847641 1.17947494983673 1.14640700817108 1.1224809885025 1.10111796855927 1.08349204063416 1.06422102451324 1.05349600315094 1.04502403736115 1.04378294944763 1.04623997211456 1.02793002128601 1.02473795413971 1.02481603622437 1.02849495410919 1.02770304679871 1.01636099815369 1.0198620557785 1.01386404037476 1.02505600452423 1.0307719707489 1.03091704845428 1.02880597114563 1.02827596664429 1.02959203720093 1.02570796012878 1.02803802490234 1.02501702308655
-3.4e+38 -3.4e+38 -3.4e+38 -3.4e+38 -3.4e+38 1.27976202964783 1.30485105514526 1.35304594039917 1.40042996406555 1.45202398300171 1.46620500087738 1.44686603546143 1.42734897136688 1.40319800376892 1.3633029460907 1.34368300437927 1.30927896499634 1.26891100406647 1.24088299274445 1.20959603786469 1.17459499835968 1.15386402606964 1.12963604927063 1.10997104644775 1.09491503238678 1.07995498180389 1.07055997848511 1.05813705921173 1.03963005542755 1.03667104244232 1.03701305389404 1.03728795051575 1.02533805370331 1.01859104633331 1.01791095733643 1.02029001712799 1.01958000659943 1.0256609916687 1.03230404853821 1.03513395786285 1.03927195072174 1.04116594791412 1.03921794891357 1.03656494617462 1.03317701816559 1.03107905387878 1.03069698810577
-3.4e+38 -3.4e+38 -3.4e+38 -3.4e+38 -3.4e+38 -3.4e+38 1.28643500804901 1.31516599655151 1.3641140460968 1.38329803943634 1.39780604839325 1.42609798908234 1.41171705722809 1.40715503692627 1.36089503765106 1.34231996536255 1.31789398193359 1.28264594078064 1.24256300926208 1.20854699611664 1.17711496353149 1.15586304664612 1.13719403743744 1.11851096153259 1.09693896770477 1.08488404750824 1.07323694229126 1.05333495140076 1.05725598335266 1.03165602684021 1.03204703330994 1.02606797218323 1.01922404766083 1.01937401294708 1.02131700515747 1.01805102825165 1.0179899930954 1.03525602817535 1.03777098655701 1.03872799873352 1.04136502742767 1.04429197311401 1.04396498203278 1.04134202003479 1.04125595092773 1.03937494754791 1.03950905799866
-3.4e+38 -3.4e+38 -3.4e+38 -3.4e+38 -3.4e+38 -3.4e+38 1.2581330537796 1.33355295658112 1.3364759683609 1.35609602928162 1.40701496601105 1.40652394294739 1.40900003910065 1.3795200586319 1.34451901912689 1.33239102363586 1.2979199886322 1.28729295730591 1.24100601673126 1.20575499534607 1.17589700222015 1.17142903804779 1.14203202724457 1.10790002346039 1.09460294246674 1.08440804481506 1.06911599636078 1.05319797992706 1.04209303855896 1.0426390171051 1.04364502429962 1.02793502807617 1.0289820432663 1.024817943573 1.02266097068787 1.03681695461273 1.03085899353027 1.03121399879456 1.0297839641571 1.03316402435303 1.04251205921173 1.04562604427338 1.04687595367432 1.04749596118927 1.04544603824615 1.04426801204681 1.03981602191925
-3.4e+38 -3.4e+38 -3.4e+38 -3.4e+38 -3.4e+38 -3.4e+38 1.24337100982666 1.27959394454956 -3.4e+38 1.31189203262329 1.36232197284698 1.38234305381775 1.38640701770782 1.37181794643402 1.35275995731354 1.31347000598907 1.30262899398804 1.27602303028107 1.23097097873688 1.18757104873657 1.15795600414276 1.13916397094727 1.12678301334381 1.08013498783112 1.08397901058197 1.08525395393372 1.06786799430847 1.0619490146637 1.05064702033997 1.0343199968338 1.04459798336029 1.04172205924988 1.03368496894836 1.03127098083496 1.02811503410339 1.03510999679565 1.03020095825195 1.03204202651978 1.03212094306946 1.03183495998383 1.03846800327301 1.04328298568726 1.04363894462585 1.04372501373291 1.04833805561066 1.04117202758789 1.03982496261597
-3.4e+38 -3.4e+38 -3.4e+38 -3.4e+38 -3.4e+38 -3.4e+38 1.22238302230835 1.2333949804306 1.28817594051361 1.31544101238251 1.34370696544647 1.36612200737 1.37802696228027 1.36787605285645 1.33643794059753 1.304034948349 1.29156303405762 1.26746797561646 1.23088896274567 1.19273495674133 1.1907149553299 1.13870203495026 1.08798694610596 1.08326900005341 1.07137298583984 1.06491601467133 1.05782699584961 1.06477499008179 1.05223298072815 1.03864002227783 1.0337849855423 1.04507696628571 1.04307699203491 1.03771305084229 1.04051804542542 1.03399801254272 1.03097403049469 1.03213596343994 1.03466701507568 1.03389596939087 1.03947103023529 1.04243695735931 1.04438102245331 1.04593300819397 1.04527795314789 1.04404699802399 1.04079794883728
-3.4e+38 -3.4e+38 -3.4e+38 -3.4e+38 -3.4e+38 -3.4e+38 1.20297300815582 1.21583795547485 1.242506980896 1.28543496131897 1.31214594841003 1.32362103462219 1.35256099700928 1.36640202999115 1.33856594562531 1.32736396789551 1.30364298820496 1.28010201454163 1.23683297634125 1.19499397277832 1.19103801250458 1.13763201236725 1.0985289812088 1.07267701625824 1.06224405765533 1.05733895301819 1.0534770488739 1.05258703231812 1.05177199840546 1.03697395324707 1.03618395328522 1.05005502700806 1.04920995235443 1.04774796962738 1.03952395915985 1.03588104248047 1.03411900997162 1.03445303440094 -3.4e+38 1.03637099266052 1.03883695602417 1.04340004920959 1.04441201686859 1.04667496681213 1.04796397686005 1.04468703269958 1.04169094562531
-3.4e+38 -3.4e+38 -3.4e+38 -3.4e+38 -3.4e+38 -3.4e+38 1.18227303028107 1.18899202346802 -3.4e+38 -3.4e+38 1.26335394382477 1.30078494548798 1.34479594230652 1.33798897266388 1.34002804756165 1.32773995399475 1.30267596244812 1.2771270275116 1.23967695236206 1.19793796539307 1.17384004592896 1.14185297489166 1.11500096321106 1.08502197265625 1.09918296337128 1.07021200656891 1.07032704353333 1.06020104885101 1.0579240322113 1.04559004306793 1.04053497314453 1.03922498226166 1.0378669500351 1.04229199886322 1.03876304626465 1.03842902183533 1.03763198852539 1.03714096546173 -3.4e+38 1.03906404972076 1.03972101211548 1.0405900478363 1.04612398147583 1.05083203315735 1.05223798751831 1.04836797714233 1.04504597187042
-3.4e+38 -3.4e+38 -3.4e+38 -3.4e+38 -3.4e+38 -3.4e+38 -3.4e+38 -3.4e+38 -3.4e+38 1.20821797847748 1.24622201919556 1.30059695243835 1.31782603263855 1.33327996730804 1.33295094966888 1.32259500026703 1.29311800003052 1.28002297878265 1.25202202796936 1.21358001232147 1.16732704639435 1.15757405757904 1.12839794158936 1.10470104217529 1.09869801998138 1.08744204044342 1.08348202705383 1.07518398761749 1.06160199642181 1.05227398872375 1.05015802383423 1.0456520318985 1.04139399528503 1.04025900363922 1.04097402095795 1.03877198696136 1.03917694091797 -3.4e+38 -3.4e+38 -3.4e+38 1.03989100456238 1.04162704944611 1.04717803001404 1.05048501491547 1.05577301979065 1.05336201190948 1.04869604110718
-3.4e+38 -3.4e+38 -3.4e+38 -3.4e+38 -3.4e+38 -3.4e+38 -3.4e+38 -3.4e+38 1.15657901763916 1.18440496921539 1.23296797275543 1.27367401123047 1.30409395694733 1.33288204669952 1.33304798603058 1.31394100189209 1.29205000400543 1.2734260559082 1.25190401077271 1.22226595878601 1.18212199211121 1.15135395526886 1.14280700683594 1.12553203105927 1.10697197914124 1.09328496456146 1.08516597747803 1.08138704299927 1.07423603534698 1.06183397769928 1.0560439825058 1.04993999004364 1.04517805576324 -3.4e+38 -3.4e+38 -3.4e+38 -3.4e+38 -3.4e+38 -3.4e+38 -3.4e+38 -3.4e+38 -3.4e+38 1.04721796512604 1.0553719997406 1.05680799484253 1.05578696727753 1.05216598510742
-3.4e+38 -3.4e+38 -3.4e+38 -3.4e+38 -3.4e+38 -3.4e+38 -3.4e+38 -3.4e+38 1.15618503093719 1.19053101539612 1.23008596897125 1.2717319726944 1.2963559627533 1.31559598445892 1.31678998470306 1.29765498638153 1.29067695140839 1.27582597732544 1.25500798225403 1.22232496738434 1.19543695449829 1.16438603401184 1.15742099285126 1.13639795780182 1.11902797222137 1.10772597789764 1.09575402736664 1.087651014328 1.07794797420502 1.06424295902252 1.05555605888367 -3.4e+38 -3.4e+38 -3.4e+38 -3.4e+38 -3.4e+38 -3.4e+38 -3.4e+38 -3.4e+38 -3.4e+38 -3.4e+38 -3.4e+38 1.0465339422226 1.05393695831299 1.05489003658295 1.05496001243591 1.0524719953537
-3.4e+38 -3.4e+38 -3.4e+38 -3.4e+38 -3.4e+38 -3.4e+38 -3.4e+38 -3.4e+38 -3.4e+38 1.18585300445557 1.21750795841217 1.23355901241302 1.27450203895569 1.2922580242157 1.29662501811981 1.2835099697113 1.27674198150635 1.26388597488403 1.25309097766876 1.21788704395294 1.19705104827881 1.17191100120544 1.16997599601746 1.15327000617981 1.13420903682709 1.1258430480957 1.11274695396423 1.09516894817352 1.08080196380615 1.06956195831299 -3.4e+38 -3.4e+38 -3.4e+38 -3.4e+38 -3.4e+38 -3.4e+38 -3.4e+38 -3.4e+38 -3.4e+38 -3.4e+38 -3.4e+38 -3.4e+38 1.04448103904724 1.05021595954895 1.05255103111267 1.05413997173309 1.05340194702148
-3.4e+38 -3.4e+38 -3.4e+38 -3.4e+38 -3.4e+38 -3.4e+38 -3.4e+38 -3.4e+38 -3.4e+38 -3.4e+38 1.18693494796753 1.21694004535675 1.24152195453644 1.27013695240021 1.27146899700165 1.27346801757812 1.26260805130005 1.25582504272461 1.23570203781128 1.21080100536346 1.2000230550766 1.18683397769928 1.17693495750427 1.17189705371857 1.16552698612213 1.15026700496674 1.12156295776367 1.10128498077393 -3.4e+38 -3.4e+38 -3.4e+38 -3.4e+38 -3.4e+38 -3.4e+38 -3.4e+38 -3.4e+38 -3.4e+38 -3.4e+38 -3.4e+38 -3.4e+38 -3.4e+38 -3.4e+38 1.04220294952393 1.04580700397491 1.04770195484161 1.05227398872375 1.05434000492096
-3.4e+38 -3.4e+38 -3.4e+38 -3.4e+38 -3.4e+38 -3.4e+38 -3.4e+38 -3.4e+38 -3.4e+38 -3.4e+38 -3.4e+38 -3.4e+38 -3.4e+38 1.25055694580078 1.25511503219604 1.25259101390839 1.25260305404663 1.24257695674896 1.22761499881744 1.21098005771637 1.1953250169754 1.18982803821564 1.17925703525543 1.1745320558548 1.16869604587555 1.15023005008698 -3.4e+38 -3.4e+38 -3.4e+38 -3.4e+38 -3.4e+38 -3.4e+38 -3.4e+38 -3.4e+38 -3.4e+38 -3.4e+38 -3.4e+38 -3.4e+38 -3.4e+38 -3.4e+38 -3.4e+38 -3.4e+38 -3.4e+38 1.04227805137634 1.04584002494812 1.04959905147552 1.05591201782227
-3.4e+38 -3.4e+38 -3.4e+38 -3.4e+38 -3.4e+38 -3.4e+38 -3.4e+38 -3.4e+38 -3.4e+38 -3.4e+38 -3.4e+38 -3.4e+38 -3.4e+38 -3.4e+38 -3.4e+38 1.23177099227905 1.22758102416992 1.21451699733734 1.2094099521637 1.19834399223328 1.18334496021271 1.17848896980286 1.1686840057373 -3.4e+38 -3.4e+38 -3.4e+38 -3.4e+38 -3.4e+38 -3.4e+38 -3.4e+38 -3.4e+38 -3.4e+38 -3.4e+38 -3.4e+38 -3.4e+38 -3.4e+38 -3.4e+38 -3.4e+38 -3.4e+38 -3.4e+38 -3.4e+38 -3.4e+38 -3.4e+38 -3.4e+38 1.0418039560318 1.04795300960541 1.05947399139404
