ENMTML/All_vars/Predictors/EUR_CliMond/bio32.asc
NCOLS 411 
NROWS 214 
XLLCORNER -11.5 
YLLCORNER 35.666666666112 
CELLSIZE 0.166666666666667 
NODATA_value -3.4e+38 
[rows 21 to 41 of 214, columns 282 to 328 of 411]
1.00682902336121 1.00783002376556 1.00980496406555 1.01203298568726 1.01205098628998 1.01508903503418 1.01557600498199 1.01683497428894 1.01958298683167 1.02014601230621 1.01976001262665 1.0181360244751 1.0168160200119 1.0154219865799 1.01437294483185 1.01666903495789 1.01507794857025 1.01535594463348 1.01139295101166 1.01181101799011 1.01180803775787 1.01714301109314 1.01558101177216 1.01849496364594 1.01623797416687 1.01590299606323 1.01234102249146 1.01135694980621 1.00867700576782 1.0052410364151 1.00167202949524 1.00162994861603 1.00207996368408 -3.4e+38 -3.4e+38 -3.4e+38 -3.4e+38 -3.4e+38 -3.4e+38 -3.4e+38 -3.4e+38 -3.4e+38 -3.4e+38 -3.4e+38 -3.4e+38 -3.4e+38 -3.4e+38
1.00501096248627 1.00411701202393 1.00834894180298 1.00551295280457 1.00564694404602 1.00621604919434 1.00965404510498 1.01514804363251 1.0149120092392 1.01695895195007 1.01597094535828 1.01629102230072 1.01870501041412 1.01829600334167 1.01708900928497 1.0147819519043 1.01667499542236 1.01599597930908 1.01559901237488 1.01286494731903 1.01569902896881 1.0180230140686 1.01831603050232 1.01912295818329 1.01876294612885 1.01626396179199 1.01624894142151 1.01516795158386 1.01529395580292 1.01303899288177 1.01150500774384 1.01026296615601 1.00812494754791 -3.4e+38 -3.4e+38 -3.4e+38 -3.4e+38 -3.4e+38 -3.4e+38 -3.4e+38 -3.4e+38 -3.4e+38 -3.4e+38 -3.4e+38 -3.4e+38 -3.4e+38 -3.4e+38
1.00763404369354 1.00958704948425 1.00685596466064 1.00558495521545 1.0045520067215 1.00398004055023 1.0072979927063 1.01013898849487 1.01065003871918 1.01351797580719 1.01113402843475 1.00918304920197 1.01040601730347 1.0117449760437 1.01245999336243 1.01104199886322 1.01313805580139 1.01358199119568 1.01160502433777 1.01340794563293 1.01706397533417 1.01822400093079 1.01552104949951 1.01485598087311 1.01451897621155 1.01459395885468 1.01548397541046 1.01549005508423 1.01520097255707 1.01470303535461 1.01287305355072 1.01268601417542 1.01183104515076 1.01062405109406 -3.4e+38 -3.4e+38 -3.4e+38 -3.4e+38 -3.4e+38 -3.4e+38 -3.4e+38 -3.4e+38 -3.4e+38 -3.4e+38 -3.4e+38 -3.4e+38 -3.4e+38
1.00006401538849 1.00397098064423 1.00309300422668 1.00303494930267 1.00386703014374 1.00676500797272 1.00782096385956 1.00865304470062 1.01157295703888 1.01135194301605 1.00852704048157 1.00868701934814 1.00841498374939 1.01029002666473 1.01114404201508 1.01041305065155 1.01127696037292 1.01240205764771 1.01006102561951 1.01413905620575 1.01392996311188 1.01476800441742 1.01445198059082 1.01364696025848 1.01290905475616 1.01281702518463 1.01321399211884 1.01454305648804 1.01577305793762 1.01448094844818 1.01446604728699 1.01473104953766 1.01354598999023 1.01093304157257 1.00999295711517 -3.4e+38 -3.4e+38 -3.4e+38 -3.4e+38 -3.4e+38 -3.4e+38 -3.4e+38 -3.4e+38 -3.4e+38 -3.4e+38 -3.4e+38 -3.4e+38
0.988076329231262 0.994137287139893 0.992686688899994 0.999212324619293 0.999550879001617 1.00242304801941 1.00649201869965 1.00730204582214 1.00792801380157 1.00915396213531 1.00759398937225 1.0094530582428 1.0073070526123 1.0076539516449 1.00743699073792 1.00972497463226 1.01059401035309 1.0117369890213 1.0120290517807 1.01541805267334 1.01452994346619 1.01392304897308 1.01105999946594 1.01380097866058 1.01337504386902 1.01316595077515 1.01602005958557 1.01556897163391 1.01516497135162 1.01578402519226 1.0157949924469 1.01598501205444 1.01481699943542 1.01419496536255 1.01037096977234 -3.4e+38 -3.4e+38 -3.4e+38 -3.4e+38 -3.4e+38 -3.4e+38 -3.4e+38 -3.4e+38 -3.4e+38 -3.4e+38 -3.4e+38 -3.4e+38
0.988949418067932 0.984444081783295 0.984332978725433 0.99174177646637 0.997859179973602 0.998605787754059 0.999601185321808 1.00289595127106 1.00574195384979 1.00693905353546 1.00754702091217 1.00805902481079 1.01031005382538 1.00893902778625 1.01212394237518 1.01212394237518 1.01212298870087 1.01215398311615 1.0148229598999 1.01369297504425 1.01458096504211 1.01500403881073 1.01652300357819 1.01664996147156 1.01753997802734 1.01655304431915 1.01895904541016 1.01839900016785 1.01655805110931 1.0188000202179 1.01861703395844 1.0178519487381 1.01761198043823 1.01590704917908 1.01090896129608 -3.4e+38 -3.4e+38 -3.4e+38 -3.4e+38 -3.4e+38 -3.4e+38 -3.4e+38 -3.4e+38 -3.4e+38 -3.4e+38 -3.4e+38 -3.4e+38
0.986796915531158 0.983260810375214 0.982550203800201 0.986100018024445 0.992615818977356 0.996546924114227 0.995550394058228 0.999971807003021 1.00249397754669 1.00475597381592 1.00597298145294 1.00673794746399 1.00840294361115 1.00889503955841 1.00899600982666 1.00811398029327 1.00959897041321 1.01250803470612 1.01452994346619 1.01450300216675 1.01628196239471 1.0159250497818 1.01705205440521 1.01843297481537 1.01974403858185 1.0195939540863 1.0197559595108 1.01993405818939 1.01996004581451 1.01987302303314 1.01985001564026 1.01658999919891 1.01265096664429 1.01035499572754 -3.4e+38 -3.4e+38 -3.4e+38 -3.4e+38 -3.4e+38 -3.4e+38 -3.4e+38 -3.4e+38 1.01231896877289 -3.4e+38 -3.4e+38 -3.4e+38 -3.4e+38
0.980992019176483 0.979679822921753 0.979651808738708 0.98076057434082 0.982230424880981 0.986813485622406 0.989475905895233 0.995860576629639 0.99897301197052 1.00087404251099 1.0047299861908 1.0049250125885 1.00660002231598 1.00998103618622 1.01208305358887 1.01053404808044 1.01243102550507 1.01214802265167 1.01386797428131 1.01555395126343 1.01449704170227 1.01671898365021 1.01860201358795 1.01889097690582 1.01874399185181 1.0200480222702 1.02002501487732 1.01936399936676 1.01923000812531 1.01594305038452 1.01159501075745 1.00881803035736 -3.4e+38 -3.4e+38 -3.4e+38 -3.4e+38 -3.4e+38 -3.4e+38 -3.4e+38 -3.4e+38 -3.4e+38 -3.4e+38 -3.4e+38 -3.4e+38 -3.4e+38 -3.4e+38 -3.4e+38
0.970242023468018 0.973393678665161 0.974178791046143 0.977711796760559 0.98153018951416 0.982915222644806 0.983210384845734 0.984444797039032 0.98672491312027 0.993089914321899 0.999349772930145 1.00170397758484 1.00283694267273 1.00701498985291 1.00796604156494 1.01090002059937 1.00959205627441 1.0125720500946 1.01350796222687 1.01606500148773 1.01593399047852 1.01591002941132 1.01493096351624 1.01490199565887 1.01629197597504 1.01527905464172 1.01495802402496 1.01473498344421 1.01166105270386 1.01067805290222 -3.4e+38 -3.4e+38 -3.4e+38 -3.4e+38 -3.4e+38 -3.4e+38 -3.4e+38 -3.4e+38 -3.4e+38 1.01464998722076 1.0164430141449 1.01513504981995 1.01551496982574 1.01543796062469 1.01676404476166 1.01749801635742 1.0164680480957
-3.4e+38 -3.4e+38 -3.4e+38 -3.4e+38 -3.4e+38 0.977406919002533 0.977392315864563 0.974607706069946 0.9807990193367 0.984014093875885 0.98956310749054 0.994906485080719 0.998591423034668 1.00128698348999 1.00384998321533 1.0068199634552 1.01034104824066 1.01126801967621 1.0107729434967 1.01221001148224 1.01279604434967 1.01005899906158 1.01103103160858 1.0086590051651 1.00868904590607 1.00809097290039 1.00876605510712 1.0083349943161 -3.4e+38 -3.4e+38 -3.4e+38 -3.4e+38 -3.4e+38 -3.4e+38 -3.4e+38 -3.4e+38 -3.4e+38 1.01485800743103 1.01532399654388 1.01575398445129 1.0164840221405 1.01657795906067 1.01855802536011 1.01746201515198 1.01730096340179 1.01735103130341 1.01769304275513
-3.4e+38 -3.4e+38 -3.4e+38 -3.4e+38 -3.4e+38 -3.4e+38 -3.4e+38 -3.4e+38 -3.4e+38 -3.4e+38 -3.4e+38 -3.4e+38 -3.4e+38 0.99503368139267 0.998148620128632 1.00165903568268 1.00331604480743 1.00552403926849 1.00751101970673 1.00747799873352 1.00629496574402 1.00421404838562 -3.4e+38 -3.4e+38 -3.4e+38 -3.4e+38 -3.4e+38 -3.4e+38 -3.4e+38 -3.4e+38 -3.4e+38 -3.4e+38 -3.4e+38 -3.4e+38 1.01653301715851 1.01691997051239 1.01677405834198 1.01727402210236 1.01811599731445 1.01829898357391 1.0200070142746 1.02041101455688 1.02027404308319 1.02069795131683 1.0194319486618 1.01939702033997 1.01948702335358
-3.4e+38 -3.4e+38 -3.4e+38 -3.4e+38 -3.4e+38 -3.4e+38 -3.4e+38 -3.4e+38 -3.4e+38 -3.4e+38 -3.4e+38 -3.4e+38 -3.4e+38 -3.4e+38 -3.4e+38 -3.4e+38 -3.4e+38 -3.4e+38 -3.4e+38 -3.4e+38 -3.4e+38 -3.4e+38 -3.4e+38 -3.4e+38 -3.4e+38 -3.4e+38 -3.4e+38 -3.4e+38 -3.4e+38 -3.4e+38 1.01679599285126 1.01663196086884 1.01737296581268 1.01711201667786 1.01895105838776 1.02055203914642 1.02019703388214 1.01909399032593 1.01752305030823 1.02170896530151 1.02167105674744 1.02185297012329 1.02122604846954 1.02176094055176 1.02146697044373 1.02042603492737 1.02077400684357
-3.4e+38 -3.4e+38 -3.4e+38 -3.4e+38 -3.4e+38 -3.4e+38 -3.4e+38 -3.4e+38 -3.4e+38 -3.4e+38 -3.4e+38 -3.4e+38 -3.4e+38 -3.4e+38 -3.4e+38 -3.4e+38 -3.4e+38 -3.4e+38 -3.4e+38 -3.4e+38 -3.4e+38 -3.4e+38 -3.4e+38 -3.4e+38 -3.4e+38 -3.4e+38 -3.4e+38 -3.4e+38 1.0181690454483 1.0198529958725 1.01982402801514 1.02066898345947 1.02295196056366 1.02300596237183 1.02196896076202 1.02161800861359 1.02202200889587 1.02191603183746 1.02079296112061 1.02202594280243 1.02454900741577 1.02588605880737 1.02761602401733 1.0269730091095 1.02508199214935 1.02404296398163 1.02168405056
-3.4e+38 -3.4e+38 -3.4e+38 -3.4e+38 -3.4e+38 -3.4e+38 -3.4e+38 -3.4e+38 -3.4e+38 -3.4e+38 -3.4e+38 -3.4e+38 -3.4e+38 -3.4e+38 -3.4e+38 -3.4e+38 -3.4e+38 -3.4e+38 -3.4e+38 -3.4e+38 -3.4e+38 -3.4e+38 -3.4e+38 -3.4e+38 -3.4e+38 1.01722300052643 1.01812398433685 1.02175903320312 1.02265501022339 1.02084004878998 1.02497100830078 1.02680802345276 1.02771294116974 1.0274829864502 1.02659296989441 1.02655005455017 1.02570700645447 1.02442800998688 1.02482998371124 1.02602899074554 1.02592504024506 1.02586698532104 1.02756500244141 1.02757799625397 1.02770602703094 1.02776205539703 1.02504098415375
-3.4e+38 -3.4e+38 -3.4e+38 -3.4e+38 -3.4e+38 -3.4e+38 -3.4e+38 -3.4e+38 -3.4e+38 -3.4e+38 -3.4e+38 -3.4e+38 -3.4e+38 -3.4e+38 -3.4e+38 -3.4e+38 -3.4e+38 -3.4e+38 -3.4e+38 -3.4e+38 -3.4e+38 -3.4e+38 -3.4e+38 -3.4e+38 -3.4e+38 1.02060997486115 1.0246729850769 1.02496099472046 1.02568900585175 1.02794599533081 1.0291839838028 1.02928900718689 1.02945005893707 1.0298969745636 1.03017497062683 1.0286899805069 1.02670395374298 1.02573800086975 1.02525794506073 1.02703404426575 1.02901804447174 1.03173005580902 1.03139197826385 1.03120005130768 1.03110301494598 1.03110897541046 1.03074300289154
-3.4e+38 -3.4e+38 -3.4e+38 -3.4e+38 -3.4e+38 -3.4e+38 -3.4e+38 -3.4e+38 -3.4e+38 -3.4e+38 -3.4e+38 -3.4e+38 -3.4e+38 -3.4e+38 -3.4e+38 -3.4e+38 -3.4e+38 -3.4e+38 -3.4e+38 -3.4e+38 -3.4e+38 -3.4e+38 -3.4e+38 -3.4e+38 -3.4e+38 -3.4e+38 1.0227689743042 1.02498805522919 1.02696895599365 1.03081703186035 1.03042900562286 1.0307389497757 1.03038096427917 1.0306830406189 1.02976894378662 1.02978801727295 1.02978205680847 1.02806901931763 1.02843403816223 1.02916300296783 1.02981102466583 1.02959501743317 1.03171801567078 1.03095304965973 1.0309089422226 1.03080403804779 1.0265189409256
0.981185913085938 0.981214880943298 -3.4e+38 -3.4e+38 -3.4e+38 -3.4e+38 -3.4e+38 -3.4e+38 0.984486281871796 0.994446873664856 1.00242900848389 1.00859498977661 1.01040196418762 -3.4e+38 -3.4e+38 -3.4e+38 -3.4e+38 -3.4e+38 -3.4e+38 -3.4e+38 -3.4e+38 -3.4e+38 -3.4e+38 -3.4e+38 -3.4e+38 -3.4e+38 -3.4e+38 1.02573800086975 1.02892100811005 1.03026497364044 1.03301596641541 1.03370797634125 1.03312003612518 1.0333479642868 1.03310704231262 1.03233194351196 1.03118896484375 1.02847301959991 1.02832102775574 1.0288679599762 1.02883398532867 1.02853202819824 1.02870798110962 1.02954804897308 1.02791798114777 1.02756202220917 1.02675497531891
-3.4e+38 -3.4e+38 -3.4e+38 -3.4e+38 -3.4e+38 -3.4e+38 0.9927077293396 0.993936121463776 0.998046815395355 1.0035320520401 1.00910294055939 1.01572000980377 1.01864397525787 1.01712000370026 1.02058398723602 -3.4e+38 -3.4e+38 -3.4e+38 -3.4e+38 -3.4e+38 -3.4e+38 -3.4e+38 -3.4e+38 -3.4e+38 -3.4e+38 -3.4e+38 -3.4e+38 -3.4e+38 -3.4e+38 1.02992904186249 1.03283095359802 1.032261967659 1.03266799449921 1.03287303447723 1.03292894363403 1.03252601623535 1.03181195259094 1.03147602081299 1.03018701076508 1.03039300441742 1.02935898303986 1.0288120508194 1.02913796901703 1.0290299654007 1.02918100357056 1.02766501903534 1.02782595157623
-3.4e+38 -3.4e+38 -3.4e+38 -3.4e+38 -3.4e+38 -3.4e+38 0.997053325176239 1.00417196750641 1.01013696193695 1.01414203643799 1.0159729719162 1.02260994911194 1.02646005153656 1.0259040594101 1.02546203136444 1.0250780582428 1.02823603153229 1.03036594390869 1.03128397464752 1.03217303752899 1.03157901763916 -3.4e+38 -3.4e+38 -3.4e+38 -3.4e+38 -3.4e+38 -3.4e+38 -3.4e+38 1.03343200683594 1.03376698493958 1.0335019826889 1.03376603126526 1.03320205211639 1.03191697597504 1.03022801876068 1.03108203411102 1.03149199485779 1.03078198432922 1.0300920009613 1.03045499324799 1.03010594844818 1.02938103675842 1.02938795089722 1.02956998348236 1.03225195407867 1.0327080488205 1.02961897850037
-3.4e+38 -3.4e+38 -3.4e+38 -3.4e+38 -3.4e+38 -3.4e+38 -3.4e+38 -3.4e+38 1.01564300060272 1.02282094955444 1.02569103240967 1.02771401405334 1.03099596500397 1.02867698669434 1.02882504463196 1.03070104122162 1.03478097915649 1.03696501255035 1.03737998008728 1.03577697277069 1.03755795955658 1.0359959602356 1.03507101535797 1.03504598140717 1.03524303436279 1.03394997119904 1.03411996364594 1.03447699546814 1.03527998924255 1.03489303588867 1.03597497940063 1.03468596935272 1.03377497196198 1.03068399429321 1.02993202209473 1.03011298179626 1.02860295772552 1.02961194515228 1.03104496002197 1.0310959815979 1.03131103515625 1.03033995628357 1.02955496311188 1.03005194664001 1.03179597854614 1.03260099887848 1.03226602077484
-3.4e+38 -3.4e+38 -3.4e+38 -3.4e+38 -3.4e+38 -3.4e+38 -3.4e+38 -3.4e+38 -3.4e+38 1.02288401126862 1.0290629863739 1.03090500831604 1.03017699718475 1.03158402442932 1.0357129573822 1.03761005401611 1.04264998435974 1.0443480014801 1.04356694221497 1.04330503940582 1.04321897029877 1.04217898845673 1.04035198688507 1.04007995128632 1.03783297538757 1.03680205345154 1.03746294975281 1.03794801235199 1.03791701793671 1.03837502002716 1.0384110212326 1.03728497028351 1.03445994853973 1.03340101242065 1.03115499019623 1.0307480096817 1.02861499786377 1.0266900062561 1.02643299102783 1.02915096282959 1.03013396263123 1.02945005893707 1.02958405017853 1.02930402755737 1.02899098396301 1.02874994277954 1.02894604206085
