ENMTML/All_vars/Predictors/EUR_CliMond/bio30.asc
NCOLS 411 
NROWS 214 
XLLCORNER -11.5 
YLLCORNER 35.666666666112 
CELLSIZE 0.166666666666667 
NODATA_value -3.4e+38 
[rows 180 to 199 of 214, columns 0 to 45 of 411]
-3.4e+38 -3.4e+38 -3.4e+38 -3.4e+38 -3.4e+38 -3.4e+38 -3.4e+38 -3.4e+38 -3.4e+38 -3.4e+38 -3.4e+38 -3.4e+38 -3.4e+38 -3.4e+38 -3.4e+38 -3.4e+38 0.326907992362976 0.31513699889183 0.298765003681183 0.271726012229919 0.250721991062164 0.269010990858078 0.217152997851372 0.211046993732452 0.199943006038666 0.205390006303787 0.177836999297142 0.1786749958992 0.185453996062279 0.181946992874146 0.180866003036499 0.185062006115913 0.184832006692886 0.187436997890472 0.191183000802994 0.192646995186806 0.186726003885269 0.190256997942924 0.190473005175591 0.190941005945206 0.192469000816345 0.200652003288269 0.204812005162239 0.210401996970177 0.219622001051903 0.228635996580124
-3.4e+38 -3.4e+38 -3.4e+38 -3.4e+38 -3.4e+38 -3.4e+38 -3.4e+38 -3.4e+38 -3.4e+38 -3.4e+38 -3.4e+38 -3.4e+38 -3.4e+38 -3.4e+38 -3.4e+38 -3.4e+38 -3.4e+38 0.313657999038696 0.287963002920151 0.266784995794296 0.262019991874695 0.257164001464844 0.225975006818771 0.212347999215126 0.20490899682045 0.188755005598068 0.170953005552292 0.173567995429039 0.173475995659828 0.183371007442474 0.18215799331665 0.181767001748085 0.179018005728722 0.182348996400833 0.182457998394966 0.187226995825768 0.190007001161575 0.186267003417015 0.192239001393318 0.19191999733448 0.193629994988441 0.202342003583908 0.206238999962807 0.210964992642403 0.221819996833801 0.250970005989075
-3.4e+38 -3.4e+38 -3.4e+38 -3.4e+38 -3.4e+38 -3.4e+38 -3.4e+38 -3.4e+38 -3.4e+38 -3.4e+38 -3.4e+38 -3.4e+38 -3.4e+38 -3.4e+38 -3.4e+38 -3.4e+38 -3.4e+38 0.309664994478226 0.293954998254776 0.286069005727768 0.27028900384903 0.265267014503479 0.256402999162674 0.229919001460075 0.225620999932289 0.196209996938705 0.182262003421783 0.182542994618416 0.181326001882553 0.183170005679131 0.181567996740341 0.179904997348785 0.179271996021271 0.177388995885849 0.183312997221947 0.185989007353783 0.188960000872612 0.193667992949486 0.193946003913879 0.198412999510765 0.198385000228882 0.207405999302864 0.212056994438171 0.214064002037048 0.235688000917435 0.297044992446899
-3.4e+38 -3.4e+38 -3.4e+38 -3.4e+38 -3.4e+38 -3.4e+38 -3.4e+38 -3.4e+38 -3.4e+38 -3.4e+38 -3.4e+38 -3.4e+38 -3.4e+38 -3.4e+38 -3.4e+38 -3.4e+38 -3.4e+38 0.295700013637543 0.283924996852875 0.268101006746292 0.246663004159927 0.22936999797821 0.221474006772041 0.214661002159119 0.211178004741669 0.190619006752968 0.18767899274826 0.186831995844841 0.178512006998062 0.182012006640434 0.179373994469643 0.17748099565506 0.178845003247261 0.185997992753983 0.192644000053406 0.185960993170738 0.190944001078606 0.194225996732712 0.208178997039795 0.21288600564003 0.212183997035027 0.217346996068954 0.231179997324944 0.24414299428463 0.26723700761795 0.265899002552032
-3.4e+38 -3.4e+38 -3.4e+38 -3.4e+38 -3.4e+38 -3.4e+38 -3.4e+38 -3.4e+38 -3.4e+38 -3.4e+38 -3.4e+38 -3.4e+38 -3.4e+38 -3.4e+38 -3.4e+38 -3.4e+38 0.306847006082535 0.278261005878448 0.256154000759125 0.263181000947952 0.23326900601387 0.215306997299194 0.204933002591133 0.19888299703598 0.209187000989914 0.209102004766464 0.199135005474091 0.192790001630783 0.179297000169754 0.171402007341385 0.17951400578022 0.192264005541801 0.189594998955727 0.182694002985954 0.184084996581078 0.186194002628326 0.200172007083893 0.216858997941017 0.237924993038177 0.225139006972313 0.224654003977776 0.22435399889946 0.232460007071495 0.236959993839264 0.205963000655174 0.196988001465797
-3.4e+38 -3.4e+38 -3.4e+38 -3.4e+38 -3.4e+38 -3.4e+38 -3.4e+38 -3.4e+38 -3.4e+38 -3.4e+38 -3.4e+38 -3.4e+38 -3.4e+38 -3.4e+38 -3.4e+38 -3.4e+38 0.280286997556686 0.257813006639481 0.238307997584343 0.228227004408836 0.207316994667053 0.204240992665291 0.207438006997108 0.282765001058578 0.218106001615524 0.197729006409645 0.195978000760078 0.194925993680954 0.185430005192757 0.182338997721672 0.183973997831345 0.176305994391441 0.162047997117043 0.165258005261421 0.198925003409386 0.200314000248909 0.208289995789528 0.248622000217438 0.251763999462128 0.240957006812096 0.21391199529171 0.205491006374359 0.17909500002861 0.179505005478859 0.173286005854607 0.173699006438255
-3.4e+38 -3.4e+38 -3.4e+38 -3.4e+38 -3.4e+38 -3.4e+38 -3.4e+38 -3.4e+38 -3.4e+38 -3.4e+38 -3.4e+38 -3.4e+38 -3.4e+38 -3.4e+38 -3.4e+38 0.266496986150742 0.25288200378418 0.23191100358963 0.216224998235703 0.208202004432678 0.200047001242638 0.215180993080139 0.222877994179726 0.229020997881889 0.179153993725777 0.177266001701355 0.18486599624157 0.182288005948067 0.184417992830276 0.168838992714882 0.155047997832298 0.142775997519493 0.138047993183136 0.171368002891541 0.219835996627808 0.237018004059792 0.231503993272781 0.244425997138023 0.195980995893478 0.186598002910614 0.16125300526619 0.173160001635551 0.16737499833107 0.15888500213623 0.166896000504494 0.166777998209
-3.4e+38 -3.4e+38 -3.4e+38 -3.4e+38 -3.4e+38 -3.4e+38 -3.4e+38 -3.4e+38 -3.4e+38 -3.4e+38 -3.4e+38 -3.4e+38 -3.4e+38 -3.4e+38 -3.4e+38 0.241191998124123 0.235640004277229 0.218642994761467 0.208486005663872 0.220347002148628 0.221377998590469 0.211306005716324 0.196438997983932 0.19191999733448 0.172030001878738 0.15863199532032 0.157907992601395 0.14614300429821 0.142127007246017 0.131092995405197 0.138476997613907 0.127748996019363 0.136095002293587 0.15022200345993 0.154861003160477 0.142958000302315 0.132633000612259 0.131678998470306 0.13340899348259 0.14189900457859 0.154623001813889 0.145070001482964 0.148558005690575 0.157162994146347 0.157399997115135 0.160591006278992
-3.4e+38 -3.4e+38 -3.4e+38 -3.4e+38 -3.4e+38 -3.4e+38 -3.4e+38 -3.4e+38 -3.4e+38 -3.4e+38 -3.4e+38 -3.4e+38 -3.4e+38 -3.4e+38 -3.4e+38 0.229684993624687 0.219375997781754 0.213437005877495 0.203496992588043 0.207067996263504 0.19768300652504 0.208526998758316 0.182263001799583 0.161051005125046 0.157373994588852 0.145363003015518 0.143837004899979 0.136346995830536 0.131384000182152 0.128370001912117 0.126687005162239 0.126834005117416 0.126154005527496 0.119808003306389 0.119133003056049 0.122267000377178 0.122331000864506 0.127048999071121 0.130868002772331 0.13145400583744 0.135887995362282 0.136328995227814 0.144158005714417 0.148423999547958 0.151691004633904 0.151214003562927
-3.4e+38 -3.4e+38 -3.4e+38 -3.4e+38 -3.4e+38 -3.4e+38 -3.4e+38 -3.4e+38 -3.4e+38 -3.4e+38 -3.4e+38 -3.4e+38 -3.4e+38 -3.4e+38 -3.4e+38 0.220466002821922 0.209233999252319 0.204733997583389 0.18809400498867 0.186243996024132 0.182168006896973 0.183143004775047 0.162623003125191 0.152704998850822 0.145585998892784 0.137918993830681 0.136154994368553 0.130904003977776 0.129334002733231 0.126809999346733 0.12253700196743 0.123990997672081 0.120311997830868 0.123017996549606 0.127388998866081 0.127667993307114 0.127177000045776 0.127315998077393 0.130554005503654 0.135941997170448 0.143620997667313 0.144462004303932 0.144245997071266 0.152115002274513 0.157311007380486 0.156944006681442
-3.4e+38 -3.4e+38 -3.4e+38 -3.4e+38 -3.4e+38 -3.4e+38 -3.4e+38 -3.4e+38 -3.4e+38 -3.4e+38 -3.4e+38 -3.4e+38 -3.4e+38 -3.4e+38 0.214582994580269 0.212623998522758 0.218823000788689 0.194646000862122 0.173930004239082 0.170928001403809 0.166918992996216 0.160727992653847 0.151825994253159 0.148251995444298 0.140567004680634 0.138199999928474 0.132513999938965 0.129384994506836 0.128179997205734 0.126541003584862 0.120747998356819 0.118996001780033 0.118398003280163 0.119253002107143 0.127106994390488 0.131938993930817 0.146271005272865 0.145359992980957 0.135991007089615 0.148837998509407 0.157085001468658 0.165193006396294 0.164406999945641 0.160467997193336 0.16448600590229 0.159912005066872
-3.4e+38 -3.4e+38 -3.4e+38 -3.4e+38 -3.4e+38 -3.4e+38 -3.4e+38 -3.4e+38 -3.4e+38 -3.4e+38 -3.4e+38 -3.4e+38 -3.4e+38 0.216700002551079 0.20830899477005 0.198816001415253 0.184376001358032 0.170959994196892 0.163011997938156 0.159340992569923 0.154014006257057 0.150722995400429 0.147630006074905 0.145074993371964 0.152700006961823 0.145705997943878 0.141064003109932 0.129218995571136 0.126195996999741 0.122019998729229 0.119998000562191 0.118924997746944 0.118040002882481 0.11871500313282 0.12797999382019 0.135675996541977 0.143640995025635 0.126470997929573 0.125743001699448 0.125021994113922 0.133194997906685 0.143160998821259 0.151660993695259 0.147337004542351 0.160716995596886 0.160716995596886
-3.4e+38 -3.4e+38 -3.4e+38 -3.4e+38 -3.4e+38 -3.4e+38 -3.4e+38 -3.4e+38 -3.4e+38 -3.4e+38 -3.4e+38 -3.4e+38 -3.4e+38 0.211511999368668 0.195636004209518 0.179371997714043 0.167846992611885 0.158463999629021 0.156285002827644 0.150574997067451 0.145453006029129 0.143811002373695 0.137266993522644 0.142504006624222 0.147714003920555 0.14444200694561 0.129816994071007 0.126984000205994 0.117816999554634 0.121205002069473 0.11956399679184 0.118853002786636 0.119171999394894 0.116570003330708 0.115002997219563 0.114822998642921 0.115376003086567 0.11557699739933 0.115528002381325 0.124591998755932 0.128535002470016 0.129629999399185 0.134220004081726 0.133846998214722 0.144064992666245 0.143075004220009
-3.4e+38 -3.4e+38 -3.4e+38 -3.4e+38 -3.4e+38 -3.4e+38 -3.4e+38 -3.4e+38 -3.4e+38 -3.4e+38 -3.4e+38 -3.4e+38 0.213468998670578 0.203253000974655 0.190617993474007 0.16991999745369 0.155330002307892 0.149644002318382 0.14970700442791 0.147380992770195 0.143009006977081 0.139188006520271 0.135480999946594 0.132670998573303 0.129830002784729 0.125532001256943 0.121546000242233 0.117282003164291 0.116154000163078 0.114987999200821 0.113470003008842 0.113435000181198 0.108139999210835 0.106257997453213 0.10598099976778 0.106095999479294 0.106374002993107 0.113838002085686 0.115036003291607 0.119719997048378 0.1284019947052 0.12806099653244 0.133211001753807 0.129603996872902 0.133803993463516 0.12950100004673
-3.4e+38 -3.4e+38 -3.4e+38 -3.4e+38 -3.4e+38 -3.4e+38 -3.4e+38 -3.4e+38 -3.4e+38 -3.4e+38 -3.4e+38 -3.4e+38 0.21442499756813 0.202206000685692 0.179119005799294 0.15293100476265 0.146803006529808 0.145345002412796 0.14070400595665 0.136709004640579 0.136076003313065 0.133543998003006 0.13578599691391 0.133433997631073 0.129339993000031 0.126640006899834 0.118178002536297 0.11710499972105 0.111094996333122 0.106509000062943 0.104938998818398 0.108641996979713 0.10207100212574 0.106140002608299 0.106127001345158 0.105834998190403 0.105834998190403 0.113058999180794 0.114395000040531 0.117930002510548 0.119281001389027 0.127452000975609 0.120168998837471 0.125400006771088 0.125416994094849 0.125394001603127
-3.4e+38 -3.4e+38 -3.4e+38 -3.4e+38 -3.4e+38 -3.4e+38 -3.4e+38 -3.4e+38 -3.4e+38 -3.4e+38 -3.4e+38 -3.4e+38 0.210577994585037 0.186831995844841 0.162144005298615 0.146126002073288 0.14283199608326 0.142122000455856 0.13833199441433 0.136075004935265 0.137094005942345 0.13442100584507 0.13060399889946 0.133184999227524 0.129151999950409 0.116538003087044 0.114356003701687 0.113978996872902 0.11218299716711 0.110132001340389 0.108811996877193 0.104152001440525 0.108958996832371 0.111469000577927 0.110149003565311 0.106430999934673 0.113591000437737 0.113633997738361 0.108966998755932 0.112969003617764 0.113185003399849 0.118450000882149 0.127161994576454 0.124178998172283 0.125125005841255 0.133460000157356
-3.4e+38 -3.4e+38 -3.4e+38 -3.4e+38 -3.4e+38 -3.4e+38 -3.4e+38 -3.4e+38 -3.4e+38 -3.4e+38 -3.4e+38 -3.4e+38 -3.4e+38 0.170208007097244 0.155305996537209 0.144483000040054 0.139228001236916 0.135906994342804 0.136594995856285 0.134571000933647 0.136244997382164 0.132716998457909 0.128079995512962 0.122542999684811 0.11913800239563 0.116178996860981 0.115967996418476 0.120701000094414 0.119303002953529 0.117053002119064 0.115248002111912 0.113248996436596 0.112120002508163 0.112222000956535 0.110831998288631 0.115350998938084 0.113372996449471 0.10911600291729 0.112323001027107 0.112608000636101 0.113219998776913 0.11879900097847 0.127702996134758 0.127630993723869 0.124338001012802 0.127819001674652
-3.4e+38 -3.4e+38 -3.4e+38 -3.4e+38 -3.4e+38 -3.4e+38 -3.4e+38 -3.4e+38 -3.4e+38 -3.4e+38 -3.4e+38 -3.4e+38 -3.4e+38 -3.4e+38 0.165343001484871 -3.4e+38 0.137226998806 0.128838002681732 0.125077992677689 0.122752003371716 0.122753001749516 0.121367000043392 0.117857001721859 0.115410998463631 0.110188998281956 0.108910001814365 0.116371996700764 0.117013998329639 0.122054003179073 0.119209997355938 0.117423996329308 0.11557299643755 0.113023996353149 0.112397000193596 0.112446002662182 0.114748999476433 0.114256002008915 0.113980002701283 0.113418996334076 0.113774999976158 0.114137999713421 0.11438699811697 0.123084999620914 0.127657994627953 0.127709001302719 0.123269997537136
-3.4e+38 -3.4e+38 -3.4e+38 -3.4e+38 -3.4e+38 -3.4e+38 -3.4e+38 -3.4e+38 -3.4e+38 -3.4e+38 -3.4e+38 -3.4e+38 -3.4e+38 -3.4e+38 -3.4e+38 -3.4e+38 0.137193992733955 0.12881800532341 0.123744003474712 0.11965300142765 0.116896003484726 0.114816002547741 0.116502001881599 0.111346997320652 0.109681002795696 0.109313003718853 0.108970999717712 0.113562002778053 0.116024002432823 0.114483997225761 0.117416001856327 0.116746000945568 0.11498499661684 0.113779999315739 0.112447001039982 0.110284000635147 0.114782996475697 0.113985002040863 0.114339001476765 0.114166997373104 0.114051997661591 0.115028001368046 0.122144997119904 0.114906996488571 0.11523699760437 0.11472500115633
-3.4e+38 -3.4e+38 -3.4e+38 -3.4e+38 -3.4e+38 -3.4e+38 -3.4e+38 -3.4e+38 -3.4e+38 -3.4e+38 -3.4e+38 -3.4e+38 -3.4e+38 -3.4e+38 -3.4e+38 -3.4e+38 0.135830998420715 0.135195001959801 0.120250001549721 0.110726997256279 0.10691100358963 0.106669999659061 0.105478003621101 0.105242997407913 0.110954001545906 0.110601998865604 0.111128002405167 0.116182997822762 0.11795400083065 0.123464003205299 0.121871002018452 0.119378000497818 0.111312001943588 0.109909996390343 0.112801998853683 0.107442997395992 0.104671999812126 0.106127001345158 0.114446997642517 0.109154999256134 0.104860998690128 0.104823999106884 0.0998399034142494 0.101420000195503 0.101269997656345 0.10249999910593
