ENMTML/All_vars/Predictors/EUR_CliMond/bio32.asc
NCOLS 411 
NROWS 214 
XLLCORNER -11.5 
YLLCORNER 35.666666666112 
CELLSIZE 0.166666666666667 
NODATA_value -3.4e+38 
[rows 63 to 83 of 214, columns 235 to 281 of 411]
1.0671329498291 1.06906402111053 1.07155704498291 1.07394301891327 1.07823204994202 1.08160698413849 1.08561599254608 1.08499300479889 1.08288097381592 1.07919001579285 1.07683205604553 1.07414102554321 1.07184898853302 1.07060205936432 1.06699001789093 1.06627702713013 1.06472194194794 1.06284296512604 1.0616489648819 1.06161499023438 1.06312298774719 1.06434094905853 1.06485104560852 1.06627595424652 1.06728005409241 1.06856894493103 1.07003498077393 1.07273697853088 1.07470798492432 1.0784569978714 1.08151996135712 1.08384704589844 1.08207595348358 1.08036303520203 1.07765102386475 1.0754679441452 1.07283401489258 1.073361992836 1.07214999198914 1.07052600383759 1.07129299640656 1.06986904144287 1.06858205795288 1.06856799125671 1.06995904445648 1.07197201251984 1.07278299331665
1.06554794311523 1.06923198699951 1.07172799110413 1.07449305057526 -3.4e+38 1.08259701728821 1.08478903770447 1.08493995666504 1.08268094062805 1.07899796962738 1.07674098014832 1.0739209651947 1.07215297222137 1.07105505466461 1.06879997253418 1.06710994243622 1.06408596038818 1.06275594234467 1.06149303913116 1.06152296066284 1.06140100955963 1.06307804584503 1.06446194648743 1.06604099273682 1.06719100475311 1.06862699985504 1.06990504264832 1.07266497612 1.0747389793396 1.07828497886658 1.08141803741455 1.08313298225403 1.08229994773865 1.08103001117706 1.07915604114532 1.07819199562073 1.0774519443512 1.0758810043335 1.07329499721527 1.07348001003265 1.07332694530487 1.07160103321075 1.07130599021912 1.07106494903564 1.07312297821045 1.07372295856476 1.07356405258179
-3.4e+38 -3.4e+38 -3.4e+38 -3.4e+38 -3.4e+38 1.0813570022583 1.082888007164 1.08308398723602 1.08096098899841 1.07991003990173 1.07633399963379 1.07434499263763 1.07299101352692 1.07096898555756 1.06964302062988 1.06703197956085 1.0640070438385 1.06308197975159 1.06194603443146 1.06131601333618 1.06141304969788 1.0618200302124 1.06355595588684 1.06497704982758 1.06632900238037 1.06781899929047 1.07019603252411 1.07256805896759 1.07489597797394 1.0776150226593 1.08154904842377 1.08321404457092 1.08276700973511 1.0818920135498 1.07978594303131 1.07973301410675 1.07799005508423 1.07686305046082 1.07584798336029 1.07485103607178 1.07500600814819 1.07471597194672 1.07374596595764 1.07366502285004 1.07465398311615 1.07478404045105 1.07271897792816
-3.4e+38 -3.4e+38 -3.4e+38 -3.4e+38 -3.4e+38 -3.4e+38 -3.4e+38 1.08034598827362 1.07967603206635 1.07767295837402 1.07428598403931 1.07305598258972 1.07088005542755 1.06896698474884 1.06783199310303 1.06407701969147 1.063511967659 1.06353998184204 1.06040298938751 1.06006002426147 1.05980098247528 1.06154799461365 1.06209599971771 1.06353998184204 1.06635499000549 1.06680905818939 1.0691180229187 1.07047295570374 1.07324504852295 1.07733702659607 1.07916295528412 1.08299195766449 1.08300399780273 1.08259201049805 1.08108401298523 1.08095395565033 1.08035504817963 1.07991802692413 1.07877802848816 1.07780194282532 1.07826900482178 1.07864701747894 1.07853603363037 1.07758700847626 1.0762619972229 1.07463395595551 1.07359802722931
-3.4e+38 -3.4e+38 -3.4e+38 -3.4e+38 -3.4e+38 -3.4e+38 -3.4e+38 -3.4e+38 -3.4e+38 -3.4e+38 -3.4e+38 -3.4e+38 -3.4e+38 1.06411099433899 1.06230497360229 1.06014704704285 1.05957102775574 1.05969500541687 1.05945897102356 1.05980694293976 1.05905604362488 1.05891597270966 1.06098902225494 1.0632050037384 1.06531798839569 1.0669070482254 1.0689400434494 1.06954705715179 1.07230401039124 1.07589900493622 1.07935798168182 1.08095598220825 1.0825799703598 1.08243799209595 1.08111500740051 1.08066701889038 1.08083200454712 1.08070302009583 1.08091199398041 1.07951498031616 1.07976996898651 1.07900595664978 1.07958197593689 1.07850301265717 1.07595098018646 1.07499802112579 1.07279098033905
-3.4e+38 -3.4e+38 -3.4e+38 -3.4e+38 -3.4e+38 -3.4e+38 -3.4e+38 -3.4e+38 1.07279396057129 1.07256400585175 1.07054197788239 1.06849598884583 1.0659019947052 1.0627429485321 -3.4e+38 1.05666601657867 1.05571794509888 1.05631101131439 1.0577700138092 1.05635297298431 1.05685603618622 1.05815303325653 1.05959105491638 1.06184601783752 1.06313896179199 1.06663703918457 1.06878304481506 1.07031297683716 1.07361900806427 1.07554197311401 1.077761054039 1.0798499584198 1.08160495758057 1.08087205886841 1.08089995384216 1.0807329416275 1.08077394962311 1.07987403869629 1.07987701892853 1.07970702648163 1.08016002178192 1.0810090303421 1.08101201057434 1.07875394821167 1.07644104957581 1.0742039680481 1.07253301143646
-3.4e+38 -3.4e+38 1.06906497478485 -3.4e+38 1.07438600063324 1.0749260187149 1.07343804836273 1.07458698749542 1.07374894618988 1.07313096523285 1.07184398174286 1.06958794593811 1.06596601009369 1.06369197368622 1.06023097038269 1.05848395824432 1.05525398254395 1.05482196807861 1.05569994449615 1.05590999126434 1.0558739900589 1.05716300010681 1.06024503707886 1.06172394752502 1.06353998184204 1.06519603729248 1.06787896156311 1.06957697868347 1.07260894775391 1.07526898384094 1.07810699939728 1.07939898967743 1.08004403114319 1.0805230140686 1.08044302463531 1.08049702644348 1.08038699626923 1.08032298088074 1.08026504516602 1.08130896091461 1.08160102367401 1.08215999603271 1.08010995388031 1.07771003246307 1.07525205612183 1.0722119808197 1.06913805007935
-3.4e+38 -3.4e+38 1.06721496582031 1.06786096096039 1.07104194164276 1.07257604598999 1.07340204715729 1.07363402843475 1.07350194454193 1.07220494747162 1.07053101062775 1.06768405437469 1.06639397144318 1.06374204158783 1.06097304821014 1.058473944664 1.05578398704529 1.05567598342896 1.05419898033142 1.05295097827911 1.05476903915405 1.05671799182892 1.05710804462433 1.05891096591949 1.06172895431519 1.06262695789337 1.06566596031189 1.06795704364777 1.07201302051544 1.0752090215683 1.07712399959564 1.07847702503204 1.07956600189209 1.08044505119324 1.08018600940704 1.08022904396057 1.07852399349213 1.08002197742462 1.08010804653168 1.08091902732849 1.08219397068024 1.08143496513367 1.08106100559235 1.0775740146637 1.07314395904541 1.06990301609039 1.06678402423859
1.0602560043335 1.06263494491577 1.06447696685791 1.06611299514771 1.06900000572205 1.07037198543549 1.07124996185303 1.07133400440216 1.07060205936432 1.06979894638062 1.06761395931244 1.06651997566223 1.0638040304184 1.06166005134583 1.06018602848053 1.05618298053741 1.05348205566406 1.05287897586823 1.05189800262451 1.05182504653931 1.05157995223999 1.05397498607635 1.0545459985733 1.05668902397156 1.05870795249939 1.06060099601746 1.06413197517395 1.06683301925659 1.07055997848511 1.07398295402527 1.07586801052094 1.07754898071289 1.07927000522614 1.07930302619934 1.079185962677 1.07930099964142 1.07868897914886 1.0799560546875 1.07991302013397 1.08003294467926 1.08001899719238 1.0795910358429 1.07871603965759 1.07452201843262 1.07072699069977 1.06841194629669 1.06505596637726
1.05939400196075 1.06078803539276 1.06212997436523 1.06460499763489 1.06739103794098 1.06762599945068 1.06791496276855 1.06778705120087 1.06723499298096 1.06590497493744 1.06373596191406 1.06361496448517 1.06079804897308 1.05924999713898 1.05702602863312 1.05474197864532 1.05187499523163 1.05067598819733 1.05054700374603 1.04860997200012 1.05042004585266 1.05095601081848 1.05158698558807 1.05361902713776 1.05699098110199 1.05905401706696 1.06316602230072 1.06626105308533 1.07045698165894 1.07353496551514 1.07608497142792 1.077103972435 1.07774698734283 1.0779789686203 1.07804894447327 1.07928097248077 1.07923698425293 1.07762897014618 1.07744300365448 1.07661497592926 1.07607400417328 1.07485604286194 1.07299995422363 1.07051301002502 1.06830096244812 1.06521201133728 1.06175494194031
1.05698001384735 1.05852699279785 1.05966401100159 1.06291401386261 1.06433403491974 1.0659259557724 1.06534397602081 1.06389498710632 1.06301200389862 1.06217801570892 1.06263899803162 1.06055402755737 1.05904304981232 1.05756199359894 1.05455899238586 1.05225300788879 1.04991805553436 1.04883301258087 1.04820394515991 1.04816997051239 1.04804801940918 1.04751694202423 1.04819095134735 1.05016303062439 1.0529990196228 1.05884003639221 1.0623300075531 1.06654703617096 1.07084596157074 1.0743420124054 1.07654702663422 1.07788896560669 1.07772302627563 1.07865703105927 1.07859694957733 1.07926595211029 1.07927000522614 1.07628405094147 1.07612705230713 1.07386302947998 1.07203602790833 1.06950104236603 1.06837105751038 1.06682705879211 1.06396198272705 1.06090104579926 1.05684399604797
1.05459797382355 1.05661201477051 1.05791401863098 1.060093998909 1.06203603744507 1.0622810125351 1.0618109703064 1.06088602542877 1.06081700325012 1.0601509809494 1.05936801433563 1.05812799930573 1.05677497386932 1.05386900901794 1.05180096626282 1.04955303668976 1.04884505271912 1.0467449426651 1.04474902153015 1.04403495788574 1.04327404499054 1.04275298118591 1.04490399360657 1.04705798625946 1.05052196979523 1.05551600456238 1.0606050491333 1.0657080411911 1.07066798210144 1.07423996925354 1.07688701152802 1.07705497741699 1.077064037323 1.07637202739716 1.07719600200653 1.07761204242706 1.07562899589539 1.07311296463013 1.07131898403168 1.06853199005127 1.06781196594238 1.0653749704361 1.06393396854401 1.06232905387878 1.06008398532867 1.05690705776215 1.05382299423218
1.05177903175354 1.05359899997711 1.05576503276825 1.05677402019501 1.05753099918365 1.05917596817017 1.05865001678467 1.05917394161224 1.05805897712708 1.05714905261993 1.05692803859711 1.0558420419693 1.05489802360535 1.0517430305481 1.04968905448914 1.04827404022217 1.04668700695038 1.04382300376892 1.0412689447403 1.04015803337097 1.04007804393768 1.03813302516937 1.03973996639252 1.04343605041504 1.04820799827576 1.05148494243622 1.05801105499268 1.06251204013824 1.06853401660919 1.07422399520874 1.07677805423737 1.07767903804779 1.0755649805069 1.07404100894928 1.07103705406189 1.07159900665283 1.06986594200134 1.0687860250473 1.06695401668549 1.06389105319977 1.06234705448151 1.06168496608734 1.05900895595551 1.05767202377319 1.0557279586792 1.05425894260406 1.0508359670639
1.0482439994812 1.0505850315094 1.05432295799255 1.05351805686951 1.05562698841095 1.0562219619751 1.05720794200897 1.05617904663086 1.05542504787445 1.05492305755615 1.05358898639679 1.05449199676514 1.05302095413208 1.04955399036407 1.04794895648956 1.04607903957367 1.04454302787781 1.0405650138855 1.0381920337677 1.03688502311707 1.03480505943298 1.03308796882629 1.03436005115509 1.04053294658661 1.04374003410339 1.0489649772644 1.05376601219177 1.05948495864868 1.06419599056244 1.07093095779419 1.07667601108551 1.07706797122955 1.07555794715881 1.07252097129822 1.06932902336121 1.06740605831146 1.06595194339752 1.06395697593689 1.06231796741486 1.05934500694275 1.05775499343872 1.05624401569366 1.05470204353333 1.05306494235992 1.05173802375793 1.05050802230835 1.04819095134735
1.04584896564484 1.04677700996399 1.04896104335785 1.0500260591507 1.0532900094986 1.05406403541565 1.05518305301666 1.05572295188904 1.05438697338104 1.05236804485321 1.05110204219818 1.05114698410034 1.0495400428772 1.04819703102112 1.04531502723694 1.04308104515076 1.03998899459839 1.03806900978088 1.03573894500732 1.03365099430084 1.03103005886078 1.03080499172211 1.03247702121735 1.0368959903717 1.04192996025085 1.04665195941925 1.05190896987915 1.0555180311203 1.05964195728302 1.06653797626495 1.0708190202713 1.07395100593567 1.07313203811646 1.07024395465851 1.06650102138519 1.06358397006989 1.05970597267151 1.05660104751587 1.05528497695923 1.05365896224976 1.05052602291107 1.04970300197601 1.04852604866028 1.0477329492569 1.04653203487396 1.04663300514221 1.04532599449158
1.04502201080322 1.04574501514435 1.04792594909668 1.04964005947113 1.05359601974487 1.05386304855347 1.05361998081207 1.05277299880981 1.05253100395203 1.0504310131073 1.04881703853607 1.04799294471741 1.04719805717468 1.04439699649811 1.04230403900146 1.03971695899963 1.03754305839539 1.03485798835754 1.03323197364807 1.03145003318787 1.02967894077301 1.02941000461578 1.03159594535828 1.03481698036194 1.03919303417206 1.04479694366455 1.0490380525589 1.05307698249817 1.0562549829483 1.06126999855042 1.06668996810913 1.06873404979706 1.06957399845123 1.06810402870178 1.06520795822144 1.06207895278931 1.05821299552917 1.05323100090027 1.04955303668976 1.04659903049469 1.04582297801971 1.0444929599762 1.04379594326019 1.04408001899719 1.04363203048706 1.0424679517746 1.03971195220947
1.04263198375702 1.04328501224518 1.04460597038269 1.04774796962738 1.04980099201202 1.04984903335571 1.05067002773285 1.05042099952698 1.0496209859848 1.04815304279327 1.04705405235291 1.04523003101349 1.0427850484848 1.04263496398926 1.04010796546936 1.03837597370148 1.03605401515961 1.03479599952698 1.03327405452728 1.03151500225067 1.02988195419312 1.03013300895691 1.03051102161407 1.0326019525528 1.03617203235626 1.04183304309845 1.04591298103333 1.04983699321747 1.05245304107666 1.05538702011108 1.06007301807404 1.06415200233459 1.0657149553299 1.06679797172546 1.06317901611328 1.06009495258331 1.05511999130249 1.04862904548645 1.04507505893707 1.04299402236938 1.04094195365906 1.04067397117615 1.04009604454041 1.03989696502686 1.04001700878143 1.03829705715179 1.03630399703979
1.04257297515869 1.04225695133209 1.04391098022461 1.04380595684052 1.0458550453186 1.04612696170807 1.04596602916718 1.04612505435944 1.04598104953766 1.04474198818207 1.04356896877289 1.0419830083847 1.04084002971649 1.03915095329285 1.03823494911194 1.03719401359558 1.0358510017395 1.03383696079254 1.03220796585083 1.03131699562073 1.0289249420166 1.0288759469986 1.02952003479004 1.03125500679016 1.03485596179962 1.03903996944427 1.04288303852081 1.04560005664825 1.04857397079468 1.05145800113678 1.05970001220703 1.06128394603729 1.06278502941132 1.06256699562073 1.0585230588913 1.05616796016693 1.04965400695801 1.04492795467377 1.03962004184723 1.03729701042175 1.03698301315308 1.03603196144104 1.03644204139709 1.0351779460907 1.03493201732635 1.0354620218277 1.03368401527405
1.04546904563904 1.04252195358276 1.04374694824219 1.04315197467804 1.04345703125 1.04428100585938 1.04403698444366 1.04412698745728 1.04224801063538 1.04223394393921 1.04181301593781 1.03922200202942 1.03916299343109 1.03808403015137 1.0363210439682 1.03492999076843 1.03361296653748 1.03190898895264 1.03173196315765 1.02989494800568 1.02909898757935 1.02943301200867 1.02993094921112 1.03027403354645 1.03188896179199 1.03553903102875 1.03944396972656 1.04224598407745 1.04471302032471 1.04804003238678 1.05628299713135 1.05859899520874 1.05926501750946 1.05854797363281 1.05619394779205 1.05149304866791 1.04632198810577 1.0430109500885 1.03875195980072 1.03623199462891 1.03270196914673 1.03195297718048 1.03283405303955 1.03201401233673 1.03158402442932 1.03129100799561 1.03081297874451
1.0436589717865 1.04307198524475 1.04189801216125 1.04206597805023 1.04148900508881 1.04194104671478 1.04157197475433 1.04144299030304 1.04166305065155 1.04155898094177 1.0419340133667 1.0407509803772 1.03828299045563 1.03496205806732 1.03377997875214 1.03311002254486 1.03210997581482 1.03046596050262 1.02965998649597 1.02774798870087 1.02780604362488 1.02809500694275 1.02783596515656 1.02963602542877 1.03203105926514 1.03519904613495 1.03683400154114 1.03979194164276 1.04272401332855 1.04742705821991 1.05215299129486 1.05465602874756 1.05453300476074 1.0540360212326 1.05160403251648 1.04915201663971 1.04507601261139 1.04157698154449 1.03684902191162 1.03348100185394 1.03030300140381 1.02940905094147 1.02898895740509 1.02956604957581 1.03175294399261 1.03076601028442 1.02920603752136
1.04284703731537 1.0422819852829 1.04119801521301 1.0412939786911 1.04065704345703 1.04047703742981 1.03950202465057 1.03974795341492 1.04081404209137 1.04280304908752 1.04375398159027 1.04002404212952 1.03766095638275 1.03388202190399 1.03278005123138 1.03193700313568 1.02972400188446 1.02796602249146 1.0277099609375 1.02830100059509 1.02615296840668 1.02667999267578 1.02773296833038 1.02991604804993 1.03110194206238 1.03214001655579 1.03513300418854 1.03842294216156 1.04132103919983 1.04823005199432 1.05039703845978 1.05168902873993 1.05000495910645 1.05019497871399 1.0480329990387 1.04620397090912 1.04290902614594 1.0402740240097 1.0380380153656 1.03493905067444 1.03077304363251 1.02854204177856 1.02823996543884 1.02881896495819 1.03003203868866 1.0304319858551 1.02958297729492
