ENMTML/All_vars/Predictors/EUR_CliMond/bio35.asc
NCOLS 411 
NROWS 214 
XLLCORNER -11.5 
YLLCORNER 35.666666666112 
CELLSIZE 0.166666666666667 
NODATA_value -3.4e+38 
[rows 40 to 59 of 214, columns 329 to 375 of 411]
0.972328007221222 0.972281217575073 0.972361087799072 0.977498173713684 0.977414309978485 0.977278113365173 0.977385878562927 0.977054715156555 0.976922810077667 0.97690212726593 0.978918671607971 0.979031383991241 0.98005348443985 0.979863882064819 0.979995489120483 0.979555487632751 0.983479380607605 0.984511911869049 0.987759709358215 0.991740226745605 0.997094511985779 1.00173997879028 1.00250494480133 1.00603997707367 1.00602495670319 1.00596296787262 1.00575196743011 1.00192594528198 1.00155603885651 1.00168001651764 1.00198101997375 0.997985184192657 0.997954905033112 0.997977316379547 0.998324573040009 1.00051498413086 1.00088894367218 1.00263094902039 1.00453400611877 1.00653004646301 1.00654399394989 1.00832200050354 1.00818598270416 1.00498902797699 1.00507497787476 1.00358295440674 1.00538194179535
0.979663729667664 0.977254509925842 0.978140473365784 0.978162109851837 0.977989375591278 0.977904677391052 0.977542281150818 0.977673709392548 0.977635681629181 0.979877471923828 0.981134176254272 0.981075882911682 0.980902373790741 0.984885215759277 0.984408378601074 0.984471619129181 0.984886527061462 0.985128581523895 0.985483884811401 0.991679489612579 0.992752611637115 0.998529374599457 1.00271904468536 1.00278103351593 1.00646197795868 1.00639796257019 1.00637996196747 1.00400495529175 1.00276005268097 1.00029504299164 1.00025796890259 0.997911691665649 0.99785977602005 0.997989177703857 0.998216927051544 0.998835921287537 1.00234401226044 1.00289702415466 1.00287401676178 1.00312805175781 1.00551497936249 1.00689494609833 1.01013600826263 1.01028203964233 1.01014602184296 1.00731694698334 1.0072979927063
0.981744110584259 0.981337308883667 0.981385886669159 0.978741228580475 0.978531718254089 0.978630781173706 0.97828608751297 0.978343725204468 0.978340685367584 0.97820371389389 0.981826186180115 0.979351818561554 0.979178190231323 0.981223702430725 0.985009789466858 0.985880076885223 0.985750377178192 0.985922694206238 0.985822021961212 0.986705720424652 0.992219507694244 0.995412588119507 0.998505890369415 1.00309598445892 1.0032080411911 1.00323104858398 1.003054022789 1.00309598445892 1.003093957901 1.00142896175385 1.0008579492569 0.999268710613251 0.998288512229919 0.998297274112701 0.998980402946472 1.00301396846771 1.00326001644135 1.00326001644135 1.00279903411865 1.00399100780487 1.00308799743652 1.00402402877808 1.00700700283051 1.0073059797287 1.00933694839478 1.01036202907562 1.00631201267242
0.981991410255432 0.981924176216125 0.982139408588409 0.979517877101898 0.979242086410522 0.97925740480423 0.979139626026154 0.978839576244354 0.978937923908234 0.982869684696198 0.986184179782867 0.987167716026306 0.98711621761322 0.987176299095154 0.98676609992981 0.987009286880493 0.993173599243164 0.990380227565765 0.987740576267242 0.990417182445526 0.990478515625 0.993183314800262 0.993472695350647 0.99651837348938 0.99905252456665 0.999038219451904 1.000736951828 1.00153601169586 1.00094103813171 0.999496877193451 0.999148190021515 0.997172296047211 0.999216020107269 1.00138998031616 1.00325500965118 1.00342094898224 1.00341594219208 1.00376498699188 1.00389504432678 1.00415694713593 1.00425899028778 1.00429403781891 1.00364995002747 1.00460398197174 1.00465297698975 1.00465095043182 1.00479602813721
0.982495486736298 0.982299983501434 0.980167329311371 0.979959726333618 0.979919672012329 0.979802429676056 0.979544401168823 0.979646384716034 0.979546427726746 0.979646980762482 0.982878029346466 0.986833274364471 0.987643599510193 0.987797975540161 0.98780369758606 0.991089105606079 0.993560314178467 0.993731617927551 0.994246482849121 0.993217170238495 0.993196427822113 0.993975698947906 0.991814911365509 0.991362512111664 0.991579115390778 0.99711138010025 0.997509121894836 0.997954487800598 0.997646927833557 0.997753024101257 0.997513175010681 0.999702274799347 1.00222194194794 1.0022360086441 1.00176894664764 1.00166499614716 1.0037100315094 1.00562703609467 1.00419497489929 1.0041960477829 1.00445199012756 1.00444197654724 1.00708901882172 1.00735104084015 1.0047379732132 1.00477504730225 1.00425505638123
0.986849129199982 0.983358323574066 0.986962974071503 0.986519873142242 0.983126103878021 0.980971574783325 0.98072749376297 0.980384826660156 0.980154275894165 0.980028212070465 0.980299770832062 0.981468379497528 0.981610715389252 0.986807227134705 0.987938582897186 0.990980923175812 0.994107484817505 0.993891477584839 0.994192898273468 0.994631588459015 0.994767010211945 0.994799971580505 0.992370307445526 0.992374420166016 0.992627024650574 0.991531312465668 0.99179220199585 0.992966294288635 0.993124485015869 0.996971487998962 0.997809171676636 0.997664272785187 1.00237798690796 1.00253999233246 1.00431501865387 1.00424897670746 1.00450897216797 1.00585305690765 1.00600004196167 1.00599801540375 1.00555205345154 1.00440096855164 1.00446605682373 1.00453197956085 1.00492405891418 1.00591003894806 1.00518596172333
0.987354516983032 0.988404512405396 0.988572180271149 0.993444979190826 0.988461971282959 0.987026274204254 0.987720370292664 0.987716197967529 0.988011419773102 0.987867772579193 0.987547218799591 0.985229015350342 0.98547500371933 0.984908223152161 0.985264122486115 0.991082072257996 0.992275774478912 0.991966724395752 0.992136895656586 0.992038011550903 0.997115015983582 0.996965885162354 0.993031680583954 0.992691516876221 0.991977572441101 0.987453520298004 0.987211585044861 0.98755270242691 0.990408778190613 0.993470072746277 0.998093008995056 0.99821537733078 1.00249195098877 1.00260603427887 1.00449895858765 1.00558698177338 1.00461196899414 1.00573003292084 1.00600397586823 1.00614798069 1.00784802436829 1.00562298297882 1.00564301013947 1.00465095043182 1.004753947258 1.00607001781464 1.00602304935455
0.987642526626587 0.987942576408386 0.991112589836121 0.993995487689972 0.993851602077484 0.987553000450134 0.988450407981873 0.988703072071075 0.988511323928833 0.988826215267181 0.988181114196777 0.98912250995636 0.989051282405853 0.991412818431854 0.988986194133759 0.986442387104034 0.988861382007599 0.991389274597168 0.988981127738953 0.991983592510223 0.992869675159454 0.993479073047638 0.993805110454559 0.993399083614349 0.98786997795105 0.988109111785889 0.987863719463348 0.984997510910034 0.988275587558746 0.993800699710846 0.998554527759552 1.00004804134369 1.00047600269318 1.00241494178772 1.00270998477936 1.00460600852966 1.00574803352356 1.00593602657318 1.00621104240417 1.00601696968079 1.00430595874786 1.00548005104065 1.00475203990936 1.0045850276947 1.00476002693176 1.00421798229218 1.0062700510025
0.987812280654907 0.988256275653839 0.989311575889587 0.993842124938965 0.988930404186249 0.988987326622009 0.98882657289505 0.986290991306305 0.989084720611572 0.988971889019012 0.988808810710907 0.989424705505371 0.99183577299118 0.989783525466919 0.989524602890015 0.989524722099304 0.989272117614746 0.992677927017212 0.99280709028244 0.992386281490326 0.992533028125763 0.993090987205505 0.992820382118225 0.992752313613892 0.990859687328339 0.988214313983917 0.988012611865997 0.985829293727875 0.988154470920563 0.99394702911377 0.998637020587921 1.00077402591705 1.00267696380615 1.00665700435638 1.00656998157501 1.00646901130676 1.00648498535156 1.00676095485687 1.00853705406189 1.00652694702148 1.00633597373962 1.00635194778442 1.00586605072021 1.00479805469513 1.00483894348145 1.00422394275665 1.00441896915436
0.988173186779022 0.98856121301651 0.992032706737518 0.989513874053955 0.989563882350922 0.989224672317505 0.988804221153259 0.98667848110199 0.986646592617035 0.98885589838028 0.989707827568054 0.989806473255157 0.989743888378143 0.98967581987381 0.989369809627533 0.989641785621643 0.987488389015198 0.9927818775177 0.99286299943924 0.992712795734406 0.987366020679474 0.992964684963226 0.993016421794891 0.991065084934235 0.991187870502472 0.991995811462402 0.990772008895874 0.990926384925842 0.994267880916595 0.9967200756073 1.00097799301147 1.00372397899628 1.00669205188751 1.00676298141479 1.00675201416016 1.00668299198151 1.00672101974487 1.0067150592804 1.00689399242401 1.0062530040741 1.00638997554779 1.00571203231812 1.00497198104858 1.00506901741028 1.00429797172546 1.00433695316315 1.004390001297
0.982891321182251 0.988776028156281 0.988903522491455 0.989482223987579 0.989944398403168 0.989387989044189 0.989171028137207 0.986868679523468 0.987152218818665 0.987070798873901 0.989425599575043 0.987189888954163 0.987523972988129 0.98685759305954 0.987506926059723 0.987785220146179 0.987790524959564 0.9877809882164 0.987844228744507 0.987641870975494 0.987661480903625 0.993362307548523 0.993462026119232 0.99137270450592 0.991504788398743 0.99430251121521 0.992075979709625 0.992091298103333 0.996855914592743 1.00141000747681 1.00380599498749 1.00523698329926 1.00853097438812 1.00864696502686 1.01031005382538 1.01014602184296 1.01035296916962 1.01035702228546 1.00988304615021 1.00981497764587 1.0064640045166 1.00585496425629 1.00604999065399 1.00438094139099 1.0041069984436 1.00422096252441 1.00423800945282
0.981953918933868 0.983111083507538 0.983267188072205 0.986900687217712 0.989477276802063 0.989667177200317 0.989657998085022 0.989892482757568 0.989890396595001 0.989755272865295 0.987604081630707 0.992865800857544 0.992807805538177 0.990410387516022 0.988069772720337 0.988218128681183 0.987936198711395 0.987944781780243 0.988086581230164 0.988021016120911 0.987816095352173 0.991202592849731 0.993569612503052 0.993861019611359 0.994244277477264 0.99448561668396 0.996040821075439 0.997241914272308 1.00134098529816 1.00513696670532 1.00614702701569 1.00869596004486 1.00872004032135 1.01196694374084 1.01183199882507 1.01184594631195 1.01189398765564 1.01035094261169 1.01066696643829 1.00993895530701 1.00816798210144 1.00593495368958 1.00502598285675 1.00407898426056 1.00428605079651 1.00428199768066 1.00380098819733
0.982134282588959 0.979847490787506 0.982255697250366 0.983506083488464 0.983586370944977 0.987250924110413 0.986748874187469 0.987439572811127 0.987379789352417 0.990582525730133 0.987489998340607 0.98828649520874 0.988341510295868 0.990709781646729 0.992889583110809 0.988558113574982 0.988103210926056 0.990677177906036 0.988380074501038 0.988229095935822 0.988234400749207 0.991398811340332 0.993890225887299 0.993899583816528 0.996163785457611 0.996301710605621 0.997228682041168 1.00037896633148 1.00147199630737 1.00554203987122 1.00712704658508 1.00881195068359 1.01021194458008 1.01265704631805 1.01264202594757 1.01195299625397 1.01202797889709 1.01216495037079 1.01080894470215 1.01007401943207 1.00657904148102 1.00510096549988 1.00440394878387 1.00414299964905 1.0042450428009 1.00083994865417 1.002081990242
0.982739984989166 0.980370402336121 0.980288326740265 0.979986011981964 0.983306288719177 0.983672022819519 0.983623325824738 0.984658479690552 0.987695813179016 0.990880727767944 0.987674713134766 0.988605201244354 0.993154406547546 0.993110120296478 0.991179883480072 0.98868852853775 0.988356292247772 0.988319873809814 0.988490879535675 0.990871071815491 0.99110358953476 0.994129180908203 0.996810913085938 0.996752619743347 0.996729612350464 0.996557712554932 0.997211694717407 1.00152695178986 1.00277996063232 1.00557899475098 1.00872302055359 1.00936794281006 1.01277899742126 1.01354801654816 1.01545596122742 1.01470398902893 1.01405704021454 1.01348805427551 1.0116959810257 1.00975501537323 1.006796002388 1.00514698028564 1.00434994697571 1.00429701805115 1.00071895122528 1.0008180141449 1.00224900245667
0.980878889560699 0.98044341802597 0.981794476509094 0.981375575065613 0.981612205505371 0.98168271780014 0.983559191226959 0.984688997268677 0.984554886817932 0.982579708099365 0.987386703491211 0.987885296344757 0.988927721977234 0.991285622119904 0.991219878196716 0.991328477859497 0.990995585918427 0.991195917129517 0.991310119628906 0.993986129760742 0.992058873176575 0.994236826896667 0.995867371559143 0.996676087379456 0.996754586696625 1.00074303150177 1.00074696540833 1.00184094905853 1.00548601150513 1.00744295120239 1.00890398025513 1.01064002513885 1.01282298564911 1.01427900791168 1.01529097557068 1.01536905765533 1.01287496089935 1.01152694225311 1.01053905487061 1.00907099246979 1.00486099720001 1.00419402122498 1.00424194335938 1.00065994262695 1.00083994865417 1.00097298622131 1.00052201747894
0.984212398529053 0.984311401844025 0.986790180206299 0.987125277519226 0.986809194087982 0.987464010715485 0.987399876117706 0.987712502479553 0.985274314880371 0.982659876346588 0.982759475708008 0.98254919052124 0.982798099517822 0.987892210483551 0.988110482692719 0.988837718963623 0.991289079189301 0.991254210472107 0.99138867855072 0.99152147769928 0.99152147769928 0.994395911693573 0.996036887168884 0.995974719524384 0.997115671634674 1.00089001655579 1.00106000900269 1.00198197364807 1.005823969841 1.00721597671509 1.00893902778625 1.00952196121216 1.01113200187683 1.0136810541153 1.01428198814392 1.01347303390503 1.01205599308014 1.01054096221924 1.00834798812866 1.00658297538757 1.00596797466278 1.00236904621124 1.0006799697876 1.00080096721649 1.00014400482178 1.00031697750092 1.00043296813965
0.988473474979401 0.988314390182495 0.988304018974304 0.98829048871994 0.988246321678162 0.988582491874695 0.98834490776062 0.987943172454834 0.98777437210083 0.987989187240601 0.983237504959106 0.982827126979828 0.98313957452774 0.983302474021912 0.983281314373016 0.98344612121582 0.983115017414093 0.985846996307373 0.988571524620056 0.991792678833008 0.991442322731018 0.99165952205658 0.99216502904892 0.994363009929657 0.996815502643585 0.997151970863342 1.00125002861023 1.00332701206207 1.00576996803284 1.00672197341919 1.00724196434021 1.01059603691101 1.01293802261353 1.01395297050476 1.01390302181244 1.01395297050476 1.01267302036285 1.01172995567322 1.01021802425385 1.00712203979492 1.00527703762054 1.00279605388641 1.00081205368042 1.00018703937531 0.998219728469849 0.998147010803223 0.998611271381378
0.995679497718811 0.994079172611237 0.993612110614777 0.993547916412354 0.993575870990753 0.993844628334045 0.994824886322021 0.9937983751297 0.993560910224915 0.989148020744324 0.98834639787674 0.988204300403595 0.983291327953339 0.985812127590179 0.985899806022644 0.985960185527802 0.98334151506424 0.983323872089386 0.98583847284317 0.986110985279083 0.98857980966568 0.991400182247162 0.994695484638214 0.996554315090179 0.997466385364532 1.00129997730255 1.0013610124588 1.00355899333954 1.00524997711182 1.00551700592041 1.00751399993896 1.00920796394348 1.01104998588562 1.01316499710083 1.01416194438934 1.01277995109558 1.0125720500946 1.01108396053314 1.00879096984863 1.00710499286652 1.00555205345154 1.0031909942627 1.00133204460144 1.00039899349213 0.996118724346161 0.995623826980591 0.99590390920639
0.996527791023254 0.996342778205872 0.996477127075195 0.993870615959167 0.994711399078369 0.994594573974609 0.994700074195862 0.994442820549011 0.994579911231995 0.994490683078766 0.994706571102142 0.994761824607849 0.994882106781006 0.99172431230545 0.988518595695496 0.986232876777649 0.983660995960236 0.983445107936859 0.983832001686096 0.985985100269318 0.986345291137695 0.988729000091553 0.991678774356842 0.994784712791443 0.997637987136841 1.0013370513916 1.0015629529953 1.00219202041626 1.0021710395813 1.00600695610046 1.00697100162506 1.00934302806854 1.01127898693085 1.01280498504639 1.01299798488617 1.01273500919342 1.01215803623199 1.00988101959229 1.00923597812653 1.00862205028534 1.00686097145081 1.00267994403839 1.00164902210236 0.999930381774902 0.995667695999146 0.993557870388031 0.996131420135498
0.996426284313202 0.996471524238586 0.996324419975281 0.996603608131409 0.996639311313629 0.994531571865082 0.994613289833069 0.994601428508759 0.994721114635468 0.994753777980804 0.994862973690033 0.994607627391815 0.994889616966248 0.994838774204254 0.992645084857941 0.992038190364838 0.989857971668243 0.986391186714172 0.9832683801651 0.985770225524902 0.985857009887695 0.988675475120544 0.991544306278229 0.991808116436005 0.99659252166748 0.997242987155914 0.999449789524078 1.0015310049057 1.00344800949097 1.00639498233795 1.00801801681519 1.01075196266174 1.01077401638031 1.01293003559113 1.01296198368073 1.01081502437592 1.01238000392914 1.00950300693512 1.00868499279022 1.00709402561188 1.00366401672363 1.00368905067444 1.00183796882629 0.996889293193817 0.996227920055389 0.996752321720123 0.998640298843384
