ENMTML/All_vars/Predictors/EUR_CliMond/bio30.asc
NCOLS 411 
NROWS 214 
XLLCORNER -11.5 
YLLCORNER 35.666666666112 
CELLSIZE 0.166666666666667 
NODATA_value -3.4e+38 
[rows 120 to 139 of 214, columns 230 to 275 of 411]
0.654772996902466 0.665014982223511 0.675899028778076 0.683485984802246 0.686342000961304 0.690680980682373 0.685283005237579 0.681154012680054 0.68349701166153 0.671483993530273 0.657471001148224 0.643791973590851 0.633930027484894 0.629193007946014 0.625465989112854 0.618076980113983 0.614796996116638 0.611132979393005 0.605368971824646 0.601692974567413 0.594712018966675 0.584867000579834 0.582296013832092 0.585924029350281 0.580900013446808 0.567586004734039 0.564296007156372 0.558107018470764 0.551805019378662 0.550055980682373 0.546651005744934 0.538968980312347 0.536333978176117 0.538209021091461 0.540507972240448 0.539047002792358 0.535815000534058 0.535710990428925 0.533726990222931 0.539784014225006 0.54024201631546 0.542159020900726 0.546149015426636 0.554033994674683 0.554332971572876 0.571045994758606
0.664156019687653 0.675656020641327 0.682861983776093 0.684562027454376 0.686173021793365 0.696115970611572 0.694800972938538 0.689586997032166 0.677682995796204 0.669444024562836 0.656643986701965 0.640461027622223 0.639226973056793 0.636609971523285 0.633050978183746 0.633029997348785 0.62533301115036 0.61216002702713 0.610315024852753 0.598743975162506 0.595669984817505 0.587648987770081 0.576748013496399 0.576825022697449 0.57090699672699 0.569158017635345 0.561240971088409 0.554517984390259 0.547415971755981 0.544339001178741 0.544355988502502 0.538128972053528 0.53576797246933 0.537259995937347 0.538393974304199 0.535957992076874 0.540476024150848 0.535494029521942 0.53304398059845 0.539933979511261 0.543039977550507 0.543474972248077 0.545427024364471 0.556584000587463 0.562093019485474 0.559835970401764
0.673210978507996 0.684647023677826 0.68708598613739 0.695226013660431 0.69412899017334 0.696621000766754 0.701117992401123 0.693813979625702 0.685895979404449 0.678223013877869 0.664057016372681 0.654718995094299 0.649668991565704 0.647333979606628 0.639158010482788 0.633401989936829 0.625304996967316 0.61836302280426 0.607748985290527 0.601848006248474 0.598250985145569 0.582334995269775 0.576062023639679 0.576506018638611 0.571017026901245 0.56308901309967 0.559252023696899 0.555710971355438 0.547659993171692 0.542939007282257 0.538798987865448 0.534870982170105 0.535095989704132 0.540058016777039 0.537536025047302 0.537569999694824 0.536285996437073 0.532342970371246 0.530861973762512 0.537423014640808 0.538932979106903 0.538872003555298 0.542816996574402 0.549911022186279 0.554284989833832 0.55129998922348
0.683109998703003 0.688130021095276 0.686875998973846 0.697022020816803 0.69607800245285 0.698810994625092 0.699221014976501 0.697896003723145 0.697643995285034 0.686406016349792 0.669089019298553 0.662995994091034 0.654787003993988 0.64409202337265 0.637727975845337 0.630231022834778 0.623371005058289 0.616554021835327 0.615311026573181 0.607479989528656 0.596930980682373 0.587478995323181 0.576551020145416 0.56970602273941 0.570451974868774 0.560679018497467 0.555319011211395 0.550943970680237 0.549166023731232 0.538064002990723 0.533793985843658 0.533399999141693 0.532178997993469 0.536168992519379 0.529673993587494 0.533496022224426 0.530616998672485 0.528172016143799 0.53042197227478 0.521803021430969 0.521875023841858 0.529389023780823 0.530934989452362 0.539038002490997 0.534578025341034 0.538487017154694
0.699643015861511 0.696814000606537 0.698880970478058 0.696954011917114 0.695708990097046 0.69396299123764 0.700667023658752 0.70251202583313 0.699494004249573 0.689499974250793 0.68231201171875 0.669224977493286 0.664740979671478 0.653110980987549 0.640419006347656 0.633939981460571 0.63604998588562 0.624050974845886 0.622743010520935 0.614866971969604 0.598070025444031 0.597091019153595 0.572632014751434 0.579137980937958 0.565608024597168 0.557097971439362 0.547456026077271 0.5415980219841 0.531231999397278 0.527235984802246 0.523092985153198 0.52039498090744 0.524392008781433 0.523724973201752 0.524293005466461 0.518481016159058 0.523488998413086 0.523474991321564 0.518675982952118 0.509027004241943 0.516609013080597 0.518971979618073 0.521833002567291 0.515088021755219 0.520238995552063 0.510432004928589
0.696891009807587 0.70169597864151 0.707576990127563 0.69836300611496 0.691762983798981 0.689428985118866 0.700568974018097 0.695297002792358 0.698544025421143 0.693010985851288 0.689079999923706 0.67942202091217 0.662162005901337 0.653425991535187 0.648213028907776 0.647819995880127 0.638608992099762 0.631841003894806 0.631385028362274 0.62014901638031 0.604596018791199 0.607372999191284 0.577157974243164 0.577924013137817 0.565980017185211 0.546853005886078 0.536669015884399 0.529235005378723 0.520852982997894 0.511587977409363 0.508331000804901 0.509760975837708 0.512224018573761 0.514079988002777 0.516865015029907 0.523594975471497 0.521640002727509 0.512094020843506 0.5000039935112 0.498010993003845 0.506685018539429 0.502281010150909 0.500434994697571 0.494415998458862 0.495222985744476 0.497307986021042
0.705218970775604 0.710988998413086 0.709231972694397 0.706541001796722 0.691622972488403 0.687210023403168 0.691613018512726 0.690164029598236 0.684405982494354 0.685961008071899 0.681225001811981 0.677357971668243 0.668323993682861 0.660363018512726 0.652262985706329 0.648743987083435 0.641916990280151 0.636694014072418 0.62456601858139 0.62110698223114 0.613255977630615 0.603823006153107 0.57975697517395 0.558885991573334 0.550601005554199 0.543412983417511 0.528970003128052 0.51868200302124 0.509881019592285 0.499696999788284 0.498537003993988 0.501338005065918 0.502928972244263 0.502651989459991 0.503458023071289 0.511756002902985 0.509305000305176 0.504810988903046 0.491917997598648 0.493450999259949 0.490058988332748 0.483314007520676 0.48089399933815 0.47613999247551 0.482109010219574 0.479905992746353
0.709887981414795 0.72019898891449 0.712740004062653 0.701000988483429 0.689420998096466 0.684116005897522 0.686169028282166 0.679902970790863 0.681928992271423 0.675148010253906 0.673765003681183 0.669983983039856 0.661853015422821 0.660730004310608 0.656593978404999 0.641682028770447 0.640363991260529 0.629463016986847 0.622022986412048 0.621981024742126 0.615543007850647 0.601545989513397 0.587262988090515 0.569426000118256 0.556713998317719 0.534587025642395 0.522782027721405 0.511427998542786 0.501884996891022 0.499462008476257 0.497918009757996 0.498017996549606 0.500606000423431 0.496811002492905 0.500320017337799 0.502264976501465 0.503549993038177 0.493000000715256 0.482306003570557 0.48555800318718 0.479341000318527 0.470930010080338 0.467527002096176 0.468715012073517 0.465994000434875 0.465819001197815
0.696226000785828 0.703438997268677 0.701140999794006 0.690927982330322 0.682705998420715 0.672981977462769 0.673985004425049 0.673411011695862 0.673233985900879 0.66628098487854 0.665409982204437 0.666505992412567 0.655071973800659 0.650873005390167 0.64692497253418 0.641192018985748 0.633527994155884 0.630133986473083 0.619813978672028 0.611994028091431 0.600347995758057 0.596525013446808 0.584182024002075 0.573463976383209 0.55887097120285 0.543183982372284 0.527467012405396 0.515573978424072 0.499006003141403 0.496811002492905 0.494619011878967 0.496185004711151 0.496203988790512 0.489932000637054 0.488703012466431 0.485688000917435 0.487370014190674 0.479326009750366 0.481472998857498 0.472088009119034 0.462610006332397 0.463292002677917 0.460247009992599 0.459132999181747 0.459657996892929 0.456468999385834
0.683104991912842 0.681221008300781 0.683179974555969 0.677900016307831 0.673292994499207 0.668090999126434 0.670347988605499 0.666220009326935 0.664834022521973 0.667079985141754 0.656722009181976 0.65691202878952 0.652718007564545 0.644243001937866 0.644037008285522 0.639335989952087 0.633462011814117 0.620648980140686 0.608650028705597 0.6024050116539 0.594713985919952 0.583936989307404 0.570316016674042 0.557623028755188 0.542424976825714 0.532836019992828 0.521881997585297 0.515138983726501 0.498603999614716 0.493333011865616 0.491398990154266 0.4930320084095 0.488564014434814 0.487560987472534 0.482347995042801 0.478065013885498 0.474503993988037 0.473946988582611 0.46959400177002 0.46110400557518 0.457709014415741 0.453460991382599 0.450208008289337 0.450659990310669 0.447652995586395 0.444599986076355
0.670087993144989 0.669472992420197 0.672433018684387 0.672344028949738 0.664416015148163 0.657458007335663 0.653473973274231 0.643706977367401 0.637929975986481 0.63831901550293 0.641925990581512 0.644263982772827 0.644840002059937 0.639483988285065 0.633643984794617 0.628400981426239 0.622813999652863 0.617981016635895 0.608563005924225 0.601032972335815 0.595247983932495 0.585600018501282 0.566960990428925 0.550688982009888 0.544293999671936 0.529965996742249 0.513368010520935 0.503454029560089 0.489623010158539 0.483925998210907 0.485608994960785 0.481734991073608 0.484654992818832 0.480704993009567 0.477008998394012 0.466558009386063 0.464839994907379 0.462875008583069 0.458200991153717 0.454789012670517 0.450026988983154 0.445787012577057 0.4426009953022 0.439402997493744 0.436253011226654 0.433670997619629
0.649411976337433 0.651345014572144 0.651380002498627 0.642687022686005 0.641816973686218 0.640075027942657 0.638746023178101 0.634427011013031 0.625855028629303 0.617842972278595 0.622570991516113 0.621600985527039 0.628696024417877 0.63579398393631 0.628333985805511 0.623659014701843 0.615494012832642 0.609799981117249 0.606871008872986 0.607587993144989 0.587639987468719 0.582868993282318 0.569031000137329 0.559678971767426 0.533071994781494 0.517319023609161 0.50307697057724 0.495555013418198 0.48336398601532 0.486460000276566 0.481352001428604 0.474059998989105 0.470477014780045 0.467586994171143 0.470726013183594 0.461820006370544 0.458741992712021 0.453981012105942 0.452060997486115 0.44853600859642 0.444162011146545 0.434785008430481 0.430047988891602 0.427693992853165 0.423370987176895 0.424295991659164
0.632694005966187 0.637538015842438 0.635399997234344 0.637023985385895 0.641791999340057 0.634645998477936 0.629119992256165 0.616008996963501 0.615688025951385 0.605708003044128 0.603749990463257 0.605235993862152 0.610935986042023 0.606280028820038 0.616392016410828 0.612039029598236 0.607298970222473 0.608106970787048 0.607149004936218 0.601000010967255 0.587881028652191 0.574313998222351 0.563804984092712 0.544086992740631 0.523648023605347 0.51844197511673 0.50620299577713 0.490359008312225 0.485424011945724 0.476698994636536 0.472517997026443 0.475160986185074 0.467034995555878 0.461759001016617 0.458768993616104 0.454919993877411 0.449786007404327 0.448123008012772 0.443412989377975 0.438196003437042 0.431888997554779 0.427118003368378 0.4237439930439 0.420464992523193 0.41574901342392 0.411895990371704
0.626572012901306 0.61126297712326 0.620353996753693 0.617497980594635 0.613866984844208 0.614688992500305 0.609084010124207 0.606254994869232 0.593168973922729 0.590525984764099 0.591946005821228 0.595797002315521 0.595248997211456 0.595091998577118 0.590323984622955 0.596251010894775 0.602921009063721 0.602261006832123 0.600980997085571 0.591232001781464 0.586745023727417 0.568139016628265 0.551925003528595 0.536696970462799 0.510680973529816 0.500064015388489 0.491082012653351 0.483543992042542 0.475493013858795 0.472977012395859 0.467078000307083 0.470813006162643 0.468701988458633 0.464336007833481 0.455316007137299 0.450951009988785 0.44471400976181 0.443313986063004 0.435746997594833 0.430550009012222 0.424977988004684 0.421539008617401 0.417786985635757 0.41296398639679 0.406729996204376 0.404374003410339
0.613595008850098 0.600124001502991 0.599083006381989 0.593371987342834 0.591168999671936 0.595151007175446 0.5973020195961 0.587813973426819 0.584756016731262 0.585906028747559 0.574626982212067 0.57568097114563 0.577476024627686 0.580429017543793 0.586390972137451 0.580205976963043 0.582087993621826 0.591939985752106 0.59213399887085 0.593824982643127 0.586004972457886 0.565056979656219 0.536463022232056 0.51384699344635 0.492628008127213 0.485648989677429 0.481512993574142 0.477598011493683 0.470907986164093 0.465994000434875 0.463052988052368 0.463411003351212 0.459737986326218 0.458411008119583 0.456149011850357 0.44845899939537 0.445457011461258 0.439301997423172 0.433308005332947 0.426582008600235 0.42076900601387 0.415147989988327 0.40999099612236 0.405607998371124 0.400038987398148 0.396290004253387
0.603965997695923 0.586669981479645 0.581269025802612 0.574733972549438 0.571895003318787 0.566828012466431 0.569757997989655 0.569392025470734 0.563687980175018 0.573164999485016 0.572962999343872 0.566915988922119 0.564372003078461 0.5591059923172 0.560917019844055 0.567430973052979 0.571533977985382 0.574859976768494 0.57939600944519 0.585430979728699 0.569290995597839 0.540960013866425 0.516346991062164 0.491445988416672 0.476563990116119 0.469936013221741 0.466053992509842 0.460229992866516 0.45720899105072 0.454183012247086 0.455348014831543 0.452688008546829 0.453637003898621 0.452417999505997 0.450284987688065 0.442350000143051 0.43962699174881 0.432034999132156 0.43197101354599 0.426723003387451 0.421057999134064 0.414959013462067 0.408122986555099 0.403504014015198 0.393236994743347 0.389546006917953
0.584967970848083 0.569037020206451 0.559194982051849 0.550220012664795 0.542864978313446 0.542738974094391 0.539421021938324 0.540973007678986 0.549247980117798 0.553691029548645 0.551789999008179 0.558668971061707 0.557016015052795 0.552958011627197 0.544108986854553 0.545634984970093 0.549732029438019 0.550773978233337 0.551750004291534 0.55239999294281 0.54093599319458 0.517606019973755 0.495712012052536 0.471435010433197 0.466661989688873 0.462684988975525 0.45702201128006 0.453736007213593 0.450726002454758 0.448693990707397 0.449230998754501 0.444662988185883 0.442398011684418 0.441646009683609 0.440230995416641 0.436058014631271 0.429895013570786 0.422569990158081 0.420266002416611 0.419925004243851 0.414752990007401 0.412479996681213 0.407665997743607 0.40217998623848 0.397267013788223 0.388368993997574
0.578468024730682 0.574326992034912 0.564413011074066 0.553768992424011 0.527476012706757 0.522678017616272 0.524688005447388 0.517129004001617 0.521045982837677 0.527126014232635 0.538235008716583 0.538132011890411 0.546194970607758 0.537186026573181 0.533689975738525 0.532271027565002 0.531526982784271 0.527046024799347 0.524399995803833 0.521749019622803 0.507073998451233 0.493952989578247 0.474198013544083 0.459737002849579 0.447737991809845 0.446011006832123 0.443332999944687 0.441119998693466 0.439253002405167 0.442200988531113 0.439498007297516 0.435420989990234 0.432195991277695 0.428903996944427 0.428056985139847 0.426194995641708 0.423815011978149 0.417701989412308 0.413765996694565 0.412492007017136 0.4079569876194 0.406127005815506 0.39978501200676 0.396952003240585 0.395713001489639 0.386258006095886
0.555508017539978 0.554080009460449 0.549942016601562 0.538275003433228 0.530465006828308 0.515582978725433 0.517435014247894 0.501722991466522 0.495801001787186 0.500865995883942 0.502758026123047 0.523235976696014 0.531556010246277 0.525731980800629 0.520304977893829 0.512863993644714 0.518384993076324 0.512404978275299 0.500401020050049 0.492480993270874 0.484400004148483 0.472532987594604 0.458804994821548 0.448597997426987 0.433694988489151 0.43342998623848 0.431584000587463 0.434338003396988 0.434390008449554 0.432006001472473 0.429414987564087 0.426005005836487 0.421723008155823 0.419283986091614 0.417189002037048 0.419979989528656 0.414200007915497 0.410585999488831 0.408071011304855 0.402563989162445 0.401066988706589 0.398620009422302 0.394526988267899 0.392787992954254 0.388379007577896 0.384240001440048
0.5451620221138 0.529179990291595 0.536450028419495 0.527397990226746 0.523842990398407 0.509483993053436 0.500095009803772 0.499978989362717 0.505897998809814 0.485888004302979 0.481424987316132 0.494758993387222 0.507176995277405 0.509362995624542 0.509752988815308 0.506251990795135 0.497931003570557 0.491730004549026 0.491928994655609 0.481189996004105 0.473661988973618 0.461205989122391 0.444947987794876 0.431778997182846 0.424030989408493 0.424863994121552 0.423765987157822 0.427863001823425 0.427163988351822 0.424883008003235 0.422812014818192 0.413426011800766 0.407110005617142 0.408789992332458 0.410176008939743 0.410190999507904 0.406857013702393 0.399194985628128 0.398142993450165 0.395666003227234 0.392940014600754 0.3923319876194 0.387378007173538 0.385688990354538 0.382293999195099 0.382212996482849
