ENMTML/All_vars/Predictors/EUR_CliMond/bio30.asc
NCOLS 411 
NROWS 214 
XLLCORNER -11.5 
YLLCORNER 35.666666666112 
CELLSIZE 0.166666666666667 
NODATA_value -3.4e+38 
[rows 180 to 199 of 214, columns 46 to 91 of 411]
0.236995995044708 0.25578698515892 0.305272996425629 0.297271013259888 0.298023998737335 0.274744004011154 0.26937198638916 0.284061014652252 0.282934993505478 0.266413003206253 0.268337994813919 0.273721992969513 0.276008993387222 0.280631989240646 0.309985011816025 0.30995899438858 0.299782007932663 0.281883001327515 0.258325010538101 0.241475000977516 0.233474999666214 0.233591005206108 0.229292005300522 0.236083000898361 0.244540005922318 0.246672004461288 0.245113998651505 0.291476994752884 0.336962997913361 0.346121996641159 0.312682002782822 0.33432599902153 0.337200999259949 0.345241010189056 0.364324003458023 0.345230013132095 -3.4e+38 -3.4e+38 -3.4e+38 -3.4e+38 -3.4e+38 -3.4e+38 -3.4e+38 -3.4e+38 -3.4e+38 -3.4e+38
0.272309005260468 0.27810999751091 0.285053998231888 0.268285006284714 0.264136999845505 0.254260987043381 0.255708992481232 0.272190988063812 0.284985989332199 0.303128004074097 0.30664399266243 0.310090988874435 0.310108989477158 0.322411000728607 0.31665301322937 0.335936993360519 0.347755998373032 0.310000002384186 0.302325993776321 0.271241992712021 0.262961000204086 0.25059700012207 0.251157999038696 0.254370003938675 0.255329996347427 0.266503006219864 0.248319998383522 0.272951990365982 0.292948007583618 0.293576002120972 0.303887993097305 -3.4e+38 -3.4e+38 -3.4e+38 -3.4e+38 -3.4e+38 -3.4e+38 -3.4e+38 -3.4e+38 -3.4e+38 -3.4e+38 -3.4e+38 -3.4e+38 -3.4e+38 -3.4e+38 -3.4e+38
0.264946013689041 0.22503499686718 0.228320002555847 0.223717004060745 0.220780000090599 0.232841998338699 0.249423995614052 0.265235990285873 0.275391012430191 0.285057008266449 0.30715999007225 0.310003012418747 0.317701011896133 0.324238985776901 0.331503987312317 0.339033007621765 0.367293000221252 0.34681299328804 0.314723014831543 0.307020008563995 0.300754010677338 0.276439011096954 0.288103997707367 0.282445996999741 0.287357985973358 0.269243985414505 0.26588299870491 0.270837992429733 -3.4e+38 -3.4e+38 -3.4e+38 -3.4e+38 -3.4e+38 -3.4e+38 -3.4e+38 -3.4e+38 -3.4e+38 -3.4e+38 -3.4e+38 -3.4e+38 -3.4e+38 -3.4e+38 -3.4e+38 -3.4e+38 -3.4e+38 -3.4e+38
0.219518005847931 0.19378000497818 0.195797994732857 0.204974994063377 0.212494000792503 0.230783000588417 0.238520994782448 0.239939004182816 0.260302990674973 0.284366011619568 0.298483997583389 0.311572998762131 0.328588008880615 0.341482013463974 0.323213994503021 0.353233993053436 0.365653991699219 0.375202000141144 0.368077993392944 0.363454014062881 0.335296988487244 0.306596994400024 0.320573002099991 0.338239014148712 0.341946989297867 0.266916990280151 0.255160003900528 0.259813994169235 -3.4e+38 -3.4e+38 -3.4e+38 -3.4e+38 -3.4e+38 -3.4e+38 -3.4e+38 -3.4e+38 -3.4e+38 -3.4e+38 -3.4e+38 -3.4e+38 -3.4e+38 -3.4e+38 -3.4e+38 -3.4e+38 -3.4e+38 -3.4e+38
0.181888997554779 0.170760005712509 0.179631993174553 0.186369001865387 0.208085000514984 0.221420004963875 0.222644001245499 0.238088995218277 0.25415900349617 0.270983010530472 0.30528798699379 0.33271199464798 0.358146995306015 0.355764001607895 0.337307989597321 0.330774992704391 0.347550004720688 0.373690992593765 0.386519014835358 0.400375992059708 0.387553006410599 0.34086200594902 0.346166998147964 0.327459007501602 0.276495009660721 0.258635997772217 0.262335002422333 -3.4e+38 -3.4e+38 -3.4e+38 -3.4e+38 -3.4e+38 -3.4e+38 -3.4e+38 -3.4e+38 -3.4e+38 -3.4e+38 -3.4e+38 -3.4e+38 -3.4e+38 -3.4e+38 -3.4e+38 -3.4e+38 -3.4e+38 -3.4e+38 -3.4e+38
0.172399997711182 0.164189994335175 0.165003001689911 0.192432001233101 0.19641999900341 0.206735000014305 0.20219199359417 0.218256995081902 0.223919004201889 0.246671006083488 0.285057008266449 0.329923987388611 0.36140701174736 0.351610004901886 0.335375010967255 0.315777987241745 0.325704008340836 0.377189010381699 0.403726994991302 0.454694986343384 0.417865008115768 0.356177002191544 0.333166003227234 0.289427995681763 0.271656006574631 0.25323098897934 -3.4e+38 -3.4e+38 -3.4e+38 -3.4e+38 -3.4e+38 -3.4e+38 -3.4e+38 -3.4e+38 -3.4e+38 -3.4e+38 -3.4e+38 -3.4e+38 -3.4e+38 -3.4e+38 -3.4e+38 -3.4e+38 -3.4e+38 -3.4e+38 -3.4e+38 -3.4e+38
0.166552007198334 0.16142900288105 0.167888000607491 0.17765200138092 0.181806996464729 0.19225600361824 0.203672006726265 0.216049998998642 0.22647200524807 0.245359003543854 0.270200997591019 0.308607995510101 0.336479991674423 0.343059986829758 0.3384929895401 0.312570005655289 0.316873013973236 0.336593985557556 0.33619698882103 0.374592006206512 0.365446001291275 0.323958992958069 0.288747012615204 0.273566991090775 0.259243011474609 -3.4e+38 -3.4e+38 -3.4e+38 -3.4e+38 -3.4e+38 -3.4e+38 -3.4e+38 -3.4e+38 -3.4e+38 -3.4e+38 -3.4e+38 -3.4e+38 -3.4e+38 -3.4e+38 -3.4e+38 -3.4e+38 -3.4e+38 -3.4e+38 -3.4e+38 -3.4e+38 -3.4e+38
0.160734996199608 0.156544998288155 0.165427997708321 0.166940003633499 0.174621000885963 0.194368004798889 0.208167001605034 0.219065994024277 0.230620995163918 0.237280994653702 0.253969013690948 0.285281985998154 0.294631004333496 0.302596986293793 0.314061999320984 0.285705000162125 0.359836012125015 0.35479798913002 0.314435988664627 0.304226994514465 0.296986997127533 0.278762996196747 0.264207005500793 0.264889985322952 -3.4e+38 -3.4e+38 -3.4e+38 -3.4e+38 -3.4e+38 -3.4e+38 -3.4e+38 -3.4e+38 -3.4e+38 -3.4e+38 -3.4e+38 -3.4e+38 -3.4e+38 -3.4e+38 -3.4e+38 -3.4e+38 -3.4e+38 -3.4e+38 -3.4e+38 -3.4e+38 -3.4e+38 -3.4e+38
0.151822000741959 0.160634994506836 0.168936997652054 0.170201003551483 0.178081005811691 0.18851600587368 0.19556400179863 0.203923001885414 0.216012001037598 0.224286004900932 0.244390994310379 0.254198998212814 0.258718013763428 0.283571988344193 0.28184700012207 0.279496014118195 0.294391989707947 0.335305005311966 0.32277700304985 0.287308007478714 0.284444004297256 0.264281004667282 0.246873006224632 -3.4e+38 -3.4e+38 -3.4e+38 -3.4e+38 -3.4e+38 -3.4e+38 -3.4e+38 -3.4e+38 -3.4e+38 -3.4e+38 -3.4e+38 -3.4e+38 -3.4e+38 -3.4e+38 -3.4e+38 -3.4e+38 -3.4e+38 0.269306987524033 0.233797997236252 -3.4e+38 -3.4e+38 -3.4e+38 -3.4e+38
0.156284004449844 0.1562529951334 0.16049699485302 0.165001004934311 0.168797999620438 0.180074006319046 0.189916998147964 0.195377007126808 0.205105006694794 0.208615005016327 0.228928998112679 0.241089001297951 0.244643002748489 0.246786996722221 0.266460001468658 0.268783986568451 0.257088989019394 0.261595994234085 0.266193002462387 0.267423003911972 0.262259989976883 0.243900999426842 -3.4e+38 -3.4e+38 -3.4e+38 -3.4e+38 -3.4e+38 -3.4e+38 -3.4e+38 -3.4e+38 -3.4e+38 -3.4e+38 -3.4e+38 -3.4e+38 -3.4e+38 -3.4e+38 -3.4e+38 -3.4e+38 0.258376985788345 0.269351005554199 0.242838993668556 0.222362995147705 0.227345004677773 0.226922005414963 -3.4e+38 -3.4e+38
0.156462997198105 0.156018003821373 0.156427994370461 0.156286999583244 0.164142996072769 0.172308996319771 0.175058007240295 0.188142001628876 0.195344999432564 0.19896200299263 0.207253992557526 0.221529006958008 0.231184005737305 0.228949993848801 0.245685994625092 0.250414997339249 0.265138000249863 0.256446003913879 0.234608992934227 0.234273999929428 0.240909993648529 0.236304998397827 -3.4e+38 -3.4e+38 -3.4e+38 -3.4e+38 -3.4e+38 -3.4e+38 -3.4e+38 -3.4e+38 -3.4e+38 -3.4e+38 -3.4e+38 -3.4e+38 -3.4e+38 -3.4e+38 -3.4e+38 0.229424998164177 0.223939001560211 0.21068599820137 0.225812003016472 0.220312997698784 0.222047999501228 0.214980006217957 -3.4e+38 -3.4e+38
0.152399003505707 0.152055993676186 0.147727996110916 0.151449993252754 0.156085997819901 0.159526005387306 0.167006000876427 0.174055993556976 0.181495994329453 0.19208399951458 0.193942993879318 0.202463001012802 0.211373001337051 0.209095999598503 0.212432995438576 0.222334995865822 0.237483993172646 0.248503997921944 0.233115002512932 0.227486997842789 0.225538000464439 -3.4e+38 -3.4e+38 -3.4e+38 -3.4e+38 -3.4e+38 -3.4e+38 -3.4e+38 -3.4e+38 -3.4e+38 -3.4e+38 -3.4e+38 -3.4e+38 -3.4e+38 -3.4e+38 -3.4e+38 -3.4e+38 -3.4e+38 -3.4e+38 0.209398999810219 0.210537001490593 0.208675995469093 0.211217999458313 -3.4e+38 -3.4e+38 -3.4e+38
0.14690500497818 0.146585002541542 0.143162995576859 0.144041001796722 0.151019006967545 0.156175002455711 0.160230994224548 0.167893007397652 0.1754370033741 0.17892199754715 0.184577003121376 0.189219996333122 0.1961620002985 0.201627001166344 0.211177006363869 0.218171998858452 0.221220001578331 0.239847004413605 0.23123799264431 0.217210993170738 0.213434994220734 0.212318003177643 -3.4e+38 -3.4e+38 -3.4e+38 -3.4e+38 -3.4e+38 -3.4e+38 -3.4e+38 -3.4e+38 -3.4e+38 -3.4e+38 -3.4e+38 -3.4e+38 -3.4e+38 -3.4e+38 -3.4e+38 -3.4e+38 -3.4e+38 -3.4e+38 -3.4e+38 0.20430800318718 -3.4e+38 -3.4e+38 -3.4e+38 -3.4e+38
0.129896000027657 0.134780004620552 0.138934999704361 0.143202006816864 0.150886997580528 0.159352004528046 0.167993992567062 0.175141006708145 0.182826995849609 0.176837995648384 0.177867993712425 0.182412996888161 0.188640996813774 0.201254993677139 0.224221006035805 0.24014900624752 0.226925000548363 0.242154002189636 0.214729994535446 0.199511006474495 0.210117995738983 0.21442699432373 -3.4e+38 -3.4e+38 -3.4e+38 -3.4e+38 -3.4e+38 -3.4e+38 -3.4e+38 -3.4e+38 -3.4e+38 0.214916005730629 0.206623002886772 -3.4e+38 -3.4e+38 -3.4e+38 -3.4e+38 -3.4e+38 -3.4e+38 -3.4e+38 -3.4e+38 -3.4e+38 -3.4e+38 -3.4e+38 -3.4e+38 -3.4e+38
0.126313999295235 0.134481996297836 0.135288998484612 0.143620997667313 0.158017992973328 0.166417002677917 0.174457997083664 0.18503700196743 0.192627996206284 0.180500999093056 0.174294993281364 0.176357001066208 0.192070007324219 0.211355000734329 0.22673699259758 0.223308995366096 0.226126998662949 0.239498004317284 0.216346994042397 0.205621004104614 0.211237996816635 0.221754997968674 0.200350999832153 -3.4e+38 -3.4e+38 -3.4e+38 -3.4e+38 -3.4e+38 -3.4e+38 -3.4e+38 0.206566005945206 0.20532600581646 -3.4e+38 -3.4e+38 -3.4e+38 -3.4e+38 -3.4e+38 -3.4e+38 -3.4e+38 -3.4e+38 -3.4e+38 -3.4e+38 -3.4e+38 -3.4e+38 -3.4e+38 -3.4e+38
0.125927999615669 0.133339002728462 0.135054007172585 0.143387004733086 0.151262000203133 0.166200995445251 0.174813002347946 0.178630992770195 0.190552994608879 0.198633998632431 0.196475997567177 0.190114006400108 0.192693993449211 0.201282992959023 0.210447996854782 0.209006994962692 0.221480995416641 0.210780993103981 0.228486999869347 0.241846993565559 0.232047006487846 0.251215010881424 0.225850000977516 0.203444004058838 -3.4e+38 -3.4e+38 -3.4e+38 -3.4e+38 -3.4e+38 -3.4e+38 -3.4e+38 0.190963000059128 -3.4e+38 -3.4e+38 -3.4e+38 -3.4e+38 -3.4e+38 -3.4e+38 -3.4e+38 -3.4e+38 -3.4e+38 -3.4e+38 -3.4e+38 -3.4e+38 -3.4e+38 -3.4e+38
0.128843992948532 0.13374599814415 0.138355001807213 0.146852001547813 0.151084005832672 0.159887000918388 0.160556003451347 0.178904995322227 0.214574992656708 0.202631995081902 0.193513005971909 0.177120998501778 0.177089005708694 0.17858299612999 0.188410997390747 0.200703993439674 0.1961600035429 0.199522003531456 0.22749499976635 0.239428997039795 0.240246996283531 0.22689400613308 0.198978006839752 -3.4e+38 -3.4e+38 -3.4e+38 -3.4e+38 -3.4e+38 -3.4e+38 -3.4e+38 -3.4e+38 -3.4e+38 -3.4e+38 -3.4e+38 -3.4e+38 -3.4e+38 -3.4e+38 -3.4e+38 -3.4e+38 -3.4e+38 -3.4e+38 -3.4e+38 -3.4e+38 -3.4e+38 -3.4e+38 -3.4e+38
0.13740299642086 0.137961000204086 0.138350993394852 0.138086006045341 0.143691003322601 0.141283005475998 0.151499003171921 0.176925003528595 0.201727002859116 0.172278001904488 0.166508004069328 0.159914001822472 0.155129998922348 0.15692600607872 0.168226003646851 0.177985996007919 0.195696994662285 0.191633000969887 0.184266000986099 0.180400997400284 0.175641000270844 -3.4e+38 -3.4e+38 -3.4e+38 -3.4e+38 -3.4e+38 -3.4e+38 -3.4e+38 -3.4e+38 -3.4e+38 -3.4e+38 -3.4e+38 -3.4e+38 -3.4e+38 -3.4e+38 -3.4e+38 -3.4e+38 -3.4e+38 -3.4e+38 -3.4e+38 -3.4e+38 -3.4e+38 -3.4e+38 -3.4e+38 -3.4e+38 -3.4e+38
0.114992998540401 0.116287998855114 0.117317996919155 0.12703800201416 0.132428005337715 0.141955003142357 0.166087001562119 0.205210000276566 0.199731007218361 0.193728998303413 0.205013006925583 0.176133006811142 0.145116001367569 0.144930005073547 0.147288993000984 0.160928994417191 0.163604006171227 0.164031997323036 0.155460998415947 0.155167996883392 -3.4e+38 -3.4e+38 -3.4e+38 -3.4e+38 -3.4e+38 -3.4e+38 -3.4e+38 -3.4e+38 -3.4e+38 -3.4e+38 -3.4e+38 -3.4e+38 -3.4e+38 -3.4e+38 -3.4e+38 -3.4e+38 -3.4e+38 -3.4e+38 -3.4e+38 -3.4e+38 -3.4e+38 -3.4e+38 -3.4e+38 -3.4e+38 -3.4e+38 -3.4e+38
0.102467998862267 0.107794001698494 0.117747001349926 0.122938998043537 0.128811001777649 0.172370001673698 0.197570994496346 0.232008993625641 0.233633995056152 0.224886000156403 0.206532001495361 0.18402299284935 0.162778005003929 0.154698997735977 0.148486003279686 0.129423007369041 0.131069004535675 0.137286007404327 0.142518997192383 -3.4e+38 -3.4e+38 -3.4e+38 -3.4e+38 -3.4e+38 -3.4e+38 -3.4e+38 -3.4e+38 -3.4e+38 -3.4e+38 -3.4e+38 -3.4e+38 -3.4e+38 -3.4e+38 -3.4e+38 -3.4e+38 -3.4e+38 -3.4e+38 -3.4e+38 -3.4e+38 -3.4e+38 -3.4e+38 -3.4e+38 -3.4e+38 -3.4e+38 -3.4e+38 -3.4e+38
