ENMTML/All_vars/Predictors/EUR_CliMond/bio32.asc
NCOLS 411 
NROWS 214 
XLLCORNER -11.5 
YLLCORNER 35.666666666112 
CELLSIZE 0.166666666666667 
NODATA_value -3.4e+38 
[rows 105 to 125 of 214, columns 235 to 281 of 411]
1.01961195468903 1.01442205905914 1.01028096675873 1.00993001461029 1.01064801216125 1.01268398761749 1.01339602470398 1.01381099224091 1.01341199874878 1.01360499858856 1.01348197460175 1.01340901851654 1.01114201545715 1.01028800010681 1.00786697864532 1.00820398330688 1.00804102420807 1.00919103622437 1.01009404659271 1.01160502433777 1.0129519701004 1.01587998867035 1.01697599887848 1.01879096031189 1.02158403396606 1.02166700363159 1.02227604389191 1.0232150554657 1.02320194244385 1.02148199081421 1.02044701576233 1.02047002315521 1.01796495914459 1.01639103889465 1.01484704017639 1.01281499862671 1.00980305671692 1.00952005386353 1.00749099254608 1.01038694381714 1.010871052742 1.01557004451752 1.0168000459671 1.01811301708221 1.02223002910614 1.02150297164917 1.024827003479
1.01377296447754 1.00915396213531 1.00342500209808 1.00197994709015 1.00525796413422 1.00908005237579 1.01028501987457 1.00874900817871 1.01039004325867 1.01064896583557 1.01177895069122 1.01141703128815 1.00933504104614 1.00741696357727 1.00722002983093 1.00566494464874 1.00668299198151 1.00747001171112 1.00838303565979 1.00863099098206 1.01228201389313 1.01373898983002 1.01629400253296 1.01740694046021 1.01858496665955 1.02043294906616 1.02159404754639 1.02105700969696 1.02010595798492 1.01861298084259 1.01763999462128 1.01510405540466 1.01503896713257 1.01556694507599 1.01241397857666 1.00996100902557 1.00662195682526 1.00608205795288 1.00469899177551 1.00583803653717 1.00759494304657 1.01201701164246 1.01500499248505 1.01781904697418 1.01810097694397 1.02102899551392 1.02177298069
1.01025104522705 1.00437796115875 1.00099003314972 1.0014009475708 1.00215494632721 1.00322699546814 1.00786805152893 1.00859594345093 1.01052594184875 1.00897097587585 1.00951302051544 1.0100200176239 1.00895798206329 1.00641798973083 1.00575304031372 1.00411200523376 1.00510096549988 1.00464594364166 1.00440800189972 1.00629794597626 1.00901699066162 1.01245605945587 1.01345300674438 1.01614701747894 1.0185329914093 1.01911497116089 1.01968502998352 1.01898896694183 1.01816499233246 1.01732695102692 1.01476502418518 1.01524496078491 1.01350104808807 1.01291000843048 1.01044499874115 1.00955998897552 1.00548100471497 1.00249898433685 0.998799502849579 0.998881220817566 1.00254595279694 1.00917398929596 1.01294195652008 1.01426899433136 1.01736199855804 1.01975297927856 1.02182996273041
1.00604701042175 1.00541794300079 1.00152099132538 1.00072705745697 1.0005350112915 1.00276505947113 1.00418198108673 1.00535202026367 1.0061160326004 1.00764501094818 1.00942301750183 1.00774896144867 1.00526404380798 1.004714012146 1.00619900226593 1.00473201274872 1.00471699237823 1.0030529499054 1.00350105762482 1.00588202476501 1.00674104690552 1.01055097579956 1.01167500019073 1.0145970582962 1.01581394672394 1.01478898525238 1.01574599742889 1.0154390335083 1.01618897914886 1.01413202285767 1.01479303836823 1.01458203792572 1.01299798488617 1.0098170042038 1.00785505771637 1.00575494766235 1.00313603878021 0.999990701675415 0.999185621738434 0.995941817760468 0.99916011095047 1.00475597381592 1.00913298130035 1.01341497898102 1.01537299156189 1.01894295215607 1.02056396007538
1.00405204296112 1.00441098213196 0.999433279037476 1.00013399124146 1.00055205821991 1.00299298763275 1.00216805934906 1.0047219991684 1.00537204742432 1.00673699378967 1.00700700283051 1.00467503070831 1.00465905666351 1.00378894805908 1.00318396091461 1.00094997882843 1.00158798694611 1.00345301628113 1.00411796569824 1.00406503677368 1.00729203224182 1.00897705554962 1.01173996925354 1.01220703125 1.01448702812195 1.01557397842407 1.01579797267914 1.01577401161194 1.01573598384857 1.01379299163818 1.0130649805069 1.01270997524261 1.01157903671265 1.00837302207947 1.00805997848511 1.00372004508972 1.00228703022003 1.00202095508575 0.996109426021576 0.997661709785461 1.00178694725037 1.00651299953461 1.0105299949646 1.0141190290451 1.0152200460434 1.01977801322937 1.02061295509338
1.00070297718048 1.00180101394653 0.999960899353027 1.00219798088074 1.00319504737854 1.00066804885864 1.00116300582886 1.00489604473114 1.0056539773941 1.00522994995117 1.00402903556824 1.00370097160339 1.0045690536499 1.00281798839569 1.00086402893066 1.00089299678802 1.00020802021027 1.0012389421463 1.00146996974945 1.00041401386261 1.00529897212982 1.00599300861359 1.00916695594788 1.01233994960785 1.01523101329803 1.01508402824402 1.014328956604 1.01519596576691 1.01510405540466 1.01546704769135 1.01421594619751 1.01459395885468 1.0116640329361 1.00798904895782 1.00525999069214 1.00453698635101 1.00277304649353 1.00228202342987 0.998520493507385 1.00211405754089 1.00582194328308 1.00833702087402 1.00926804542542 1.01358103752136 1.01619899272919 1.01860296726227 1.01960897445679
0.99971342086792 0.999519407749176 0.998951971530914 0.999283909797668 0.999653995037079 1.00157701969147 1.00179195404053 1.00465202331543 1.00520205497742 1.00489902496338 1.00454795360565 1.00410294532776 1.00470495223999 1.0026650428772 1.00149405002594 1.00158798694611 1.00059998035431 0.998922228813171 0.99856972694397 0.996960878372192 1.00194299221039 1.00494301319122 1.00907504558563 1.01108205318451 1.01308703422546 1.01362299919128 1.01452898979187 1.01471698284149 1.01479804515839 1.01462602615356 1.01489698886871 1.01348900794983 1.00960099697113 1.00751996040344 1.00686597824097 1.00569200515747 1.00517201423645 1.00486099720001 1.00158095359802 1.00457501411438 1.00557005405426 1.00812602043152 1.01011395454407 1.01548898220062 1.01581203937531 1.01963102817535 1.02054405212402
0.99962842464447 0.999875783920288 0.999115884304047 0.999384522438049 1.00093901157379 1.00061905384064 1.00157797336578 1.00178194046021 1.00486302375793 1.00567698478699 1.00603699684143 1.00426602363586 1.0026570558548 1.00082099437714 1.00007605552673 0.999062418937683 0.998015224933624 0.99761688709259 0.996193110942841 0.995600581169128 0.997713029384613 1.00394701957703 1.00902497768402 1.01272594928741 1.01389694213867 1.01456499099731 1.01479804515839 1.01514494419098 1.01352298259735 1.01413905620575 1.01251697540283 1.0107330083847 1.01081097126007 1.00718200206757 1.00877797603607 1.00810098648071 1.00455105304718 1.00388300418854 1.00334405899048 1.00856399536133 1.00879299640656 1.00978195667267 1.01242196559906 1.01461398601532 1.01746201515198 1.01959300041199 1.0199990272522
1.00064599514008 1.00014805793762 1.00012898445129 1.00135695934296 1.00280296802521 1.00399804115295 1.00357496738434 1.00259101390839 1.00486195087433 1.0042690038681 1.00574696063995 1.00372004508972 1.00367903709412 1.00348997116089 1.0016930103302 1.00026297569275 0.999176681041718 0.998154819011688 0.995489299297333 0.991691410541534 0.995640873908997 1.00316095352173 1.00792896747589 1.01267397403717 1.0157059431076 1.01602005958557 1.01663601398468 1.01520001888275 1.01425504684448 1.01276898384094 1.01370000839233 1.01181304454803 1.0118180513382 1.00736594200134 1.00677704811096 1.00653696060181 1.00601398944855 1.00658202171326 1.00629699230194 1.00861096382141 1.00916397571564 1.01033794879913 1.0135190486908 1.01455700397491 1.01837599277496 1.02035295963287 1.02200996875763
0.999397218227386 1.00013899803162 1.00030994415283 1.00173902511597 1.00092804431915 1.00080502033234 1.00003600120544 0.999974489212036 1.00578701496124 1.00534701347351 1.00266802310944 1.00368499755859 1.00453805923462 1.00306499004364 1.00235199928284 1.00020098686218 0.998263597488403 0.996546506881714 0.993668675422668 0.993725597858429 0.998912870883942 1.00209498405457 1.00866901874542 1.00969398021698 1.01272094249725 1.01391303539276 1.0141589641571 1.01445400714874 1.01291298866272 1.0133810043335 1.01323699951172 1.01260197162628 1.01321697235107 1.01058804988861 1.0077600479126 1.00799095630646 1.00884997844696 1.00966501235962 1.01035404205322 1.00967705249786 1.01186394691467 1.01251900196075 1.0149610042572 1.01665604114532 1.01858198642731 1.01907205581665 1.01915299892426
0.99818617105484 0.997963607311249 0.998612523078918 1.00057601928711 1.00199198722839 1.00241303443909 1.00398194789886 1.00399994850159 1.00471699237823 1.00361895561218 1.00619900226593 1.00446701049805 1.0040580034256 1.00332701206207 1.00346100330353 1.00175094604492 1.00094997882843 1.00054800510406 0.998718917369843 0.998364925384521 1.00211405754089 1.00415599346161 1.00899398326874 1.01064896583557 1.01152396202087 1.01142799854279 1.01278698444366 1.01313900947571 1.01297199726105 1.0128630399704 1.01368498802185 1.01360905170441 1.01375699043274 1.01159703731537 1.01105296611786 1.0106920003891 1.01170802116394 1.01255297660828 1.01192700862885 1.01369798183441 1.01366901397705 1.01262903213501 1.01603496074677 1.01743197441101 1.01813399791718 1.01816296577454 1.01967394351959
0.996973872184753 1.0007050037384 1.00190198421478 1.00213599205017 1.00169205665588 1.00557899475098 1.0062689781189 1.00604200363159 1.00834405422211 1.00833296775818 1.00743103027344 1.00335097312927 1.00230097770691 1.00454103946686 1.00388705730438 1.0027539730072 1.00163602828979 1.00147700309753 0.999943375587463 1.00178897380829 1.00237202644348 1.0079540014267 1.00840294361115 1.00957095623016 1.01073801517487 1.00948798656464 1.00981295108795 1.01211595535278 1.01365804672241 1.01416301727295 1.01433002948761 1.01481997966766 1.01268899440765 1.01264095306396 1.01215696334839 1.01368403434753 1.01397204399109 1.01208400726318 1.01266205310822 1.01475405693054 1.01411700248718 1.01575398445129 1.01684296131134 1.01675498485565 1.01652204990387 1.01915597915649 1.02124905586243
1.00120902061462 1.00083100795746 1.00208497047424 1.00315499305725 1.00380301475525 1.00507199764252 1.00572502613068 1.00586998462677 1.00601005554199 1.00627994537354 1.00431704521179 1.00355195999146 1.00318098068237 1.00289404392242 1.00168001651764 1.00131499767303 1.00072705745697 1.00184595584869 1.00350403785706 1.00362598896027 1.00656402111053 1.00435101985931 1.00473499298096 1.00696301460266 1.00687396526337 1.00885403156281 1.00940203666687 1.01174998283386 1.01350498199463 1.01400601863861 1.01556003093719 1.01620197296143 1.01467502117157 1.01423597335815 1.01538801193237 1.01622104644775 1.01683795452118 1.01515901088715 1.01452302932739 1.01534497737885 1.01570796966553 1.01672399044037 1.01692199707031 1.01664102077484 1.01598298549652 1.01835000514984 1.01996695995331
1.0000319480896 1.00031697750092 1.00054395198822 1.0040580034256 1.00647902488708 1.00586605072021 1.00839996337891 1.00834000110626 1.00890100002289 1.00681400299072 1.00674903392792 1.00567102432251 1.00480794906616 1.00413405895233 1.00345003604889 1.00326502323151 1.00406205654144 1.00419700145721 1.00652098655701 1.00867795944214 1.00773394107819 1.00751495361328 1.00444495677948 1.00576901435852 1.00738501548767 1.00951302051544 1.00872302055359 1.00937902927399 1.00981605052948 1.00969994068146 1.01240599155426 1.01254594326019 1.01353800296783 1.01313900947571 1.01522505283356 1.01672899723053 1.01662194728851 1.01582896709442 1.01520001888275 1.01616096496582 1.01693201065063 1.01683294773102 1.01525497436523 1.01549994945526 1.01822602748871 1.01927495002747 1.02024304866791
1.00276696681976 1.00227403640747 1.00433897972107 1.01008296012878 1.00805902481079 1.01003396511078 1.01057696342468 1.00973296165466 1.00885605812073 1.00854897499084 1.00867295265198 1.00722897052765 1.00641405582428 1.00608897209167 1.00398695468903 1.00463998317719 1.00419795513153 1.00547504425049 1.00692105293274 1.00725102424622 1.00623500347137 1.00391602516174 1.00374400615692 1.00402498245239 1.00423800945282 1.00672996044159 1.00632798671722 1.00840604305267 1.01031899452209 1.01230704784393 1.0122879743576 1.01455402374268 1.01522696018219 1.01669502258301 1.01687395572662 1.01665699481964 1.01752901077271 1.01730895042419 1.01709699630737 1.01621198654175 1.01596903800964 1.01651501655579 1.0159330368042 1.01656496524811 1.01821601390839 1.02040302753448 1.02039396762848
1.0020569562912 1.00255298614502 1.00153803825378 1.00489795207977 1.00653505325317 1.00804996490479 1.00885701179504 1.0091609954834 1.00516200065613 1.00581204891205 1.00600004196167 1.00561702251434 1.00539696216583 1.00555098056793 1.00752699375153 1.00607299804688 1.00513398647308 1.00669300556183 1.00727498531342 1.00653004646301 1.00464999675751 1.00262594223022 1.00351500511169 1.00297403335571 1.00291395187378 1.00510895252228 1.00552403926849 1.00840795040131 1.01078295707703 1.01428604125977 1.01437795162201 1.01659798622131 1.01733899116516 1.0179660320282 1.01833403110504 1.01867198944092 1.01760804653168 1.01678895950317 1.0166380405426 1.01649296283722 1.01738297939301 1.01587998867035 1.01687204837799 1.01721203327179 1.01704704761505 1.01711201667786 1.01905000209808
1.00087702274323 1.00173199176788 1.00078105926514 1.00169503688812 1.00343704223633 1.00376796722412 1.00411295890808 1.00474500656128 1.00462794303894 1.00536501407623 1.00695502758026 1.00644600391388 1.00572502613068 1.00676703453064 1.00842797756195 1.00710701942444 1.00690197944641 1.00833594799042 1.00778603553772 1.0047470331192 1.00375604629517 1.00191402435303 1.0015469789505 1.00107896327972 1.00146102905273 1.0036940574646 1.00495195388794 1.00648701190948 1.01071095466614 1.01381599903107 1.01638197898865 1.01829099655151 1.01912701129913 1.02139699459076 1.02169299125671 1.02040898799896 1.02086198329926 1.01842999458313 1.01875901222229 1.017294049263 1.01615905761719 1.01633596420288 1.01828396320343 1.01748096942902 1.01677596569061 1.01552796363831 1.01607501506805
0.997513711452484 0.999742686748505 1.00072395801544 0.999194979667664 0.998840272426605 0.999418079853058 1.00039899349213 0.999872624874115 1.00211501121521 1.00363004207611 1.00504994392395 1.00663900375366 1.00663197040558 1.00845897197723 1.00791096687317 1.01012098789215 1.00905799865723 1.00867903232574 1.00891399383545 1.00700902938843 1.00379705429077 1.00201797485352 0.999864220619202 0.998531520366669 0.99865460395813 0.997736990451813 1.00210905075073 1.00569105148315 1.01155197620392 1.01489400863647 1.01833498477936 1.01908802986145 1.02038097381592 1.02285099029541 1.02324497699738 1.02238094806671 1.02071797847748 1.01950705051422 1.01774394512177 1.01824903488159 1.01693499088287 1.01624000072479 1.01531398296356 1.01357698440552 1.0178519487381 1.01723301410675 1.01777100563049
0.998623490333557 0.996797621250153 0.995510220527649 0.993303418159485 0.993659973144531 0.992721498012543 0.992400228977203 0.993215501308441 0.994511127471924 0.999025881290436 1.00107300281525 1.00164496898651 1.00702095031738 1.00875997543335 1.01012396812439 1.01069700717926 1.00971698760986 1.0120530128479 1.00813698768616 1.00783896446228 1.00551497936249 0.999477922916412 0.999376118183136 0.996818721294403 0.994203984737396 0.994621276855469 0.998207688331604 1.00417602062225 1.01195096969604 1.01356399059296 1.01858401298523 1.02020597457886 1.0229320526123 1.02379298210144 1.02444994449615 1.02211797237396 1.02048099040985 1.01882803440094 1.01810705661774 1.01736295223236 1.01654505729675 1.01581704616547 1.01175200939178 1.01402294635773 1.0149610042572 1.01554703712463 1.01627802848816
0.996837496757507 0.995841681957245 0.993013679981232 0.99125212430954 0.98577868938446 0.982177913188934 0.984537720680237 0.988615572452545 0.993926823139191 0.997517228126526 0.998352289199829 1.00332498550415 1.00589299201965 1.00964403152466 1.01234197616577 1.01157701015472 1.01615703105927 1.01240301132202 1.0131870508194 1.00909900665283 1.00363600254059 0.997825086116791 0.993899405002594 0.990784585475922 0.987047970294952 0.98788857460022 0.994565725326538 1.00164902210236 1.00925302505493 1.0132269859314 1.01572394371033 1.02089405059814 1.02354204654694 1.02351403236389 1.02183699607849 1.02194595336914 1.01896905899048 1.01918196678162 1.01665198802948 1.01551795005798 1.0141259431839 1.01315295696259 1.01423001289368 1.01268100738525 1.01375603675842 1.01289796829224 1.01312100887299
0.991905510425568 0.992352187633514 0.9870765209198 0.983252823352814 0.977967083454132 0.975669980049133 0.971599698066711 0.980820715427399 0.987778186798096 0.991952776908875 0.997919917106628 1.00196802616119 1.00518703460693 1.00805497169495 1.011510014534 1.0127979516983 1.01669096946716 1.01472198963165 1.01259899139404 1.00763297080994 1.0020489692688 0.994027495384216 0.98658561706543 0.980718910694122 0.977063775062561 0.979424178600311 0.990779519081116 0.998969495296478 1.00769805908203 1.01366400718689 1.01966798305511 1.02287399768829 1.02371394634247 1.0216269493103 1.0195209980011 1.02054595947266 1.01699197292328 1.01575303077698 1.01387703418732 1.01350295543671 1.01294994354248 1.01351499557495 1.01343202590942 1.01058900356293 1.00923001766205 1.00843298435211 1.0090320110321
