ENMTML/All_vars/Predictors/EUR_CliMond/bio35.asc
NCOLS 411 
NROWS 214 
XLLCORNER -11.5 
YLLCORNER 35.666666666112 
CELLSIZE 0.166666666666667 
NODATA_value -3.4e+38 
[rows 100 to 119 of 214, columns 47 to 93 of 411]
1.13606595993042 1.15665102005005 1.18060898780823 1.19896101951599 1.18365299701691 1.16355800628662 1.14805495738983 1.17366003990173 1.18367505073547 1.14178895950317 1.10156202316284 1.06576502323151 1.05004096031189 1.04371500015259 1.04203903675079 1.05698096752167 1.07123303413391 -3.4e+38 -3.4e+38 -3.4e+38 -3.4e+38 -3.4e+38 -3.4e+38 -3.4e+38 -3.4e+38 -3.4e+38 -3.4e+38 -3.4e+38 -3.4e+38 -3.4e+38 -3.4e+38 -3.4e+38 -3.4e+38 -3.4e+38 -3.4e+38 -3.4e+38 -3.4e+38 -3.4e+38 -3.4e+38 -3.4e+38 -3.4e+38 -3.4e+38 -3.4e+38 -3.4e+38 -3.4e+38 -3.4e+38 -3.4e+38
-3.4e+38 1.14631402492523 1.19415903091431 1.19101297855377 1.18426597118378 1.20030200481415 1.19908499717712 1.19631397724152 1.20751404762268 1.18237900733948 1.13671398162842 1.08405005931854 1.05044198036194 1.04487204551697 1.0621999502182 1.08210897445679 1.08764600753784 1.08904302120209 1.09060800075531 -3.4e+38 -3.4e+38 -3.4e+38 -3.4e+38 -3.4e+38 -3.4e+38 -3.4e+38 -3.4e+38 -3.4e+38 -3.4e+38 -3.4e+38 -3.4e+38 -3.4e+38 -3.4e+38 -3.4e+38 -3.4e+38 -3.4e+38 -3.4e+38 -3.4e+38 -3.4e+38 -3.4e+38 -3.4e+38 -3.4e+38 -3.4e+38 -3.4e+38 -3.4e+38 -3.4e+38 -3.4e+38
-3.4e+38 1.12988901138306 1.14343702793121 1.14337396621704 1.15223598480225 1.16854298114777 1.19843196868896 1.23018300533295 1.22001004219055 1.19279301166534 1.15087997913361 1.10045802593231 1.05596005916595 1.04380297660828 1.06137597560883 1.06404197216034 1.05910003185272 1.07109403610229 1.08094203472137 1.08684599399567 -3.4e+38 -3.4e+38 -3.4e+38 -3.4e+38 -3.4e+38 -3.4e+38 -3.4e+38 -3.4e+38 -3.4e+38 -3.4e+38 -3.4e+38 -3.4e+38 -3.4e+38 -3.4e+38 -3.4e+38 -3.4e+38 -3.4e+38 -3.4e+38 -3.4e+38 -3.4e+38 -3.4e+38 -3.4e+38 -3.4e+38 -3.4e+38 -3.4e+38 -3.4e+38 -3.4e+38
-3.4e+38 -3.4e+38 -3.4e+38 -3.4e+38 -3.4e+38 1.16803097724915 1.21188795566559 1.22895300388336 1.21759402751923 1.18893599510193 1.17108201980591 1.12099194526672 1.0700010061264 1.04672598838806 1.04169797897339 1.04561698436737 1.05005896091461 1.06444203853607 1.07628500461578 1.07611501216888 1.07736194133759 -3.4e+38 -3.4e+38 -3.4e+38 -3.4e+38 -3.4e+38 -3.4e+38 -3.4e+38 -3.4e+38 -3.4e+38 -3.4e+38 -3.4e+38 -3.4e+38 -3.4e+38 -3.4e+38 -3.4e+38 -3.4e+38 -3.4e+38 -3.4e+38 -3.4e+38 -3.4e+38 -3.4e+38 -3.4e+38 -3.4e+38 -3.4e+38 -3.4e+38 -3.4e+38
-3.4e+38 -3.4e+38 -3.4e+38 -3.4e+38 1.11326897144318 1.15120804309845 1.21187102794647 1.21042001247406 1.19826900959015 1.1751389503479 1.1465140581131 1.11290502548218 1.07734894752502 1.05297601222992 1.04031705856323 1.03665804862976 1.03998303413391 1.05151402950287 1.06193101406097 1.0598030090332 1.06525194644928 -3.4e+38 -3.4e+38 -3.4e+38 -3.4e+38 -3.4e+38 -3.4e+38 -3.4e+38 -3.4e+38 -3.4e+38 -3.4e+38 -3.4e+38 -3.4e+38 -3.4e+38 -3.4e+38 -3.4e+38 -3.4e+38 -3.4e+38 -3.4e+38 -3.4e+38 -3.4e+38 -3.4e+38 -3.4e+38 -3.4e+38 -3.4e+38 -3.4e+38 -3.4e+38
-3.4e+38 -3.4e+38 -3.4e+38 -3.4e+38 1.09905898571014 1.11975598335266 1.15805995464325 1.19153296947479 1.2032550573349 1.20113098621368 1.15939104557037 1.10934805870056 1.07090902328491 1.05225503444672 1.04015398025513 1.0332750082016 1.03394198417664 1.03763604164124 1.0499529838562 1.0516300201416 1.0555499792099 1.057412981987 -3.4e+38 -3.4e+38 -3.4e+38 -3.4e+38 -3.4e+38 -3.4e+38 -3.4e+38 -3.4e+38 -3.4e+38 -3.4e+38 -3.4e+38 -3.4e+38 -3.4e+38 -3.4e+38 -3.4e+38 -3.4e+38 -3.4e+38 -3.4e+38 -3.4e+38 -3.4e+38 -3.4e+38 -3.4e+38 -3.4e+38 -3.4e+38 -3.4e+38
-3.4e+38 -3.4e+38 -3.4e+38 1.07452094554901 1.08857703208923 1.11410701274872 1.14348602294922 1.15564894676208 1.14856898784637 1.16485702991486 1.18277704715729 1.13332903385162 1.09018898010254 1.0579719543457 1.044193983078 1.03096294403076 1.02900099754333 1.03335094451904 1.04009997844696 1.04578697681427 1.04919803142548 1.04917395114899 -3.4e+38 -3.4e+38 -3.4e+38 -3.4e+38 -3.4e+38 -3.4e+38 -3.4e+38 -3.4e+38 -3.4e+38 -3.4e+38 -3.4e+38 -3.4e+38 -3.4e+38 -3.4e+38 -3.4e+38 -3.4e+38 -3.4e+38 -3.4e+38 -3.4e+38 -3.4e+38 -3.4e+38 -3.4e+38 -3.4e+38 -3.4e+38 -3.4e+38
-3.4e+38 -3.4e+38 -3.4e+38 1.05717301368713 1.07073903083801 1.0905510187149 1.10521996021271 1.09598302841187 1.09344100952148 1.12554001808167 1.18128895759583 1.16962897777557 1.12117803096771 1.06771004199982 1.0541410446167 1.03450703620911 1.02968394756317 1.03100299835205 1.03485798835754 1.03669798374176 1.04975998401642 1.05124998092651 1.04632103443146 1.04667496681213 -3.4e+38 -3.4e+38 -3.4e+38 -3.4e+38 -3.4e+38 -3.4e+38 -3.4e+38 -3.4e+38 -3.4e+38 -3.4e+38 -3.4e+38 -3.4e+38 -3.4e+38 -3.4e+38 -3.4e+38 -3.4e+38 -3.4e+38 -3.4e+38 -3.4e+38 -3.4e+38 -3.4e+38 -3.4e+38 -3.4e+38
1.11604702472687 1.09046304225922 1.0959769487381 1.06023395061493 1.05794405937195 1.07401299476624 1.08765602111816 1.08078300952911 1.09064102172852 1.14615297317505 1.18176603317261 1.15225899219513 1.11682796478271 1.07697701454163 1.06080996990204 1.04360795021057 1.0361100435257 1.02955305576324 1.03114902973175 1.03158605098724 1.03677201271057 1.04610002040863 1.0458699464798 1.04226303100586 -3.4e+38 -3.4e+38 -3.4e+38 -3.4e+38 -3.4e+38 -3.4e+38 -3.4e+38 -3.4e+38 -3.4e+38 -3.4e+38 -3.4e+38 -3.4e+38 -3.4e+38 -3.4e+38 -3.4e+38 -3.4e+38 -3.4e+38 -3.4e+38 -3.4e+38 -3.4e+38 -3.4e+38 -3.4e+38 -3.4e+38
1.1829320192337 1.14528894424438 1.12251901626587 1.10084497928619 1.05499005317688 1.07012403011322 1.06930005550385 1.06858003139496 1.08599102497101 1.11399304866791 1.14480400085449 1.12749803066254 1.10188901424408 1.07531905174255 1.06445300579071 1.0512570142746 1.03673505783081 1.02896404266357 1.02999198436737 1.02962505817413 1.03046202659607 1.0348869562149 1.03639698028564 1.03897297382355 -3.4e+38 -3.4e+38 -3.4e+38 -3.4e+38 -3.4e+38 -3.4e+38 -3.4e+38 -3.4e+38 -3.4e+38 -3.4e+38 -3.4e+38 -3.4e+38 -3.4e+38 -3.4e+38 -3.4e+38 -3.4e+38 -3.4e+38 -3.4e+38 -3.4e+38 -3.4e+38 -3.4e+38 -3.4e+38 -3.4e+38
1.19473600387573 1.19234299659729 1.16721200942993 1.10998702049255 1.07212197780609 1.0655130147934 1.06041300296783 1.06704103946686 1.06981003284454 1.08502697944641 1.08694899082184 1.07863700389862 1.06819999217987 1.05709195137024 1.04698204994202 1.04200100898743 1.03603196144104 1.03486096858978 1.03472805023193 1.02961802482605 1.0291839838028 1.03246295452118 1.0335099697113 -3.4e+38 -3.4e+38 1.04545402526855 1.05000495910645 1.05025601387024 1.05158698558807 1.05031800270081 1.04585599899292 -3.4e+38 -3.4e+38 -3.4e+38 -3.4e+38 -3.4e+38 -3.4e+38 -3.4e+38 -3.4e+38 -3.4e+38 -3.4e+38 -3.4e+38 -3.4e+38 -3.4e+38 -3.4e+38 -3.4e+38 -3.4e+38
1.23523902893066 1.18684101104736 1.13579297065735 1.09957301616669 1.07712197303772 1.0618599653244 1.05314600467682 1.05449295043945 1.05970001220703 1.06625401973724 1.06993103027344 1.06121695041656 1.05949294567108 1.05907595157623 1.04988300800323 1.04250800609589 1.04295802116394 1.04144597053528 1.03492701053619 1.02652096748352 1.02589499950409 1.02905201911926 1.02847301959991 1.02992498874664 1.03234601020813 1.04032397270203 1.04718101024628 1.04900097846985 1.04733502864838 1.04536998271942 1.04100596904755 1.03356897830963 -3.4e+38 -3.4e+38 -3.4e+38 -3.4e+38 -3.4e+38 -3.4e+38 -3.4e+38 -3.4e+38 -3.4e+38 -3.4e+38 -3.4e+38 -3.4e+38 -3.4e+38 -3.4e+38 -3.4e+38
1.24039804935455 1.20387196540833 1.15553903579712 1.12883794307709 1.12107300758362 1.08376896381378 1.06931102275848 1.05474197864532 1.05561804771423 1.065181016922 1.06481897830963 1.05598402023315 1.0548290014267 1.04994595050812 1.04430997371674 1.04255497455597 1.04413402080536 1.03739905357361 1.0305449962616 1.02355098724365 1.02078294754028 1.02129197120667 1.02266502380371 1.02268600463867 1.02437198162079 1.0305700302124 1.0389130115509 1.04242098331451 1.04377698898315 1.04331696033478 1.04091501235962 1.03127801418304 1.02839803695679 -3.4e+38 -3.4e+38 -3.4e+38 -3.4e+38 -3.4e+38 -3.4e+38 -3.4e+38 -3.4e+38 -3.4e+38 -3.4e+38 -3.4e+38 -3.4e+38 -3.4e+38 -3.4e+38
1.28006398677826 1.24974203109741 1.21933102607727 1.16760098934174 1.11342394351959 1.08332002162933 1.08664798736572 1.06026601791382 1.05241298675537 1.06200301647186 1.06045496463776 1.05280101299286 1.04922103881836 1.04384899139404 1.04342401027679 1.04572594165802 1.04209399223328 1.03792297840118 1.03031504154205 1.0247939825058 1.01861798763275 1.01491594314575 1.01716804504395 1.01770102977753 1.01571297645569 1.01893401145935 1.02900397777557 1.03355097770691 1.0385650396347 1.04019200801849 1.03440701961517 1.03118503093719 1.02902901172638 -3.4e+38 -3.4e+38 -3.4e+38 -3.4e+38 -3.4e+38 -3.4e+38 -3.4e+38 -3.4e+38 -3.4e+38 -3.4e+38 -3.4e+38 -3.4e+38 -3.4e+38 -3.4e+38
1.30508697032928 1.24176704883575 1.22215497493744 1.16595900058746 1.10903298854828 1.0789760351181 1.07272803783417 1.0613169670105 1.04746305942535 1.04647696018219 1.04861497879028 1.04337799549103 1.03702795505524 1.0379730463028 1.04179394245148 1.04149997234344 1.03848099708557 1.03614795207977 1.03207802772522 1.02637696266174 1.01973795890808 1.01935803890228 1.01781094074249 1.01673400402069 1.01766300201416 1.01966595649719 1.02262902259827 1.02890598773956 1.03246200084686 1.03621995449066 1.03199601173401 1.02928197383881 -3.4e+38 -3.4e+38 -3.4e+38 -3.4e+38 -3.4e+38 -3.4e+38 -3.4e+38 -3.4e+38 -3.4e+38 -3.4e+38 -3.4e+38 -3.4e+38 -3.4e+38 -3.4e+38 -3.4e+38
1.27972304821014 1.24938797950745 1.20505499839783 1.16915702819824 1.11148202419281 1.08275401592255 1.06972205638885 1.06699800491333 1.04982602596283 1.04768300056458 1.04463696479797 1.04397404193878 1.03751504421234 1.0410350561142 1.03929698467255 1.04080998897552 1.03819394111633 1.03616297245026 1.03471505641937 1.02793705463409 1.02724194526672 1.02860403060913 1.02825903892517 1.02686595916748 1.02293300628662 1.01804304122925 1.01935005187988 1.02451801300049 1.02672600746155 1.02683198451996 1.02788496017456 1.02635097503662 -3.4e+38 -3.4e+38 -3.4e+38 -3.4e+38 -3.4e+38 -3.4e+38 -3.4e+38 -3.4e+38 -3.4e+38 -3.4e+38 -3.4e+38 -3.4e+38 -3.4e+38 -3.4e+38 -3.4e+38
1.26466000080109 1.2522200345993 1.20445501804352 1.20544505119324 1.13125097751617 1.10364103317261 1.08243596553802 1.06753504276276 1.05442905426025 1.06177496910095 1.06665098667145 1.05193102359772 1.0436999797821 1.03992795944214 1.03510499000549 1.03761601448059 1.03976500034332 1.04053997993469 1.04402899742126 1.04491102695465 1.04337596893311 1.04244804382324 1.04030799865723 1.03465604782104 1.02547097206116 1.01874101161957 1.01807105541229 1.01798605918884 1.02167105674744 1.02070295810699 -3.4e+38 -3.4e+38 -3.4e+38 -3.4e+38 -3.4e+38 -3.4e+38 -3.4e+38 -3.4e+38 -3.4e+38 -3.4e+38 -3.4e+38 -3.4e+38 -3.4e+38 -3.4e+38 -3.4e+38 -3.4e+38 1.05937397480011
1.25431299209595 1.23641395568848 1.22522294521332 1.18988800048828 1.12406694889069 1.11575400829315 1.10236001014709 1.07274699211121 1.07374095916748 1.0772670507431 1.05799400806427 1.04358899593353 1.03637504577637 1.03790998458862 1.04253900051117 1.0449550151825 1.04520499706268 1.04940700531006 1.05280995368958 1.05243802070618 1.05060195922852 1.04174304008484 1.04090297222137 1.03667902946472 1.02982199192047 1.02227699756622 1.0160870552063 1.01528203487396 1.02039098739624 -3.4e+38 -3.4e+38 -3.4e+38 -3.4e+38 -3.4e+38 -3.4e+38 -3.4e+38 -3.4e+38 -3.4e+38 -3.4e+38 -3.4e+38 -3.4e+38 -3.4e+38 -3.4e+38 -3.4e+38 1.05618798732758 1.05731499195099 1.06447398662567
1.20538699626923 1.18356394767761 1.17160701751709 1.1495349407196 1.12237405776978 1.11074495315552 1.0922110080719 1.08635401725769 1.08528697490692 1.06557404994965 1.05629396438599 1.04997396469116 1.05211699008942 1.05392301082611 1.05549395084381 1.05761694908142 1.06054997444153 1.05186295509338 1.04729604721069 1.04291903972626 1.04371201992035 1.03550505638123 1.03451502323151 1.03586804866791 1.0334529876709 1.0263819694519 1.01768600940704 1.01488494873047 -3.4e+38 -3.4e+38 -3.4e+38 -3.4e+38 -3.4e+38 -3.4e+38 -3.4e+38 -3.4e+38 -3.4e+38 -3.4e+38 -3.4e+38 -3.4e+38 -3.4e+38 -3.4e+38 -3.4e+38 1.05454802513123 1.0568710565567 1.06183004379272 1.06343901157379
1.15900504589081 1.1447319984436 1.14303994178772 -3.4e+38 1.11195194721222 1.11299395561218 1.10359597206116 1.09559500217438 1.08578300476074 1.0706000328064 1.07392394542694 1.07365000247955 1.06884300708771 1.0689959526062 1.07023394107819 1.06989300251007 1.06839799880981 1.06668496131897 1.05046999454498 1.03925895690918 1.04046201705933 1.04136300086975 1.04284298419952 1.043869972229 1.04288697242737 1.0395040512085 1.03508198261261 1.03619205951691 -3.4e+38 1.02427005767822 -3.4e+38 -3.4e+38 -3.4e+38 -3.4e+38 -3.4e+38 -3.4e+38 -3.4e+38 -3.4e+38 -3.4e+38 -3.4e+38 -3.4e+38 -3.4e+38 1.05768001079559 1.05524599552155 1.05650496482849 1.06203305721283 1.06356203556061
