"Variables"	"Comp.1"	"Comp.2"	"Comp.3"	"Comp.4"	"Comp.5"	"Comp.6"	"Comp.7"	"Comp.8"	"Comp.9"	"Comp.10"	"Comp.11"	"Comp.12"	"Comp.13"	"Comp.14"	"Comp.15"	"Comp.16"	"Comp.17"	"Comp.18"	"Comp.19"
"bio1"	"0.0197068535272115"	"0.367465655710294"	"0.173073097077517"	"0.158464870503165"	"0.0167165203432525"	"0.0975728209678602"	"0.157915968503493"	"0.166820408605429"	"0.0262746545521081"	"0.0122428379430089"	"0.0662799925392288"	"0.086919328265698"	"0.188148840018974"	"0.172883962205514"	"0.04993609127168"	"0.383653554538263"	"0.719608439118935"	"0.0367661481719033"	"1.74023263962638e-09"
"bio10"	"-0.142753666908087"	"0.310958112288224"	"0.123465063695335"	"0.326154606521693"	"-0.105752192736766"	"0.222242788459369"	"0.172728955045837"	"0.159477349598137"	"0.0698520412354276"	"0.0681875035055942"	"0.192584138844419"	"0.0535845572501191"	"0.207590047237613"	"0.16771328908485"	"0.0208229716123048"	"0.128372917719678"	"-0.526806682492571"	"-0.479910030020696"	"-8.48220969874001e-08"
"bio11"	"0.13751523925599"	"0.34547198568338"	"0.161298463343405"	"-0.0230929239065775"	"0.106422760632982"	"0.018445444911782"	"0.0857284257843699"	"0.110359664241401"	"0.0138300358033203"	"-0.0756906732144291"	"-0.119141495949289"	"-0.0374670540975199"	"-0.0228188915702963"	"-0.0892607065552487"	"0.0800900584479248"	"0.301026741862663"	"-0.421708928095971"	"0.706481843579622"	"1.42896410795868e-07"
"bio12"	"0.344087658839027"	"-0.0458235400026039"	"-0.10640029270543"	"0.203284409248279"	"-0.103793109550941"	"0.0249367954984532"	"-0.046687998414124"	"-0.0116958131199614"	"-0.112960520809816"	"0.17626564093434"	"-0.318193076091031"	"-0.589903656803287"	"0.110651390098044"	"0.371278115150553"	"-0.406641396528515"	"0.0659004294945325"	"-0.0167501942047858"	"0.00350070883723702"	"-3.20949433802131e-09"
"bio13"	"0.313649693353365"	"-0.00246151545603166"	"-0.291122630264636"	"0.276582794791906"	"0.077517643914619"	"-0.00719225524243684"	"-0.0328171147157598"	"0.127440913274276"	"-0.313151171880407"	"-0.466527824833904"	"0.278553688262408"	"0.16989063585344"	"0.180469840423078"	"-0.342831605874505"	"-0.379569255287954"	"0.0249968998585017"	"0.000231845434112663"	"-0.00459072246868776"	"1.98273814548068e-09"
"bio14"	"0.302450785562721"	"-0.127619642846377"	"0.220840152897942"	"0.0896056007430217"	"-0.290248290703853"	"-0.0568314581130388"	"0.175610571864599"	"-0.195215802935216"	"0.464050157727637"	"-0.289368883038572"	"0.188728948969232"	"0.1753177907081"	"-0.443089651595019"	"0.243785714371413"	"-0.228886708561156"	"0.0708444852462436"	"-0.0108603883281503"	"0.017241608489993"	"7.1884417497755e-10"
"bio15"	"-0.0587272254755686"	"0.173028657640409"	"-0.574793268807246"	"0.0865389169549318"	"0.428899669340366"	"-0.101651085152917"	"0.331725819014028"	"-0.218359691130121"	"0.506456134429627"	"0.0196230880059615"	"0.0096426840662079"	"-0.122226960517581"	"0.0546970142278955"	"-0.0262804735172534"	"2.54690702151492e-05"	"-0.0291498835739379"	"0.0166374188418759"	"0.000909828046606206"	"-2.00691882503868e-09"
"bio16"	"0.320121363925022"	"-0.0073370596325307"	"-0.277648172465369"	"0.260836732016308"	"0.0655463371346328"	"0.00802672575056664"	"-0.0242951286460082"	"0.130039467814686"	"-0.256920847308843"	"-0.0950459426031938"	"0.0864076464515087"	"-0.00826090146597675"	"-0.31039077344942"	"0.347285034859353"	"0.646197819216657"	"-0.115587487973188"	"-0.00465841463543481"	"0.00179166971451536"	"5.79426465575506e-09"
"bio17"	"0.312514653511213"	"-0.112086614770567"	"0.207106079268896"	"0.105308527604952"	"-0.286467078283083"	"-0.0337928388023815"	"0.113509169386796"	"-0.192037514424027"	"0.233263488656952"	"-0.154726879452199"	"-0.036066521981616"	"-0.262318096368528"	"0.492257020951901"	"-0.330725107323307"	"0.421503040509768"	"-0.15231812013031"	"0.0391765585560979"	"-0.0161229566992803"	"-1.5481214781234e-09"
"bio18"	"0.231049815518051"	"-0.25222552974748"	"0.107553684295261"	"0.211948509873385"	"0.0710567489106654"	"-0.243941845343674"	"0.526656671453792"	"-0.00752864207793441"	"-0.209815843196017"	"0.55404823264391"	"-0.069742287870633"	"0.288355280628507"	"-0.0515547801955175"	"-0.194929091257199"	"-0.0395459307077552"	"0.0508524317463785"	"-0.0267623016807737"	"0.00121637968440626"	"-1.26539254707092e-09"
"bio19"	"0.299649309406569"	"0.114012012924808"	"-0.236260793061426"	"0.13568232641191"	"-0.167967925305775"	"0.23301169436419"	"-0.529900356608022"	"0.0378840784833929"	"0.326094327058805"	"0.390557411231312"	"-0.168929143023776"	"0.358019702671836"	"-0.0101642057819007"	"-0.194403959378083"	"0.0092418417324934"	"0.0679825354029292"	"0.00672475868519222"	"-0.00303268101431615"	"-6.06322387391162e-09"
"bio2"	"-0.186978063863887"	"0.217649633713751"	"-0.185837740322311"	"0.104713294351271"	"-0.37622274953384"	"-0.639243681774391"	"-0.0278656008917076"	"-0.0175437737709583"	"-0.0501132452018391"	"-0.168864506453656"	"-0.379281743349984"	"0.287202712675745"	"0.165264258453229"	"0.181485535818719"	"0.00578325173423941"	"-0.0387861220890935"	"-0.040845625447902"	"0.0092160761198823"	"8.26398659640929e-09"
"bio3"	"0.160933044777088"	"0.29964924225341"	"0.0229626850138786"	"-0.185637365508224"	"-0.0865620236559891"	"-0.51361551929786"	"-0.194837775361448"	"0.113233712423227"	"0.0333316472827165"	"0.304690444522507"	"0.591011012114369"	"-0.267628141171249"	"-0.0590542745390665"	"-0.0727911448480834"	"-0.0278029038180896"	"-0.0433982672198543"	"-0.00286500609470769"	"-0.0304658971768505"	"-1.13180752945556e-08"
"bio4"	"-0.280430816033068"	"-0.184620785130524"	"-0.0989382329459942"	"0.287507577253633"	"-0.213995304143221"	"0.156977053744258"	"0.012411264939821"	"-0.00152628136270699"	"0.0431671609006056"	"0.186056938021525"	"0.371185846988617"	"0.0914051888582407"	"0.262680710637127"	"0.260387958552848"	"-0.0846852183416392"	"-0.361137921371327"	"0.0346099840834701"	"0.515775801965237"	"1.0789445582932e-07"
"bio5"	"-0.181001574672849"	"0.296748106868387"	"0.0512039900722479"	"0.310716937962444"	"-0.184172108747585"	"0.089149296981082"	"0.112591665621097"	"0.125101529673085"	"-0.011781311466825"	"-3.71682618987117e-05"	"-0.150988115875932"	"-0.218703168239122"	"-0.404107803177964"	"-0.354950178189689"	"-0.0643557947789113"	"-0.340147360164279"	"0.127918918001416"	"0.0146510936976694"	"-0.461885327689203"
"bio6"	"0.160881772649543"	"0.327584684710369"	"0.190786129939418"	"-0.0350232427334084"	"0.136144438257495"	"0.0685469880819267"	"0.0853658101277561"	"0.117680976592019"	"0.0163771179413572"	"-0.0156689891811856"	"-0.148813727980928"	"0.0828786203413361"	"-0.0393542081914938"	"0.0153981184602325"	"-0.118728565896464"	"-0.57116164662385"	"0.0553645520221684"	"-0.0193993343113744"	"0.640102790330999"
"bio7"	"-0.303907305844069"	"-0.118290878894943"	"-0.160392403494483"	"0.270274454939134"	"-0.28050133902724"	"-0.00439837567653367"	"-0.00429753842525016"	"-0.0285779960031726"	"-0.0259381676578682"	"0.0163085899193313"	"0.0415620655082389"	"-0.250944691635812"	"-0.262988259289038"	"-0.283090873293627"	"0.0753705429079201"	"0.339594866988881"	"0.0385129262864535"	"0.031247826870988"	"0.613946546432073"
"bio8"	"-0.113045314884863"	"-0.0540469264301431"	"0.391479154901465"	"0.536106040811714"	"0.476998624588095"	"-0.258300020237167"	"-0.40298612513834"	"-0.289289420269899"	"0.0421800637958217"	"-0.029288389752825"	"-0.0119823386491136"	"-0.0113399681942224"	"-0.01037081936519"	"0.0154057119564746"	"0.00593204410557659"	"0.00112846314738543"	"-0.00254048142519815"	"-0.00208600326131846"	"-2.3927483526906e-09"
"bio9"	"0.0449762501743968"	"0.35752912424776"	"-0.0577134147781388"	"-0.0765777922235758"	"-0.138254647149629"	"0.187197624326429"	"0.0288281976854531"	"-0.806209471064385"	"-0.363936661665163"	"0.0825690651218143"	"0.0993146580744081"	"0.0719182210849953"	"-0.0388418337956199"	"0.00972814797586282"	"-0.00462525859121021"	"0.00691613297915017"	"0.00375036545278135"	"0.00178868091522322"	"1.93577276365674e-09"
