ENMTML/Sub_vars/Predictors/EUR_only/bio33.asc
NCOLS 411 
NROWS 214 
XLLCORNER -11.5 
YLLCORNER 35.666666666112 
CELLSIZE 0.166666666666667 
NODATA_value -3.4e+38 
[rows 100 to 119 of 214, columns 138 to 183 of 411]
-3.4e+38 -3.4e+38 -3.4e+38 -3.4e+38 -3.4e+38 -3.4e+38 -3.4e+38 -3.4e+38 -3.4e+38 -3.4e+38 0.657157480716705 0.646970987319946 0.675460517406464 -3.4e+38 -3.4e+38 -3.4e+38 -3.4e+38 -3.4e+38 -3.4e+38 -3.4e+38 -3.4e+38 -3.4e+38 -3.4e+38 -3.4e+38 -3.4e+38 -3.4e+38 -3.4e+38 -3.4e+38 -3.4e+38 -3.4e+38 0.689620912075043 0.679184019565582 0.679829895496368 0.689742922782898 0.713016986846924 0.727282226085663 0.729418575763702 0.746368706226349 0.762334704399109 0.751872777938843 0.75029730796814 0.726251304149628 -3.4e+38 -3.4e+38 -3.4e+38 -3.4e+38
-3.4e+38 -3.4e+38 -3.4e+38 -3.4e+38 -3.4e+38 -3.4e+38 0.716490924358368 0.695428371429443 0.677683770656586 0.67503958940506 0.658498406410217 0.650429725646973 0.640603482723236 -3.4e+38 -3.4e+38 -3.4e+38 -3.4e+38 -3.4e+38 -3.4e+38 -3.4e+38 -3.4e+38 -3.4e+38 -3.4e+38 -3.4e+38 -3.4e+38 -3.4e+38 -3.4e+38 -3.4e+38 -3.4e+38 0.711239397525787 0.705454528331757 0.694618582725525 0.694854319095612 0.706944823265076 0.731016516685486 0.742692172527313 0.764776706695557 0.778048098087311 0.793740928173065 0.787957072257996 0.780847072601318 0.756535410881042 0.730320394039154 0.697113215923309 -3.4e+38 -3.4e+38
-3.4e+38 -3.4e+38 -3.4e+38 -3.4e+38 0.743456482887268 0.727171897888184 0.713235080242157 0.701135873794556 0.686309993267059 0.672856092453003 0.66261351108551 0.650407671928406 -3.4e+38 -3.4e+38 -3.4e+38 -3.4e+38 -3.4e+38 -3.4e+38 -3.4e+38 -3.4e+38 -3.4e+38 -3.4e+38 -3.4e+38 -3.4e+38 -3.4e+38 0.662861227989197 0.698733627796173 0.739256620407104 0.744184374809265 0.736241281032562 0.729275822639465 0.712963700294495 0.713967084884644 0.7344890832901 0.737263679504395 0.750749409198761 0.771556317806244 0.789731919765472 0.793053388595581 0.78895378112793 0.782144904136658 0.760436475276947 0.705987095832825 0.680971682071686 0.681443989276886 0.681322693824768
0.75105232000351 0.769498825073242 0.765270173549652 0.739183902740479 0.739125311374664 0.735128998756409 0.710807919502258 0.689263820648193 0.679560124874115 0.673150718212128 0.665234208106995 0.659168183803558 0.647435128688812 0.620858788490295 0.605546772480011 -3.4e+38 -3.4e+38 -3.4e+38 -3.4e+38 -3.4e+38 0.597630083560944 0.606853902339935 0.609928727149963 0.615054488182068 0.63112872838974 0.666452884674072 0.697774291038513 0.732790529727936 0.752370774745941 0.752460777759552 0.751844823360443 0.75514018535614 0.738420128822327 0.752386093139648 0.758996307849884 0.766313314437866 0.765911221504211 0.764337480068207 0.754365622997284 0.750638723373413 0.744466781616211 0.732393085956573 0.702091872692108 0.68101578950882 0.669631779193878 0.67473042011261
0.734363615512848 0.753466188907623 0.735435783863068 0.715742886066437 0.716200828552246 0.711011528968811 0.700518906116486 0.687241971492767 0.6710125207901 0.661261081695557 0.650446474552155 0.645228683948517 0.634024024009705 0.616077482700348 0.588100373744965 0.582320272922516 0.568608105182648 0.580055117607117 0.58304101228714 0.581172585487366 0.592322826385498 0.606342017650604 0.613365828990936 0.635011911392212 0.656482815742493 0.680223226547241 0.703281879425049 0.7201327085495 0.730401694774628 0.75295090675354 0.753974676132202 0.75383460521698 0.753269612789154 0.741128385066986 0.736403405666351 0.730428218841553 0.731866002082825 0.730960428714752 0.723297595977783 0.725440084934235 0.712243020534515 0.7014319896698 0.688697516918182 0.66882187128067 0.666984677314758 0.680905520915985
0.709774911403656 0.708476006984711 0.70498251914978 0.702433407306671 0.698750019073486 0.702887415885925 0.679797410964966 0.674440920352936 0.676378071308136 0.676443099975586 0.654796183109283 0.631233096122742 0.615555226802826 0.597450017929077 0.58935022354126 0.570937693119049 0.564921379089355 -3.4e+38 0.567320227622986 0.587904810905457 0.595986485481262 0.61025482416153 0.618987917900085 0.645411312580109 0.669218182563782 0.688679695129395 0.724305272102356 0.741855680942535 0.737159073352814 0.733397781848907 0.730863690376282 0.719255089759827 0.72097772359848 0.719988524913788 0.714204072952271 0.716366171836853 0.712014079093933 0.704065203666687 0.697516620159149 0.697388172149658 0.686284780502319 0.683117628097534 0.676485896110535 0.66242790222168 0.652629613876343 0.682374775409698
0.685491681098938 0.688029289245605 0.69130277633667 0.689382314682007 0.69044440984726 0.688267529010773 0.684190094470978 0.670497715473175 0.672152817249298 0.657199621200562 0.64106810092926 0.639138996601105 0.629460573196411 0.605790376663208 0.586996078491211 0.56893527507782 0.566520273685455 0.57124537229538 0.570158302783966 0.57341331243515 0.594328820705414 0.610069513320923 0.63149482011795 0.648870527744293 0.658434092998505 0.6791632771492 0.70147031545639 0.713388025760651 0.725134372711182 0.716423690319061 0.712412893772125 0.709178626537323 0.698296129703522 0.702981293201447 0.702791213989258 0.696139872074127 0.69037652015686 0.679469227790833 0.672964513301849 0.6722332239151 0.665542483329773 0.659332096576691 0.651098728179932 0.626052618026733 0.655394017696381 0.665086388587952
0.651984691619873 0.667350172996521 0.663089096546173 0.666185021400452 0.674195826053619 0.67623770236969 0.661004483699799 0.655422210693359 0.656096518039703 0.648301601409912 0.642501771450043 0.647832214832306 0.634013295173645 0.606492519378662 0.580231010913849 0.581414401531219 0.566380620002747 0.57515949010849 0.570095002651215 0.571233928203583 0.575788915157318 0.597336173057556 0.611336886882782 0.640009701251984 0.659887671470642 0.664080679416656 0.675660490989685 0.696294486522675 0.701694786548615 0.687065005302429 0.68487137556076 0.680699288845062 0.672712206840515 0.677305817604065 0.672404289245605 0.664462625980377 0.661895394325256 0.66231632232666 0.647292673587799 0.646415710449219 0.640072524547577 0.621924817562103 0.620393216609955 0.623411118984222 0.640869319438934 0.6441410779953
0.629417717456818 0.628408789634705 0.64311420917511 0.640159428119659 0.658278226852417 0.647176623344421 0.641164779663086 0.637211918830872 0.631075382232666 0.626645624637604 0.623509705066681 0.624779284000397 0.610928475856781 0.589863002300262 0.579998791217804 0.569098174571991 0.567417085170746 0.558738112449646 0.569413781166077 0.574085474014282 0.56844562292099 0.573730885982513 0.589260101318359 0.601398289203644 0.628892600536346 0.64018452167511 0.647909104824066 0.652266204357147 0.669968605041504 0.667427480220795 0.668386518955231 0.652037620544434 0.646577417850494 0.642760992050171 0.639769911766052 0.640427827835083 0.636108219623566 0.637694299221039 0.626935005187988 0.622905671596527 0.609404623508453 0.607225716114044 0.617912471294403 0.623885989189148 0.629035890102386 0.631916403770447
0.600568175315857 0.600921094417572 0.608778476715088 0.614396393299103 0.621305227279663 0.613444685935974 0.612478613853455 0.620540082454681 0.609599828720093 0.606872618198395 0.596970617771149 0.589726626873016 0.584804177284241 0.584607124328613 0.571168422698975 0.554885625839233 0.547285318374634 0.554048299789429 0.572369515895844 0.578272581100464 0.57427191734314 0.579598009586334 0.582745313644409 0.593819975852966 0.604393303394318 0.614046394824982 0.621424376964569 0.625588178634644 0.639468312263489 0.639081478118896 0.624917089939117 0.623201310634613 0.621621608734131 0.617049276828766 0.615690112113953 0.610977828502655 0.608156085014343 0.599067389965057 0.595353484153748 0.593452990055084 0.588492095470428 0.581170320510864 0.592293381690979 0.600476324558258 0.604397714138031 0.612689018249512
0.579190313816071 0.573015689849854 0.573313474655151 0.581181585788727 0.581436991691589 0.576057612895966 0.575450122356415 0.577144622802734 0.575461387634277 0.577601611614227 0.572304427623749 0.564032316207886 0.568240284919739 0.563267529010773 0.553171873092651 0.540746092796326 0.552847683429718 0.552731513977051 0.567255675792694 0.568260490894318 0.561369180679321 0.574216485023499 0.579208612442017 0.581687211990356 0.590065717697144 0.592403709888458 0.591158390045166 0.588333010673523 0.598809599876404 0.602387011051178 0.6092169880867 0.614847004413605 0.609560608863831 0.607686519622803 0.605415821075439 0.606448471546173 0.602879405021667 0.597311079502106 0.590257823467255 0.587376296520233 0.581355929374695 0.578841090202332 0.577497899532318 0.574267089366913 0.588396906852722 0.602120995521545
0.560365080833435 0.554068922996521 0.555202126502991 0.553003787994385 0.545854270458221 0.551042079925537 0.552418172359467 0.546426713466644 0.54833722114563 0.552002608776093 0.552302777767181 0.558140814304352 0.551966726779938 0.550440311431885 0.559449315071106 0.534499526023865 0.521353483200073 0.535362482070923 0.544353783130646 0.550448715686798 0.552294909954071 0.556974828243256 0.548384070396423 0.553017377853394 0.554357171058655 0.568454384803772 0.575272083282471 0.584499418735504 0.587281227111816 0.587020516395569 0.586860775947571 0.583104372024536 0.584341883659363 0.590158522129059 0.589123725891113 0.596322774887085 0.593858182430267 0.588417172431946 0.58516401052475 0.579348087310791 0.569450616836548 0.569042086601257 0.574417471885681 0.577310919761658 0.572132408618927 0.58587521314621
0.553030490875244 0.540393114089966 0.535994589328766 0.535992026329041 0.538097202777863 0.532925128936768 0.529920697212219 0.532199382781982 0.528405785560608 0.529622316360474 0.534931123256683 0.536310613155365 0.531675517559052 0.535854279994965 0.543845474720001 0.535432875156403 0.522224307060242 0.514425575733185 0.52118331193924 0.526141822338104 0.525731325149536 0.535037577152252 0.541266679763794 0.544191300868988 0.557344675064087 0.562324583530426 0.572019517421722 0.582347989082336 0.584563314914703 0.587473690509796 0.577880382537842 0.569999873638153 0.572499811649323 0.578246593475342 0.587129175662994 0.586255490779877 0.584872782230377 0.586656928062439 0.575922071933746 0.571352005004883 0.566391825675964 0.561317324638367 0.562447309494019 0.56515908241272 0.567285776138306 0.566689312458038
0.5461305975914 0.527961015701294 0.518854379653931 0.520902872085571 0.519384026527405 0.518772602081299 0.519194006919861 0.518400490283966 0.514256119728088 0.51509952545166 0.518702208995819 0.51326847076416 0.505420386791229 0.511128485202789 0.514941513538361 0.5235276222229 0.530487298965454 0.531078696250916 0.514766275882721 0.54183167219162 0.550260126590729 0.568921089172363 0.583420693874359 0.564783096313477 0.559612095355988 0.561722993850708 0.571490287780762 0.576512515544891 0.58480578660965 0.576767385005951 0.572161614894867 0.565814614295959 0.562017381191254 0.568717777729034 0.572738826274872 0.581404387950897 0.579349517822266 0.571492314338684 0.568157613277435 0.563496112823486 0.559382796287537 0.55181348323822 0.556320786476135 0.562043070793152 0.570316910743713 0.580749213695526
0.511094689369202 0.507284224033356 0.512865304946899 0.518562614917755 0.523776710033417 0.526180922985077 0.521085023880005 0.515359222888947 0.515380918979645 0.507805824279785 0.507203876972198 0.505652010440826 0.505233526229858 0.506155610084534 0.510597229003906 0.523657083511353 0.519489884376526 0.527231216430664 0.521310091018677 0.527444303035736 0.547411620616913 0.561887621879578 0.569184482097626 0.564372479915619 0.564298629760742 0.560782015323639 0.560336291790009 0.568263709545135 0.580220222473145 0.568863689899445 0.565488576889038 0.561206102371216 0.554234623908997 0.558446824550629 0.561537384986877 0.564285099506378 0.562214076519012 0.554713070392609 0.549060821533203 0.552402973175049 0.545937597751617 0.544319689273834 0.551153182983398 0.555834293365479 0.568225383758545 0.574301898479462
0.504247486591339 0.499455004930496 0.507127404212952 0.51846581697464 0.533517897129059 0.556754171848297 0.547953605651855 0.534124612808228 0.521748781204224 0.517946422100067 0.514970302581787 0.515657126903534 0.513892829418182 0.516008317470551 0.512807726860046 0.516833424568176 0.520288825035095 0.54444020986557 0.550493001937866 0.526012182235718 0.539241075515747 0.5406094789505 0.547917306423187 0.547910273075104 0.556272685527802 0.560425817966461 0.555380821228027 0.561474919319153 0.567846894264221 0.566432118415833 0.566143572330475 0.566627204418182 0.564242124557495 0.561420619487762 0.560069382190704 0.560091912746429 0.557153880596161 0.546146810054779 0.546982824802399 0.546001076698303 0.551219820976257 0.555268824100494 0.550043821334839 0.550352871417999 0.557140588760376 0.568247377872467
0.506507396697998 0.499437689781189 0.498961001634598 0.504603326320648 0.513173282146454 0.523199617862701 0.53643262386322 0.536972522735596 0.53603982925415 0.537455201148987 0.543773293495178 0.550395309925079 0.536037623882294 0.52488762140274 0.522225022315979 0.527289211750031 0.535255789756775 0.539102375507355 0.544057726860046 0.536390125751495 0.548128426074982 0.550098299980164 0.558564007282257 0.568400621414185 0.567279994487762 0.559449911117554 0.566394627094269 0.567337572574615 0.574221074581146 0.586969375610352 0.587554514408112 0.579750418663025 0.580419421195984 0.579496622085571 0.580253303050995 0.582250475883484 0.579108595848083 0.567236125469208 0.548423826694489 0.547960102558136 0.55169677734375 0.567118525505066 0.559269487857819 0.559276878833771 0.570168793201447 0.580405294895172
0.53032511472702 0.503486216068268 0.504338204860687 0.504961311817169 0.507279872894287 0.517327606678009 0.537216901779175 0.530782222747803 0.5329629778862 0.539860010147095 0.544999778270721 0.561184227466583 0.567358076572418 0.555742383003235 0.557227075099945 0.543113529682159 0.545138597488403 0.548399388790131 0.548845171928406 0.559386312961578 0.568230211734772 0.57631117105484 0.575466275215149 0.585478782653809 0.582838118076324 0.578240513801575 0.577210307121277 0.582761883735657 0.58611261844635 0.587089776992798 0.589875280857086 0.592413723468781 0.591289222240448 0.600193679332733 0.589247703552246 0.592891216278076 0.595291376113892 0.584894418716431 0.564173817634583 0.553453028202057 0.555463790893555 0.56544017791748 0.568248987197876 0.572399914264679 0.586835920810699 0.59718930721283
0.568827271461487 0.543094873428345 0.52446848154068 0.512944221496582 0.509970903396606 0.514875710010529 0.534184217453003 0.551186680793762 0.549454987049103 0.555169820785522 0.559950828552246 0.572494983673096 0.575603783130646 0.586121082305908 0.587016820907593 0.57688182592392 0.577054381370544 0.578603208065033 0.586349785327911 0.590219676494598 0.598100483417511 0.61098712682724 0.598609089851379 0.600306510925293 0.607402622699738 0.616654694080353 0.619210302829742 0.62028568983078 0.5984206199646 0.600847899913788 0.607124209403992 0.601375222206116 0.598800778388977 0.59431928396225 0.600305795669556 0.601180791854858 0.590352177619934 0.581050276756287 0.578189611434937 0.561942100524902 0.56743448972702 0.587911427021027 0.592324078083038 0.587466776371002 0.609131217002869 0.618099927902222
0.579351127147675 0.544371485710144 0.522217392921448 0.511220574378967 0.517128527164459 0.532473385334015 0.543885707855225 0.558403611183167 0.580283522605896 0.590217471122742 0.572483479976654 0.580761671066284 0.593135297298431 0.597707629203796 0.600495517253876 0.602399885654449 0.589004218578339 0.58840548992157 0.592009782791138 0.598118782043457 0.610387206077576 0.617910623550415 0.62431001663208 0.631311178207397 0.635223388671875 0.64158022403717 0.636380910873413 0.640121877193451 0.626027524471283 0.608014404773712 0.618273377418518 0.625068128108978 0.615304291248322 0.613433420658112 0.635394811630249 0.622415781021118 0.622192323207855 0.611330389976501 0.621816277503967 0.591976821422577 0.588347613811493 0.603383481502533 0.612099528312683 0.609467208385468 0.611124515533447 0.629017770290375
