ENMTML/Sub_vars/Predictors/EUR_only/bio33.asc
NCOLS 411 
NROWS 214 
XLLCORNER -11.5 
YLLCORNER 35.666666666112 
CELLSIZE 0.166666666666667 
NODATA_value -3.4e+38 
[rows 80 to 99 of 214, columns 276 to 321 of 411]
0.677378594875336 0.683091223239899 0.68166309595108 0.680264174938202 0.679566204547882 0.674096882343292 0.6644287109375 0.661189317703247 0.660572528839111 0.652314603328705 0.640928387641907 0.635894596576691 0.629379689693451 0.630255699157715 0.645302474498749 0.649380087852478 0.642685174942017 0.640668988227844 0.638357520103455 0.640676379203796 0.641966223716736 0.635060787200928 0.630799472332001 0.626309514045715 0.624649524688721 0.622449278831482 0.625379621982574 0.626940786838531 0.622720777988434 0.619436025619507 0.615786075592041 0.623873472213745 0.610567927360535 0.619219601154327 0.608435928821564 0.596441090106964 0.594961285591125 0.590903580188751 0.590049088001251 0.602339684963226 0.609572887420654 0.610241889953613 0.604173481464386 0.614338517189026 0.615115821361542 0.610787212848663
0.68130499124527 0.681761205196381 0.681946873664856 0.677273511886597 0.676678895950317 0.669940888881683 0.663838922977448 0.65731942653656 0.654848575592041 0.650768518447876 0.645224988460541 0.643645823001862 0.629706382751465 0.629856824874878 0.636697113513947 0.653389513492584 0.646178483963013 0.641679525375366 0.642626821994781 0.640931606292725 0.637312889099121 0.636355578899384 0.633512794971466 0.629068076610565 0.626158177852631 0.624347925186157 0.624429225921631 0.627068698406219 0.627067089080811 0.62323009967804 0.618451178073883 0.611167907714844 0.610117673873901 0.613194584846497 0.597927689552307 0.595132112503052 0.595081388950348 0.596453726291656 0.593131482601166 0.596536099910736 0.605445384979248 0.603459417819977 0.608322322368622 0.6134272813797 0.605966329574585 0.602818012237549
0.683112025260925 0.684100091457367 0.685335516929626 0.690954923629761 0.687513828277588 0.677130997180939 0.666327476501465 0.666283190250397 0.660087883472443 0.65926069021225 0.656167209148407 0.645873188972473 0.641639590263367 0.642144918441772 0.649950683116913 0.655840277671814 0.65347421169281 0.647267997264862 0.640404880046844 0.639218986034393 0.638419210910797 0.63910037279129 0.631817877292633 0.630077421665192 0.631454288959503 0.632283627986908 0.636199474334717 0.632078588008881 0.634340882301331 0.621922791004181 0.609663128852844 0.607437074184418 0.604803919792175 0.601994514465332 0.602043509483337 0.600257873535156 0.609892785549164 0.603365004062653 0.59379518032074 0.590217411518097 0.595225214958191 0.602368474006653 0.606463074684143 0.602679312229156 0.594609797000885 0.591037690639496
0.687384486198425 0.69344562292099 0.688222110271454 0.69424831867218 0.689167082309723 0.686752319335938 0.673988103866577 0.672089219093323 0.665510475635529 0.667596817016602 0.663423120975494 0.661679685115814 0.649463474750519 0.640846788883209 0.644703686237335 0.647134125232697 0.642400979995728 0.643784284591675 0.64543491601944 0.64101767539978 0.637396574020386 0.633289515972137 0.634422421455383 0.639395773410797 0.647259771823883 0.647653222084045 0.63779228925705 0.628324091434479 0.630294919013977 0.631246387958527 0.629230618476868 0.616234481334686 0.620125889778137 0.614090085029602 0.619340717792511 0.611680209636688 0.603774785995483 0.599290788173676 0.606561779975891 0.600924789905548 0.591699123382568 0.59729278087616 0.601612627506256 0.589677572250366 0.584760129451752 0.587042510509491
0.698339998722076 0.686302125453949 0.686015605926514 0.689907610416412 0.690879225730896 0.691435515880585 0.684220790863037 0.670961022377014 0.660838186740875 0.662207424640656 0.65506649017334 0.652603685855865 0.649041175842285 0.645721614360809 0.644606173038483 0.64154177904129 0.644234597682953 0.640276670455933 0.640477478504181 0.636142611503601 0.63908451795578 0.636325180530548 0.64287531375885 0.650291681289673 0.64945787191391 0.639919221401215 0.634603023529053 0.629620313644409 0.618396997451782 0.60617071390152 0.607039988040924 0.610271990299225 0.61434668302536 0.617958724498749 0.615747392177582 0.618304789066315 0.616188824176788 0.612922072410583 0.612730979919434 0.606659471988678 0.598146915435791 0.597340404987335 0.596192121505737 0.596890687942505 0.58669251203537 0.591182708740234
0.698955774307251 0.695432722568512 0.690410315990448 0.685196995735168 0.680158793926239 0.678251683712006 0.673283576965332 0.668241918087006 0.663856387138367 0.659846127033234 0.657861471176147 0.653967022895813 0.651226222515106 0.652237474918365 0.647099316120148 0.645995616912842 0.643675625324249 0.641550481319427 0.639485776424408 0.642047524452209 0.640064299106598 0.643037676811218 0.640838921070099 0.648116588592529 0.664428472518921 0.654792070388794 0.640119314193726 0.639473080635071 0.625138700008392 0.620365023612976 0.623390078544617 0.614747703075409 0.614917874336243 0.616642415523529 0.61831670999527 0.616405606269836 0.616862773895264 0.616319477558136 0.607949614524841 0.606487810611725 0.597817718982697 0.589069306850433 0.58699357509613 0.589157521724701 0.586028218269348 0.578041911125183
0.707806587219238 0.706086695194244 0.697888791561127 0.683492422103882 0.680348813533783 0.672041177749634 0.671331286430359 0.662339627742767 0.658131778240204 0.661147177219391 0.659980177879333 0.653490602970123 0.650867521762848 0.650137007236481 0.651897072792053 0.649083912372589 0.647162675857544 0.646093726158142 0.645960211753845 0.64616322517395 0.644502222537994 0.645679116249084 0.639812171459198 0.640467524528503 0.643336594104767 0.640344202518463 0.637964487075806 0.630692422389984 0.6312655210495 0.626614511013031 0.620540380477905 0.616608917713165 0.611444711685181 0.61504602432251 0.618486523628235 0.617343783378601 0.612947225570679 0.610206484794617 0.60527092218399 0.60436737537384 0.597079575061798 0.585395395755768 0.582343816757202 0.583123385906219 0.581840872764587 0.576126515865326
0.716702222824097 0.701977372169495 0.688625693321228 0.684482574462891 0.678196907043457 0.674313127994537 0.673242211341858 0.671863675117493 0.672250688076019 0.663854479789734 0.660237908363342 0.65671569108963 0.656484305858612 0.654867589473724 0.652051985263824 0.649408102035522 0.647983074188232 0.653668224811554 0.6533163189888 0.649203479290009 0.646807074546814 0.646058797836304 0.643301427364349 0.641250312328339 0.647063076496124 0.641968071460724 0.639631509780884 0.640719175338745 0.631857216358185 0.626831829547882 0.620910406112671 0.613600075244904 0.61077892780304 0.607857823371887 0.604293823242188 0.607413411140442 0.610694408416748 0.607906579971313 0.602466821670532 0.597217619419098 0.594907581806183 0.584347605705261 0.578798174858093 0.581275880336761 0.579856872558594 0.574975311756134
0.719387829303741 0.705064475536346 0.695259511470795 0.691146612167358 0.680995404720306 0.680032312870026 0.679134786128998 0.675938010215759 0.678511083126068 0.659425616264343 0.657469987869263 0.659389793872833 0.661996722221375 0.664083778858185 0.657805919647217 0.649594604969025 0.656122386455536 0.655893385410309 0.653032422065735 0.649075925350189 0.658400595188141 0.652640223503113 0.659424781799316 0.666474103927612 0.654461622238159 0.654240489006042 0.650144100189209 0.651191174983978 0.637818276882172 0.639312982559204 0.626514315605164 0.626708686351776 0.614965975284576 0.60629540681839 0.604138612747192 0.601372003555298 0.604333281517029 0.60350501537323 0.596056282520294 0.592957615852356 0.591632127761841 0.582856714725494 0.577514171600342 0.570449113845825 0.568572819232941 0.569984078407288
0.714103698730469 0.710624217987061 0.700530588626862 0.686982214450836 0.684535086154938 0.676794171333313 0.674408614635468 0.670715928077698 0.664222598075867 0.664106011390686 0.668407082557678 0.669012010097504 0.670282006263733 0.670903921127319 0.669036626815796 0.672697722911835 0.666688621044159 0.658180594444275 0.665707528591156 0.682748913764954 0.683083176612854 0.684075593948364 0.673090696334839 0.664268314838409 0.654161512851715 0.649979829788208 0.645047128200531 0.642199873924255 0.642918229103088 0.634711027145386 0.631706178188324 0.620357096195221 0.623237609863281 0.624168872833252 0.611465513706207 0.600922405719757 0.597359418869019 0.595728874206543 0.591999173164368 0.585622012615204 0.579698920249939 0.583030223846436 0.581074476242065 0.579482793807983 0.564192175865173 0.559687912464142
0.704269170761108 0.702598214149475 0.704639077186584 0.700632989406586 0.690841674804688 0.682449400424957 0.67989182472229 0.675342321395874 0.670242428779602 0.672735989093781 0.681273221969604 0.693382680416107 0.69797682762146 0.689344882965088 0.689319789409637 0.692561328411102 0.696802079677582 0.684838175773621 0.681532979011536 0.682494819164276 0.680935204029083 0.671953022480011 0.675577998161316 0.65959370136261 0.647122025489807 0.637379705905914 0.636335372924805 0.636398077011108 0.637816309928894 0.629955887794495 0.626807987689972 0.623677313327789 0.612984180450439 0.617147386074066 0.610634028911591 0.606074571609497 0.591020405292511 0.588608682155609 0.587392926216125 0.585538923740387 0.586691319942474 0.589398086071014 0.583272516727448 0.576830923557281 0.574030816555023 0.563493490219116
0.707763075828552 0.712507486343384 0.709837019443512 0.71026200056076 0.705850422382355 0.703845977783203 0.696352481842041 0.685659408569336 0.679378390312195 0.702915787696838 0.702239990234375 0.705455482006073 0.697389185428619 0.683643698692322 0.687089622020721 0.696213781833649 0.695521473884583 0.689453721046448 0.681345283985138 0.676320791244507 0.669401228427887 0.660302996635437 0.659404575824738 0.645444989204407 0.635496973991394 0.631086885929108 0.625530481338501 0.624098122119904 0.622289478778839 0.620781183242798 0.604351818561554 0.616513907909393 0.603443920612335 0.593351781368256 0.594484090805054 0.593606173992157 0.595239579677582 0.587749302387238 0.587357997894287 0.595815777778625 0.592845618724823 0.584659099578857 0.580217182636261 0.573282718658447 0.570095002651215 0.564935624599457
0.701151609420776 0.706601917743683 0.715018093585968 0.712676584720612 0.711731016635895 0.704832315444946 0.704150319099426 0.699656784534454 0.693896114826202 0.706195592880249 0.704420626163483 0.70000022649765 0.689251005649567 0.686131477355957 0.686060011386871 0.692887127399445 0.685187876224518 0.678172826766968 0.676925480365753 0.670961022377014 0.662884712219238 0.656350612640381 0.642843782901764 0.63780277967453 0.627317607402802 0.62347000837326 0.615235924720764 0.60809201002121 0.603759229183197 0.606676876544952 0.600317597389221 0.597158372402191 0.590211987495422 0.592820823192596 0.598972916603088 0.598992228507996 0.593488395214081 0.584429323673248 0.580596685409546 0.593334376811981 0.590995609760284 0.582517325878143 0.577622592449188 0.569530010223389 0.563347518444061 0.559941709041595
0.698695719242096 0.692470610141754 0.698823511600494 0.712850689888 0.712522387504578 0.706152021884918 0.701096594333649 0.697663009166718 0.689949929714203 0.688116312026978 0.690439820289612 0.692254900932312 0.69215202331543 0.682778179645538 0.681251406669617 0.677464783191681 0.681349992752075 0.674157619476318 0.670958697795868 0.660143077373505 0.655436813831329 0.64595240354538 0.638586282730103 0.633421182632446 0.626344680786133 0.617429375648499 0.609334826469421 0.605882823467255 0.600574374198914 0.597090482711792 0.591968715190887 0.590603470802307 0.587355375289917 0.588758528232574 0.589300692081451 0.589868485927582 0.590034425258636 0.587831914424896 0.582973599433899 0.582872092723846 0.591718316078186 0.578184127807617 0.576626777648926 0.567168176174164 0.558674991130829 0.549381911754608
0.701431810855865 0.697116315364838 0.696773111820221 0.698383510112762 0.713137984275818 0.712171375751495 0.706827402114868 0.697350084781647 0.684052288532257 0.683959484100342 0.685722589492798 0.689818680286407 0.680688977241516 0.690085113048553 0.682848513126373 0.684258580207825 0.683177828788757 0.676259398460388 0.677385926246643 0.658607125282288 0.646726012229919 0.636066913604736 0.631846904754639 0.627037703990936 0.622427999973297 0.612192928791046 0.604790687561035 0.603646576404572 0.60168582201004 0.593210220336914 0.585945904254913 0.585861623287201 0.583330988883972 0.582705676555634 0.581462919712067 0.578213274478912 0.580714285373688 0.581526398658752 0.581687927246094 0.577505171298981 0.587479829788208 0.575484395027161 0.572739720344543 0.568453788757324 0.556745588779449 0.549165725708008
0.71127462387085 0.711523711681366 0.700510382652283 0.700531005859375 0.709915220737457 0.718330085277557 0.710307478904724 0.699698209762573 0.690459370613098 0.686061084270477 0.681735515594482 0.687579095363617 0.680511772632599 0.680386781692505 0.683041512966156 0.683081388473511 0.673919081687927 0.667287170886993 0.660876274108887 0.654327094554901 0.647728085517883 0.638453483581543 0.625627815723419 0.612263083457947 0.608378171920776 0.605099618434906 0.603560924530029 0.600864410400391 0.589019477367401 0.58862578868866 0.585353374481201 0.585317313671112 0.577565729618073 0.577439785003662 0.574776411056519 0.577217519283295 0.577724814414978 0.571686089038849 0.57565039396286 0.569922089576721 0.578577220439911 0.573502779006958 0.569676220417023 0.566465079784393 0.553407728672028 0.541855216026306
0.706233084201813 0.703048527240753 0.709218680858612 0.699675977230072 0.706785678863525 0.705874979496002 0.705004274845123 0.692377209663391 0.690792918205261 0.684936821460724 0.679675281047821 0.676500618457794 0.675583720207214 0.674394190311432 0.677038013935089 0.678794324398041 0.674992382526398 0.66621458530426 0.660383522510529 0.65665191411972 0.648964524269104 0.635486006736755 0.623287320137024 0.614612579345703 0.605728328227997 0.59893137216568 0.599689722061157 0.598385512828827 0.584785521030426 0.578104615211487 0.580576479434967 0.574746072292328 0.570405781269073 0.565149486064911 0.565193176269531 0.569693386554718 0.568566203117371 0.565671622753143 0.564078629016876 0.562645077705383 0.569474697113037 0.568298399448395 0.568167209625244 0.563016176223755 0.548369109630585 0.550976872444153
0.694147706031799 0.689958095550537 0.693018317222595 0.692457914352417 0.696498811244965 0.697665989398956 0.693373918533325 0.69090062379837 0.68513298034668 0.675975918769836 0.670864284038544 0.67330402135849 0.662967920303345 0.663239002227783 0.663132727146149 0.662797689437866 0.660758078098297 0.654380977153778 0.653169095516205 0.648588120937347 0.643358290195465 0.632494986057281 0.628289997577667 0.617426693439484 0.605068981647491 0.590791404247284 0.58573842048645 0.573449015617371 0.567054927349091 0.567165076732635 0.563206017017365 0.562038421630859 0.563000977039337 0.559511125087738 0.55879807472229 0.56458991765976 0.564697682857513 0.556827783584595 0.555134177207947 0.555216312408447 0.562130212783813 0.563528299331665 0.561172425746918 0.5511075258255 0.550391316413879 0.547624170780182
0.692065000534058 0.691171526908875 0.681135594844818 0.678632080554962 0.686147391796112 0.686452209949493 0.681972086429596 0.676015913486481 0.676096022129059 0.675006210803986 0.673388719558716 0.665459513664246 0.67528247833252 0.667258620262146 0.657303988933563 0.654075384140015 0.645716309547424 0.638100683689117 0.640760719776154 0.633060574531555 0.634360611438751 0.620775282382965 0.616239488124847 0.607020795345306 0.597290098667145 0.589957475662231 0.585510313510895 0.577453374862671 0.56830507516861 0.562193870544434 0.560426473617554 0.555445611476898 0.553490519523621 0.554862380027771 0.552280187606812 0.55393260717392 0.554028511047363 0.552470684051514 0.551267087459564 0.548502683639526 0.552990615367889 0.5523961186409 0.555902302265167 0.545158624649048 0.543655276298523 0.546298384666443
0.693810820579529 0.694216072559357 0.688324987888336 0.674472987651825 0.672510623931885 0.676085412502289 0.668780207633972 0.664014577865601 0.661794483661652 0.66172981262207 0.665625989437103 0.676984488964081 0.672417283058167 0.670142471790314 0.662995576858521 0.659173786640167 0.642208814620972 0.651853084564209 0.648404777050018 0.642708003520966 0.629151701927185 0.622002184391022 0.616259574890137 0.608342826366425 0.596178293228149 0.584622323513031 0.578257381916046 0.576083481311798 0.560882985591888 0.550377905368805 0.549564123153687 0.544929385185242 0.547096014022827 0.547024488449097 0.546712875366211 0.543371915817261 0.544435381889343 0.543403089046478 0.539137125015259 0.538737773895264 0.550479412078857 0.5455322265625 0.544182896614075 0.536256611347198 0.53124737739563 0.537122189998627
