ENMTML/Sub_vars/Predictors/EUR_only/bio33.asc
NCOLS 411 
NROWS 214 
XLLCORNER -11.5 
YLLCORNER 35.666666666112 
CELLSIZE 0.166666666666667 
NODATA_value -3.4e+38 
[rows 60 to 79 of 214, columns 322 to 367 of 411]
0.641738772392273 0.640217483043671 0.644789516925812 0.644156575202942 0.643390417098999 0.658883213996887 0.662216782569885 0.669265389442444 0.652693927288055 0.650402426719666 0.662516176700592 0.661625623703003 0.662781119346619 0.657090127468109 0.636388897895813 0.626511573791504 0.628321826457977 0.627658486366272 0.627369582653046 0.633490204811096 0.628563404083252 0.636956214904785 0.628130793571472 0.610698878765106 0.592551529407501 0.568085014820099 0.548355400562286 0.555536925792694 0.559035181999207 0.573065876960754 0.579035997390747 0.58462917804718 0.585997700691223 0.585886180400848 0.600158512592316 0.604168593883514 0.604961097240448 0.60034567117691 0.600026607513428 0.604272902011871 0.609779000282288 0.605944991111755 0.604915797710419 0.603235006332397 0.601649224758148 0.601860105991364
0.645552575588226 0.648458480834961 0.65129691362381 0.650238692760468 0.641944408416748 0.64141321182251 0.646114110946655 0.657600522041321 0.656453371047974 0.664622783660889 0.666918873786926 0.668341875076294 0.66201239824295 0.656086385250092 0.64935827255249 0.634151697158813 0.631581485271454 0.628342926502228 0.629528701305389 0.633998870849609 0.632466316223145 0.624764919281006 0.624880075454712 0.612063884735107 0.584783375263214 0.574686229228973 0.558724880218506 0.565196990966797 0.576255321502686 0.600976705551147 0.603008091449738 0.604585289955139 0.605287611484528 0.602429389953613 0.596973478794098 0.598193228244781 0.591795086860657 0.603785514831543 0.604602992534637 0.609833776950836 0.607136785984039 0.605307221412659 0.603099405765533 0.609454810619354 0.611027181148529 0.606751918792725
0.648859798908234 0.646835386753082 0.651293814182281 0.656628310680389 0.647869527339935 0.649495899677277 0.659551918506622 0.65988427400589 0.658133924007416 0.656425714492798 0.655757904052734 0.660540401935577 0.649796903133392 0.649135410785675 0.648740470409393 0.641578316688538 0.629896223545074 0.622380614280701 0.619438886642456 0.625605583190918 0.625249624252319 0.624021828174591 0.621913373470306 0.612079381942749 0.593777000904083 0.578454673290253 0.578678071498871 0.579505085945129 0.584693908691406 0.598362028598785 0.600888073444366 0.60881507396698 0.607919991016388 0.597781777381897 0.608568727970123 0.610205113887787 0.607917010784149 0.609660685062408 0.617735087871552 0.614893019199371 0.617650091648102 0.613443911075592 0.612869918346405 0.609769284725189 0.607974171638489 0.605483770370483
0.665806412696838 0.665567576885223 0.6578009724617 0.664415776729584 0.664876401424408 0.651035785675049 0.653057992458344 0.658315122127533 0.657761871814728 0.65233451128006 0.648791909217834 0.654107689857483 0.652297914028168 0.651506781578064 0.650141716003418 0.647154986858368 0.645932614803314 0.639763176441193 0.630679070949554 0.624638020992279 0.62419468164444 0.618421614170074 0.613395214080811 0.602021098136902 0.585340201854706 0.582839012145996 0.592669129371643 0.598823487758636 0.597848176956177 0.600537300109863 0.594655573368073 0.593516826629639 0.588398516178131 0.59782201051712 0.60124659538269 0.615326702594757 0.618152022361755 0.61979478597641 0.6197429895401 0.616346180438995 0.611928999423981 0.612300217151642 0.61350029706955 0.623232483863831 0.618657410144806 0.62349408864975
0.684530019760132 0.682172894477844 0.673820674419403 0.673455893993378 0.664372682571411 0.66947478055954 0.657362580299377 0.652249872684479 0.652931094169617 0.650783598423004 0.652459919452667 0.655697822570801 0.65915721654892 0.656805515289307 0.651995480060577 0.646452009677887 0.64062511920929 0.638450384140015 0.635711014270782 0.630368709564209 0.623433411121368 0.622939586639404 0.618341386318207 0.606390416622162 0.59769082069397 0.595049619674683 0.594777524471283 0.593835890293121 0.594984829425812 0.602265775203705 0.597797870635986 0.593947887420654 0.604595482349396 0.617512404918671 0.607920408248901 0.601395785808563 0.617293298244476 0.618061006069183 0.611474871635437 0.611630618572235 0.610282421112061 0.611694514751434 0.610311686992645 0.612941980361938 0.611273407936096 0.6152303814888
0.682590126991272 0.682296872138977 0.679880917072296 0.673872411251068 0.670736372470856 0.672226071357727 0.667035520076752 0.669021785259247 0.665289402008057 0.660270214080811 0.659000217914581 0.655563175678253 0.65444427728653 0.6520916223526 0.647851824760437 0.647024929523468 0.652620375156403 0.654729306697845 0.651800394058228 0.650915920734406 0.640851616859436 0.628580927848816 0.622855484485626 0.622121214866638 0.613465905189514 0.608539819717407 0.601893901824951 0.607061088085175 0.600518226623535 0.598824322223663 0.614323675632477 0.620032608509064 0.622459411621094 0.621699512004852 0.614615380764008 0.614432394504547 0.610008776187897 0.608288884162903 0.611975014209747 0.612215101718903 0.624645292758942 0.630222916603088 0.627981126308441 0.619195520877838 0.610524773597717 0.61615127325058
0.678437471389771 0.676865518093109 0.680163323879242 0.680344521999359 0.67981231212616 0.681191086769104 0.675540387630463 0.67301869392395 0.661478281021118 0.660566687583923 0.659553825855255 0.660249888896942 0.665280520915985 0.658434927463531 0.665116310119629 0.667274594306946 0.664256811141968 0.660164177417755 0.660322308540344 0.65667051076889 0.651262223720551 0.647081911563873 0.639491021633148 0.632178127765656 0.631694674491882 0.628059208393097 0.62146008014679 0.614155828952789 0.607728898525238 0.60990047454834 0.620435893535614 0.613559722900391 0.613189220428467 0.617534220218658 0.622362375259399 0.623457610607147 0.624294817447662 0.627098023891449 0.623465299606323 0.630968272686005 0.633071720600128 0.633595883846283 0.627704381942749 0.620906174182892 0.614127516746521 0.624768376350403
0.678066372871399 0.690038621425629 0.684649229049683 0.680685997009277 0.670077919960022 0.669863224029541 0.667375028133392 0.660645723342896 0.665262520313263 0.668367087841034 0.66961407661438 0.672998189926147 0.674835681915283 0.674943685531616 0.671433627605438 0.666898012161255 0.66186261177063 0.659355223178864 0.657182514667511 0.653425216674805 0.647329092025757 0.64483231306076 0.639848828315735 0.638250172138214 0.631490170955658 0.619045972824097 0.616418480873108 0.628737211227417 0.627635478973389 0.625883221626282 0.62370777130127 0.623246312141418 0.62713348865509 0.626291692256927 0.630021512508392 0.633232593536377 0.633230626583099 0.635810673236847 0.634258687496185 0.634889602661133 0.639827013015747 0.6280357837677 0.635897517204285 0.632654070854187 0.629761815071106 0.62608677148819
0.673413813114166 0.680595517158508 0.673109829425812 0.669942080974579 0.669429004192352 0.664632320404053 0.66443282365799 0.673974215984344 0.674996972084045 0.673955678939819 0.672086477279663 0.674623310565948 0.673709571361542 0.672537624835968 0.673111319541931 0.676752209663391 0.663112819194794 0.659923911094666 0.660608172416687 0.656275391578674 0.645476520061493 0.639930903911591 0.63980907201767 0.646820724010468 0.638437986373901 0.638656795024872 0.63188648223877 0.624422609806061 0.6311274766922 0.630630075931549 0.628430783748627 0.627833783626556 0.63319057226181 0.634244918823242 0.64276248216629 0.645026683807373 0.644376575946808 0.644660711288452 0.641798913478851 0.636238276958466 0.637180924415588 0.638614416122437 0.638551294803619 0.644256114959717 0.648099303245544 0.64907318353653
0.663792788982391 0.664051592350006 0.665277123451233 0.667913615703583 0.673420011997223 0.67456990480423 0.677952527999878 0.679024517536163 0.673186302185059 0.671219110488892 0.670045614242554 0.668691992759705 0.673915088176727 0.685867428779602 0.682994723320007 0.683849513530731 0.675505816936493 0.666108727455139 0.658380925655365 0.654020428657532 0.66433310508728 0.658929586410522 0.663071990013123 0.671766519546509 0.655310988426208 0.65037339925766 0.641238927841187 0.644222974777222 0.651130616664886 0.649745881557465 0.641000688076019 0.638694524765015 0.634450078010559 0.643950700759888 0.648647427558899 0.650238811969757 0.650417685508728 0.654354572296143 0.655279695987701 0.653445303440094 0.655944287776947 0.658246278762817 0.65032947063446 0.650706887245178 0.651026785373688 0.649746775627136
0.650740087032318 0.658539175987244 0.663812816143036 0.67149418592453 0.675299227237701 0.683508276939392 0.687996387481689 0.676176607608795 0.675816178321838 0.674416124820709 0.668213486671448 0.663332521915436 0.671185374259949 0.689570009708405 0.682449221611023 0.678077697753906 0.676580786705017 0.674507617950439 0.668706297874451 0.670779228210449 0.665727615356445 0.671878516674042 0.667998373508453 0.663313627243042 0.659779489040375 0.656620383262634 0.647449016571045 0.647312223911285 0.652586817741394 0.656885087490082 0.657616078853607 0.650768876075745 0.635609984397888 0.647759020328522 0.644460082054138 0.659592986106873 0.653639674186707 0.656375825405121 0.665327429771423 0.669307827949524 0.672813713550568 0.667230784893036 0.662247478961945 0.648730576038361 0.65301251411438 0.651062726974487
0.650961875915527 0.660730123519897 0.662499129772186 0.67077898979187 0.672986924648285 0.677434623241425 0.680827021598816 0.676560521125793 0.670521914958954 0.662822306156158 0.655033111572266 0.656423211097717 0.660532295703888 0.661790907382965 0.670632898807526 0.678795218467712 0.672755122184753 0.674995183944702 0.677329182624817 0.671274483203888 0.664879381656647 0.665032982826233 0.663285613059998 0.662263810634613 0.661510527133942 0.65399432182312 0.64539760351181 0.644269227981567 0.649093925952911 0.652831315994263 0.650903224945068 0.646369516849518 0.653750896453857 0.651439070701599 0.644311785697937 0.657072126865387 0.667342901229858 0.659434080123901 0.66834282875061 0.668426513671875 0.66932338476181 0.665471911430359 0.666839599609375 0.66047191619873 0.649768471717834 0.649551689624786
0.657713413238525 0.663675606250763 0.675056576728821 0.670965313911438 0.672818601131439 0.664339900016785 0.66411817073822 0.660245478153229 0.656810879707336 0.651283621788025 0.65417617559433 0.657876789569855 0.661850690841675 0.661062121391296 0.654339671134949 0.662747919559479 0.664529383182526 0.67188960313797 0.673356592655182 0.672752916812897 0.670971274375916 0.66999351978302 0.667139112949371 0.66382509469986 0.660951972007751 0.657339572906494 0.648144006729126 0.641116321086884 0.64558482170105 0.655803382396698 0.656006217002869 0.652132272720337 0.658405601978302 0.653375625610352 0.645273387432098 0.650113523006439 0.656366229057312 0.658147513866425 0.674440085887909 0.666974186897278 0.660973906517029 0.657246470451355 0.662201821804047 0.659665524959564 0.656439006328583 0.645282387733459
0.644383788108826 0.65164977312088 0.654711902141571 0.659189105033875 0.66204959154129 0.66074812412262 0.646836817264557 0.64889121055603 0.649068415164948 0.648817718029022 0.65243011713028 0.65564489364624 0.656385779380798 0.664226412773132 0.663380086421967 0.664393126964569 0.66235738992691 0.66336452960968 0.667779088020325 0.672600388526917 0.657191395759583 0.667159974575043 0.664598822593689 0.655673623085022 0.651289820671082 0.649619877338409 0.648838877677917 0.642940819263458 0.646297812461853 0.641870379447937 0.64735621213913 0.655169129371643 0.656288623809814 0.650010585784912 0.658338785171509 0.65529078245163 0.647103011608124 0.660231411457062 0.676046788692474 0.66539341211319 0.662955582141876 0.65937077999115 0.65445750951767 0.652061104774475 0.651675581932068 0.656846106052399
0.651573479175568 0.647390484809875 0.64919251203537 0.648548126220703 0.648951172828674 0.645308613777161 0.644582688808441 0.653407394886017 0.652273178100586 0.651779413223267 0.649204909801483 0.650022923946381 0.643607795238495 0.655707180500031 0.653117716312408 0.657723724842072 0.655892729759216 0.657071113586426 0.664664328098297 0.661945998668671 0.652615487575531 0.648220181465149 0.641781628131866 0.640799224376678 0.637544095516205 0.644396483898163 0.641948282718658 0.640108406543732 0.637762129306793 0.645165085792542 0.644142925739288 0.648418426513672 0.661404013633728 0.654489517211914 0.656390070915222 0.661750078201294 0.655396819114685 0.655105710029602 0.668137609958649 0.670081079006195 0.661244213581085 0.654140889644623 0.660233914852142 0.656402707099915 0.653182923793793 0.648280322551727
0.65733939409256 0.650934517383575 0.645135819911957 0.648110926151276 0.642951607704163 0.640861690044403 0.645475924015045 0.649356126785278 0.656945824623108 0.658455491065979 0.656048178672791 0.655588686466217 0.648156523704529 0.646998226642609 0.647930204868317 0.651298701763153 0.646360099315643 0.650473773479462 0.653803825378418 0.643722295761108 0.637572705745697 0.638163983821869 0.63871431350708 0.642348408699036 0.634300827980042 0.63150691986084 0.631794929504395 0.633160591125488 0.635425686836243 0.635463297367096 0.645753026008606 0.652955770492554 0.654143989086151 0.651110589504242 0.652084290981293 0.65484231710434 0.6635382771492 0.655888080596924 0.668591618537903 0.675133883953094 0.669894397258759 0.661660373210907 0.651292324066162 0.643157780170441 0.636851072311401 0.636689424514771
0.630856215953827 0.64731377363205 0.648967027664185 0.646226823329926 0.645798683166504 0.643274128437042 0.652041792869568 0.644681572914124 0.633006513118744 0.639746904373169 0.637831389904022 0.638840079307556 0.638043403625488 0.642597019672394 0.638344824314117 0.639629304409027 0.644827127456665 0.638537585735321 0.638883471488953 0.637203812599182 0.630351305007935 0.63353431224823 0.634001970291138 0.63853257894516 0.638473510742188 0.640087127685547 0.638696670532227 0.642177522182465 0.639330625534058 0.637270510196686 0.638195812702179 0.643377125263214 0.63990592956543 0.64973258972168 0.650533378124237 0.649946987628937 0.648775100708008 0.647665917873383 0.651089310646057 0.664252996444702 0.661702811717987 0.652223229408264 0.646416008472443 0.646497070789337 0.646248579025269 0.625326216220856
0.621850073337555 0.623235702514648 0.633894681930542 0.641462028026581 0.638548314571381 0.634665787220001 0.627784609794617 0.62299120426178 0.622458279132843 0.623381316661835 0.623056709766388 0.623626887798309 0.625954627990723 0.632059097290039 0.636650204658508 0.626598477363586 0.625226616859436 0.629504680633545 0.628323912620544 0.622245073318481 0.627058684825897 0.633668780326843 0.631798088550568 0.637003421783447 0.633937776088715 0.625484585762024 0.630397915840149 0.633224129676819 0.637118816375732 0.637136816978455 0.640331089496613 0.643041789531708 0.643653512001038 0.647005319595337 0.652799785137177 0.644557178020477 0.644112884998322 0.6462761759758 0.640220880508423 0.648725092411041 0.655729413032532 0.658762872219086 0.653125524520874 0.649271070957184 0.644055485725403 0.636677920818329
0.627696514129639 0.628708004951477 0.631211876869202 0.633713126182556 0.628077626228333 0.624693870544434 0.62168687582016 0.615820586681366 0.615449786186218 0.613417387008667 0.614372611045837 0.628442227840424 0.629875779151917 0.629362285137177 0.623776376247406 0.618157029151917 0.625170826911926 0.631361603736877 0.623384118080139 0.617531478404999 0.62405651807785 0.624417781829834 0.620619416236877 0.622095227241516 0.621446788311005 0.62542051076889 0.62811291217804 0.628905296325684 0.627492487430573 0.632214188575745 0.630644619464874 0.627107679843903 0.62807559967041 0.632272124290466 0.636529386043549 0.643912017345428 0.640915870666504 0.634344875812531 0.641198098659515 0.653134405612946 0.656937777996063 0.654814124107361 0.656087815761566 0.64904260635376 0.643332421779633 0.636272072792053
0.615343511104584 0.620771110057831 0.620138704776764 0.619013428688049 0.616571307182312 0.611686825752258 0.60961651802063 0.609662175178528 0.612802386283875 0.609876215457916 0.614069283008575 0.611717402935028 0.612083792686462 0.611885011196136 0.611916422843933 0.620736479759216 0.628016471862793 0.628366827964783 0.623173177242279 0.622460901737213 0.625127375125885 0.624045014381409 0.613275408744812 0.615391671657562 0.621352016925812 0.619094491004944 0.614485681056976 0.620205819606781 0.626162528991699 0.623737096786499 0.621223270893097 0.617429912090302 0.621011674404144 0.625301480293274 0.627997577190399 0.629908621311188 0.631743311882019 0.626323521137238 0.632449984550476 0.642929077148438 0.649619579315186 0.658412992954254 0.661468923091888 0.647143423557281 0.647978127002716 0.641379773616791
