ENMTML/Sub_vars/Predictors/EUR_only/bio33.asc
NCOLS 411 
NROWS 214 
XLLCORNER -11.5 
YLLCORNER 35.666666666112 
CELLSIZE 0.166666666666667 
NODATA_value -3.4e+38 
[rows 180 to 199 of 214, columns 184 to 229 of 411]
-3.4e+38 -3.4e+38 0.389643788337708 0.411844402551651 0.436687886714935 0.495507389307022 0.456726491451263 0.561657071113586 0.524202287197113 0.441432505846024 0.473169088363647 0.447800189256668 0.386952310800552 0.348977386951447 0.370182603597641 0.356638193130493 0.35188901424408 0.363642692565918 0.375969290733337 0.302307099103928 0.291080594062805 0.304338395595551 0.311475813388824 0.313289791345596 0.298972487449646 0.305390000343323 0.367201805114746 0.374262899160385 0.337771713733673 0.36901581287384 0.340052902698517 0.331216186285019 0.334766089916229 0.355847299098969 0.338764786720276 0.325222611427307 0.341329097747803 0.331821411848068 0.323729187250137 0.334336310625076 0.339098811149597 0.300772905349731 0.285024911165237 0.279953211545944 0.279365509748459 0.280896693468094
-3.4e+38 0.365186005830765 0.367520213127136 0.392836511135101 0.402060598134995 0.395645409822464 0.486880511045456 0.476559191942215 0.447804510593414 0.404610395431519 0.471868187189102 0.432803094387054 0.398869693279266 0.340653598308563 0.361979097127914 0.366813600063324 0.404864102602005 0.359718292951584 0.357451885938644 0.310179114341736 0.278275012969971 0.281655192375183 0.295757502317429 0.314767986536026 0.283600807189941 0.274050414562225 0.286185592412949 0.314879387617111 0.301166296005249 0.276497006416321 0.283708512783051 0.329756885766983 0.327970594167709 0.297114014625549 0.279780805110931 0.27691450715065 0.273738414049149 0.270782887935638 0.270033299922943 0.287466108798981 0.325178414583206 0.295983701944351 0.271954506635666 0.269554913043976 0.27346459031105 0.283118486404419
-3.4e+38 0.342552006244659 0.353368908166885 0.364087104797363 0.370335608720779 0.394736886024475 0.430711388587952 0.512263417243958 0.45847100019455 0.429051488637924 0.445741802453995 0.413443595170975 0.490892887115479 0.342076003551483 0.348083794116974 0.443169206380844 0.348093807697296 0.286883592605591 0.322911888360977 0.298942685127258 0.269603610038757 0.273455888032913 0.28142461180687 0.305642902851105 0.311519593000412 0.287811487913132 0.272903203964233 0.268137603998184 0.284386485815048 0.322423189878464 0.279682189226151 0.281197786331177 0.268437296152115 0.265108913183212 0.266032099723816 -3.4e+38 0.26271179318428 0.265482097864151 0.273144513368607 0.279054194688797 0.267136186361313 0.263303399085999 0.258219987154007 0.262648105621338 0.269405990839005 0.278271496295929
-3.4e+38 0.331978291273117 0.340793788433075 0.353317111730576 0.366612911224365 0.423112690448761 0.417149901390076 0.495553910732269 0.462076991796494 0.407644510269165 0.431256502866745 0.410598486661911 0.448204398155212 0.373718708753586 0.347196489572525 0.334265410900116 0.337951004505157 0.281363308429718 0.262079805135727 0.263286709785461 0.263436496257782 0.266471087932587 0.276456505060196 0.273308306932449 0.288317501544952 0.28999051451683 0.297589600086212 0.287257611751556 0.275955498218536 0.278949290513992 -3.4e+38 -3.4e+38 0.287012994289398 0.287996798753738 -3.4e+38 -3.4e+38 -3.4e+38 -3.4e+38 -3.4e+38 -3.4e+38 -3.4e+38 0.250149488449097 0.255616903305054 0.25618240237236 0.261958211660385 0.270467698574066
-3.4e+38 0.321391195058823 0.334924906492233 0.36461278796196 0.401121914386749 0.397181808948517 0.460387289524078 0.508946478366852 0.478822201490402 0.420314311981201 0.41773310303688 0.4035424888134 0.373434603214264 0.396795392036438 0.334466993808746 0.328821003437042 0.415975898504257 0.317233204841614 0.258025497198105 0.257084608078003 0.255453497171402 0.257550597190857 0.265034914016724 0.283022612333298 0.28431910276413 0.271828591823578 0.279801785945892 0.289236813783646 -3.4e+38 -3.4e+38 -3.4e+38 -3.4e+38 0.271106511354446 -3.4e+38 -3.4e+38 -3.4e+38 -3.4e+38 -3.4e+38 -3.4e+38 -3.4e+38 -3.4e+38 -3.4e+38 0.247273907065392 0.252322614192963 0.255208492279053 0.251565188169479
-3.4e+38 0.343312114477158 0.350928992033005 0.372850388288498 0.368059694766998 0.405079007148743 0.401809513568878 0.42947518825531 0.434463888406754 0.487561494112015 0.447654098272324 0.385323196649551 0.345061391592026 0.355703800916672 0.372363209724426 0.331877708435059 0.343566089868546 0.344874203205109 0.299144208431244 0.270732998847961 0.25445020198822 -3.4e+38 0.262556612491608 0.264269113540649 0.279843091964722 0.292553186416626 0.290159791707993 0.27539649605751 -3.4e+38 0.253959894180298 -3.4e+38 -3.4e+38 -3.4e+38 -3.4e+38 -3.4e+38 -3.4e+38 -3.4e+38 -3.4e+38 0.300498604774475 -3.4e+38 -3.4e+38 -3.4e+38 -3.4e+38 0.24694949388504 0.24712310731411 0.242381602525711
-3.4e+38 0.356778800487518 0.420928508043289 0.399679213762283 0.4471695125103 0.390888214111328 0.397961914539337 0.389324188232422 0.412155210971832 0.449838399887085 0.423599392175674 0.405608892440796 0.348626405000687 0.32452529668808 0.350083708763123 0.322783499956131 0.288157790899277 0.325451195240021 0.331090092658997 0.253360211849213 0.244230598211288 -3.4e+38 -3.4e+38 -3.4e+38 0.253778398036957 0.2584468126297 0.257919490337372 0.255393296480179 -3.4e+38 -3.4e+38 0.272028505802155 -3.4e+38 -3.4e+38 -3.4e+38 -3.4e+38 -3.4e+38 -3.4e+38 -3.4e+38 -3.4e+38 -3.4e+38 0.250702500343323 -3.4e+38 0.241420894861221 0.238828897476196 0.238983199000359 0.250106185674667
-3.4e+38 -3.4e+38 -3.4e+38 0.364514499902725 0.395024001598358 0.381208807229996 0.387201189994812 0.431286185979843 0.364213585853577 0.373309701681137 0.439420193433762 0.426331698894501 0.358514010906219 0.315598607063293 0.307739585638046 0.310763210058212 0.311420112848282 0.315207898616791 0.341983109712601 0.366658598184586 0.249848201870918 -3.4e+38 -3.4e+38 -3.4e+38 -3.4e+38 0.245081499218941 -3.4e+38 -3.4e+38 0.265239804983139 -3.4e+38 -3.4e+38 -3.4e+38 -3.4e+38 -3.4e+38 -3.4e+38 -3.4e+38 -3.4e+38 -3.4e+38 -3.4e+38 0.257353395223618 -3.4e+38 -3.4e+38 0.240133807063103 0.233524203300476 0.241922497749329 0.252053499221802
-3.4e+38 -3.4e+38 -3.4e+38 -3.4e+38 0.314118295907974 0.305875509977341 0.354972809553146 0.354012608528137 0.345882505178452 0.421931505203247 0.416962087154388 0.430964797735214 0.381288796663284 0.325424790382385 0.297479599714279 0.307912886142731 0.309905499219894 0.265281796455383 0.278837203979492 0.294397294521332 0.267780512571335 0.242512404918671 -3.4e+38 -3.4e+38 -3.4e+38 -3.4e+38 0.246412605047226 -3.4e+38 -3.4e+38 -3.4e+38 -3.4e+38 -3.4e+38 -3.4e+38 -3.4e+38 -3.4e+38 0.241590604186058 0.242199897766113 0.242279201745987 -3.4e+38 -3.4e+38 -3.4e+38 -3.4e+38 0.233019903302193 0.236647799611092 0.23073910176754 0.228913098573685
-3.4e+38 -3.4e+38 -3.4e+38 0.279135912656784 0.294328510761261 0.275371998548508 0.333122700452805 0.333295911550522 0.315424114465714 0.344193786382675 0.348851591348648 0.386298298835754 0.398390203714371 0.329507499933243 0.276731491088867 0.284792393445969 0.304944694042206 0.247680500149727 0.240786194801331 0.225396305322647 0.250922501087189 0.276362210512161 -3.4e+38 -3.4e+38 -3.4e+38 -3.4e+38 -3.4e+38 -3.4e+38 -3.4e+38 -3.4e+38 -3.4e+38 -3.4e+38 -3.4e+38 -3.4e+38 -3.4e+38 -3.4e+38 -3.4e+38 -3.4e+38 -3.4e+38 -3.4e+38 -3.4e+38 -3.4e+38 0.23318549990654 0.208969905972481 0.220740094780922 0.242242693901062
-3.4e+38 -3.4e+38 -3.4e+38 -3.4e+38 0.255707710981369 -3.4e+38 0.270918995141983 0.29444020986557 0.313523292541504 0.336292803287506 0.320916503667831 0.368049889802933 0.396066188812256 0.383933514356613 0.287547200918198 0.236605793237686 0.240117505192757 0.234524503350258 0.227705493569374 0.220291003584862 0.219350799918175 0.239218592643738 0.255457103252411 -3.4e+38 -3.4e+38 -3.4e+38 -3.4e+38 -3.4e+38 -3.4e+38 -3.4e+38 -3.4e+38 -3.4e+38 -3.4e+38 -3.4e+38 -3.4e+38 -3.4e+38 -3.4e+38 -3.4e+38 -3.4e+38 -3.4e+38 -3.4e+38 0.216225802898407 0.225202798843384 0.213025897741318 0.214736193418503 0.235194101929665
-3.4e+38 -3.4e+38 -3.4e+38 -3.4e+38 -3.4e+38 -3.4e+38 0.262308686971664 0.280929088592529 0.315043807029724 0.32225438952446 0.326922208070755 0.325596213340759 0.353443801403046 0.35247740149498 0.301660597324371 0.249901592731476 0.227874502539635 0.22260320186615 0.225660905241966 0.227614805102348 0.238217204809189 0.224997892975807 0.238109394907951 0.276748090982437 -3.4e+38 -3.4e+38 -3.4e+38 -3.4e+38 -3.4e+38 -3.4e+38 -3.4e+38 -3.4e+38 -3.4e+38 -3.4e+38 -3.4e+38 -3.4e+38 -3.4e+38 -3.4e+38 -3.4e+38 -3.4e+38 -3.4e+38 -3.4e+38 0.203894197940826 -3.4e+38 -3.4e+38 -3.4e+38
-3.4e+38 -3.4e+38 -3.4e+38 -3.4e+38 -3.4e+38 -3.4e+38 -3.4e+38 0.265081495046616 0.259121090173721 0.272722810506821 0.271221488714218 0.268360614776611 0.307120114564896 0.310670286417007 0.363333612680435 0.312629789113998 0.249955996870995 0.232003793120384 0.225529298186302 0.243907496333122 0.234750404953957 0.220461800694466 -3.4e+38 -3.4e+38 0.230914995074272 -3.4e+38 -3.4e+38 -3.4e+38 0.228620305657387 -3.4e+38 -3.4e+38 -3.4e+38 -3.4e+38 -3.4e+38 -3.4e+38 -3.4e+38 -3.4e+38 -3.4e+38 -3.4e+38 -3.4e+38 0.205034002661705 0.208381503820419 0.190368205308914 0.175407394766808 -3.4e+38 0.158400297164917
-3.4e+38 -3.4e+38 -3.4e+38 -3.4e+38 -3.4e+38 -3.4e+38 -3.4e+38 -3.4e+38 -3.4e+38 0.236302495002747 0.232887893915176 0.24864499270916 0.29957440495491 0.292437791824341 0.313805192708969 0.31518030166626 0.312374502420425 0.268517911434174 0.254996806383133 0.255208611488342 0.284044802188873 0.260756611824036 0.220651507377625 -3.4e+38 0.21417860686779 -3.4e+38 -3.4e+38 0.224164307117462 -3.4e+38 -3.4e+38 -3.4e+38 -3.4e+38 -3.4e+38 -3.4e+38 -3.4e+38 -3.4e+38 -3.4e+38 -3.4e+38 -3.4e+38 -3.4e+38 -3.4e+38 0.187894493341446 0.179400399327278 0.176190495491028 0.153400495648384 -3.4e+38
-3.4e+38 -3.4e+38 -3.4e+38 -3.4e+38 -3.4e+38 -3.4e+38 -3.4e+38 -3.4e+38 -3.4e+38 0.226851895451546 0.237433403730392 0.239117100834846 0.259902596473694 0.265445709228516 0.273375391960144 0.313902407884598 0.298703193664551 0.253376185894012 0.245961204171181 0.234959498047829 0.239587798714638 0.24252849817276 0.217503696680069 0.213540703058243 0.228018701076508 0.214876905083656 -3.4e+38 -3.4e+38 -3.4e+38 -3.4e+38 -3.4e+38 -3.4e+38 0.223399803042412 -3.4e+38 -3.4e+38 -3.4e+38 -3.4e+38 -3.4e+38 -3.4e+38 -3.4e+38 -3.4e+38 -3.4e+38 -3.4e+38 -3.4e+38 -3.4e+38 -3.4e+38
-3.4e+38 -3.4e+38 -3.4e+38 -3.4e+38 -3.4e+38 -3.4e+38 -3.4e+38 -3.4e+38 0.268374085426331 0.234609395265579 0.267705112695694 0.259001791477203 0.246776506304741 0.248901501297951 0.304664701223373 0.313241302967072 0.316965997219086 0.317696988582611 0.324117600917816 0.250815093517303 0.238672703504562 0.226886406540871 0.216296002268791 -3.4e+38 -3.4e+38 0.209997400641441 0.214342802762985 0.224294200539589 -3.4e+38 -3.4e+38 -3.4e+38 -3.4e+38 0.220126792788506 -3.4e+38 -3.4e+38 -3.4e+38 -3.4e+38 -3.4e+38 -3.4e+38 -3.4e+38 -3.4e+38 -3.4e+38 -3.4e+38 -3.4e+38 -3.4e+38 0.143876105546951
-3.4e+38 -3.4e+38 -3.4e+38 -3.4e+38 -3.4e+38 -3.4e+38 -3.4e+38 -3.4e+38 0.231155499815941 -3.4e+38 -3.4e+38 0.235826104879379 0.221056804060936 0.225897997617722 0.240343794226646 0.264073312282562 0.289743006229401 0.284530609846115 0.316130101680756 0.268534600734711 0.28779411315918 0.21784819662571 0.214127406477928 0.203190892934799 0.197077795863152 -3.4e+38 0.198968097567558 0.203201502561569 0.231187701225281 0.203955799341202 -3.4e+38 -3.4e+38 -3.4e+38 -3.4e+38 -3.4e+38 -3.4e+38 -3.4e+38 -3.4e+38 -3.4e+38 -3.4e+38 0.180564492940903 0.181872606277466 -3.4e+38 0.162364795804024 0.165330901741982 -3.4e+38
-3.4e+38 -3.4e+38 -3.4e+38 -3.4e+38 -3.4e+38 -3.4e+38 -3.4e+38 -3.4e+38 0.228897199034691 -3.4e+38 -3.4e+38 0.204248204827309 0.202169194817543 0.231079205870628 0.224093407392502 0.24106040596962 0.232649996876717 0.258344203233719 0.251404911279678 0.21819019317627 0.24235500395298 0.231085404753685 0.210399106144905 0.18962749838829 0.186452195048332 0.187161594629288 0.175150901079178 0.184323996305466 0.196448996663094 0.178904503583908 -3.4e+38 -3.4e+38 -3.4e+38 -3.4e+38 -3.4e+38 -3.4e+38 -3.4e+38 -3.4e+38 -3.4e+38 -3.4e+38 0.167524799704552 0.175967201590538 -3.4e+38 0.149345397949219 0.148863703012466 0.136001795530319
-3.4e+38 -3.4e+38 -3.4e+38 -3.4e+38 -3.4e+38 -3.4e+38 -3.4e+38 0.213684096932411 0.241205602884293 0.228741198778152 -3.4e+38 -3.4e+38 -3.4e+38 -3.4e+38 -3.4e+38 0.215944096446037 0.256671786308289 0.211380705237389 -3.4e+38 -3.4e+38 -3.4e+38 0.22520700097084 0.223376795649529 0.204822197556496 0.194435894489288 0.190503492951393 0.183084204792976 0.185642093420029 0.178811103105545 0.168980494141579 0.172570005059242 -3.4e+38 -3.4e+38 -3.4e+38 -3.4e+38 -3.4e+38 -3.4e+38 -3.4e+38 -3.4e+38 -3.4e+38 0.155416503548622 0.155293703079224 -3.4e+38 0.145169600844383 0.151172801852226 0.134382501244545
-3.4e+38 -3.4e+38 -3.4e+38 -3.4e+38 -3.4e+38 -3.4e+38 -3.4e+38 -3.4e+38 0.227886199951172 0.228139594197273 -3.4e+38 -3.4e+38 -3.4e+38 0.183886498212814 0.196373999118805 0.222773507237434 0.265426188707352 0.265596210956573 0.265011787414551 0.240096598863602 0.206811100244522 -3.4e+38 0.187918305397034 0.198229402303696 0.186220496892929 0.177361503243446 0.167154103517532 0.170638293027878 0.167430594563484 -3.4e+38 0.170417904853821 0.182230398058891 0.180893898010254 -3.4e+38 -3.4e+38 -3.4e+38 -3.4e+38 -3.4e+38 -3.4e+38 -3.4e+38 -3.4e+38 -3.4e+38 -3.4e+38 -3.4e+38 -3.4e+38 -3.4e+38
