ENMTML/Sub_vars/Predictors/EUR_only/bio6.asc
NCOLS 411 
NROWS 214 
XLLCORNER -11.5 
YLLCORNER 35.666666666112 
CELLSIZE 0.166666666666667 
NODATA_value -3.4e+38 
[rows 168 to 188 of 214, columns 184 to 229 of 411]
-6.07419013977051 -5.94515991210938 -6.05484008789062 -5.65483999252319 -6.47419023513794 -6.15483999252319 -6.37418985366821 -5.96451997756958 -4.45484018325806 -5.77418994903564 -6.08386993408203 -5.06451988220215 -4.04515981674194 -3.63547992706299 -3.63547992706299 -2.82580995559692 -3.13547992706299 -3.94515991210938 -4.54515981674194 -4.62581014633179 -5.11612987518311 -6.97419023513794 -6.65483999252319 -5.62581014633179 -4.3161301612854 -4.63547992706299 -4.53548002243042 -4.53548002243042 -4.62581014633179 -4.30644989013672 -4.51612997055054 -4.71612977981567 -5.11612987518311 -4.90644979476929 -4.90644979476929 -4.90644979476929 -4.51612997055054 -4.41613006591797 -4.21612977981567 -4.41613006591797 -4.42580986022949 -4.73547983169556 -4.73547983169556 -4.83548021316528 -4.14516019821167 -3.74516010284424
-6.60322999954224 -6.38387012481689 -5.87418985366821 -4.85483980178833 -6.06451988220215 -6.37418985366821 -6.07419013977051 -5.16451978683472 -5.36452007293701 -4.86452007293701 -6.07419013977051 -5.98387002944946 -4.34516000747681 -4.65483999252319 -4.25483989715576 -2.93548011779785 -2.82580995559692 -3.93548011779785 -5.24516010284424 -4.8161301612854 -4.70644998550415 -5.30644989013672 -5.92580986022949 -7.16451978683472 -7.26452016830444 -6.04515981674194 -5.64516019821167 -4.62581014633179 -4.62581014633179 -4.82580995559692 -4.71612977981567 -4.92580986022949 -5.42580986022949 -5.21612977981567 -5.52580976486206 -5.01612997055054 -5.12581014633179 -4.82580995559692 -4.42580986022949 -4.21612977981567 -4.12581014633179 -4.83548021316528 -5.23547983169556 -5.14516019821167 -4.34516000747681 -4.04515981674194
-6.52258014678955 -6.72257995605469 -5.88387012481689 -5.98387002944946 -4.96451997756958 -6.58386993408203 -5.97419023513794 -6.28387022018433 -5.97419023513794 -4.66451978683472 -4.85483980178833 -5.26452016830444 -4.54515981674194 -5.06451988220215 -4.05484008789062 -3.23548007011414 -3.02581000328064 -3.42581009864807 -5.24516010284424 -5.64516019821167 -5.84516000747681 -5.3161301612854 -5.20644998550415 -5.3161301612854 -5.72581005096436 -5.93548011779785 -6.45484018325806 -4.83548021316528 -5.33548021316528 -5.43548011779785 -6.04515981674194 -6.35483980178833 -6.03548002243042 -5.52580976486206 -5.43548011779785 -5.12581014633179 -5.23547983169556 -5.33548021316528 -5.13547992706299 -5.14516019821167 -5.03548002243042 -5.24516010284424 -5.34516000747681 -5.35483980178833 -5.04515981674194 -4.45484018325806
-6.13225984573364 -3.78386998176575 -6.10322999954224 -5.9032301902771 -5.98387002944946 -7.2032299041748 -6.80322980880737 -4.26452016830444 -3.65483999252319 -4.15483999252319 -4.14516019821167 -3.94515991210938 -4.75483989715576 -4.96451997756958 -4.65483999252319 -4.65483999252319 -5.06451988220215 -4.03548002243042 -6.17419004440308 -6.57419013977051 -5.64516019821167 -5.73547983169556 -5.3161301612854 -5.11612987518311 -4.60645008087158 -4.61612987518311 -5.43548011779785 -5.94515991210938 -6.55484008789062 -6.76452016830444 -7.1838698387146 -7.58386993408203 -6.66451978683472 -7.58386993408203 -7.89354991912842 -7.58386993408203 -6.45484018325806 -6.56451988220215 -6.25483989715576 -5.85483980178833 -6.05484008789062 -5.55484008789062 -5.55484008789062 -5.05484008789062 -4.33548021316528 -3.63547992706299
-2.81290006637573 -3.30323004722595 -6.42257976531982 -6.4128999710083 -6.2032299041748 -8.24193954467773 -5.28387022018433 -2.84516000747681 -2.93548011779785 -3.72581005096436 -4.13547992706299 -3.73548007011414 -4.55484008789062 -4.95484018325806 -4.15483999252319 -4.85483980178833 -4.34516000747681 -4.54515981674194 -6.99354982376099 -6.78387022018433 -5.54515981674194 -5.12581014633179 -4.91613006591797 -5.32580995559692 -7.37418985366821 -5.53548002243042 -5.23547983169556 -5.44515991210938 -5.55484008789062 -5.55484008789062 -6.46451997756958 -6.67419004440308 -5.75483989715576 -4.72581005096436 -5.14516019821167 -5.44515991210938 -4.84516000747681 -4.53548002243042 -4.64516019821167 -4.43548011779785 -3.8354799747467 -3.43548011779785 -3.13547992706299 -2.92581009864807 -2.82580995559692 -2.73548007011414
1.29676997661591 -1.59354996681213 -4.50323009490967 -6.43226003646851 -6.72257995605469 -4.89354991912842 -3.65483999252319 -2.42581009864807 -2.71613001823425 -3.21613001823425 -4.44515991210938 -3.93548011779785 -4.04515981674194 -3.94515991210938 -4.15483999252319 -3.65483999252319 -3.94515991210938 -5.46451997756958 -6.69355010986328 -6.07419013977051 -4.84516000747681 -4.73547983169556 -4.72581005096436 -4.61612987518311 -5.95484018325806 -6.15483999252319 -5.65483999252319 -5.04515981674194 -5.04515981674194 -4.34516000747681 -4.34516000747681 -4.13547992706299 -3.82580995559692 -3.72581005096436 -4.02580976486206 -4.43548011779785 -4.54515981674194 -4.24516010284424 -3.73548007011414 -3.03548002243042 -2.73548007011414 -2.8354799747467 -2.73548007011414 -2.53548002243042 -2.44515991210938 -2.64515995979309
2.01612997055054 1.40645003318787 -2.60322999954224 -2.99355006217957 -3.28386998176575 -2.86452007293701 -2.73548007011414 -3.52581000328064 -3.11613011360168 -3.00644993782043 -5.97419023513794 -6.27418994903564 -4.24516010284424 -5.27418994903564 -4.66451978683472 -3.55484008789062 -3.95483994483948 -4.96451997756958 -5.16451978683472 -5.47419023513794 -6.17419004440308 -3.8354799747467 -3.82580995559692 -3.92581009864807 -7.39354991912842 -8.12257957458496 -8.21290016174316 -7.2032299041748 -4.86452007293701 -3.34516000747681 -2.93548011779785 -3.03548002243042 -3.02581000328064 -3.11613011360168 -3.02581000328064 -2.92581009864807 -3.12580990791321 -3.13547992706299 -2.73548007011414 -2.53548002243042 -2.3354799747467 -2.43548011779785 -2.53548002243042 -2.3354799747467 -2.03548002243042 -2.14515995979309
0.787096977233887 2.2967700958252 1.21613001823425 -1.58387005329132 -2.27418994903564 -3.67419004440308 -3.24516010284424 -3.42581009864807 -5.06451988220215 -7.10322999954224 -7.2032299041748 -4.44515991210938 -3.74516010284424 -3.85484004020691 -4.06451988220215 -3.26451992988586 -3.44515991210938 -3.74516010284424 -5.27418994903564 -6.59355020523071 -5.67419004440308 -4.75483989715576 -4.34516000747681 -3.22581005096436 -6.80322980880737 -9.65161037445068 -8.94194030761719 -7.82257986068726 -6.7032299041748 -5.17419004440308 -4.06451988220215 -3.14515995979309 -3.35484004020691 -3.24516010284424 -2.63547992706299 -2.54516005516052 -2.34516000747681 -2.24516010284424 -2.14515995979309 -2.13547992706299 -2.04516005516052 -2.55484008789062 -2.74516010284424 -2.04516005516052 -1.84516000747681 -2.05484008789062
3.18709993362427 3.09677004814148 2.30644989013672 0.416128993034363 -1.77418994903564 -3.07418990135193 -4.37418985366821 -4.87418985366821 -7.31290006637573 -8.64194011688232 -4.13547992706299 -4.55484008789062 -4.25483989715576 -3.75483989715576 -3.15483999252319 -3.46451997756958 -3.24516010284424 -3.3354799747467 -3.02581000328064 -3.13547992706299 -3.43548011779785 -4.35483980178833 -4.45484018325806 -3.03548002243042 -5.38387012481689 -6.29355001449585 -4.97419023513794 -7.01289987564087 -6.81290006637573 -7.22257995605469 -7.13225984573364 -5.50323009490967 -6.92257976531982 -5.60322999954224 -4.6838698387146 -3.46451997756958 -3.25483989715576 -2.35484004020691 -2.04516005516052 -1.95483994483948 -1.75484001636505 -1.85484004020691 -2.45483994483948 -2.15483999252319 -1.65483999252319 -1.96451997756958
-3.4e+38 -3.4e+38 2.91613006591797 1.1161299943924 0.635483980178833 -3.09354996681213 -4.59355020523071 -3.6645200252533 -7.31290006637573 -6.71290016174316 -4.25483989715576 -5.6838698387146 -5.36452007293701 -7.50323009490967 -4.65483999252319 -2.94515991210938 -2.82580995559692 -2.61613011360168 -3.02581000328064 -4.76452016830444 -5.47419023513794 -4.66451978683472 -5.58386993408203 -4.47419023513794 -4.38387012481689 -9.15161037445068 -6.31290006637573 -5.60322999954224 -7.02258014678955 -7.13225984573364 -6.82257986068726 -5.61289978027344 -6.94193983078003 -6.53225994110107 -6.12258005142212 -4.4032301902771 -3.27418994903564 -2.56451988220215 -2.06451988220215 -1.86451995372772 -1.86451995372772 -1.46451997756958 -1.06452000141144 -1.06452000141144 -0.774194002151489 -0.874194025993347
-3.4e+38 -3.4e+38 3.59677004814148 1.30645000934601 -0.993547976016998 -0.574194014072418 -4.59355020523071 -2.45483994483948 -5.19355010986328 -6.92257976531982 -4.77418994903564 -5.27418994903564 -4.34516000747681 -5.46451997756958 -4.03548002243042 -3.43548011779785 -2.41613006591797 -2.31612992286682 -3.11613011360168 -2.92581009864807 -2.73548007011414 -4.16451978683472 -5.38387012481689 -3.77418994903564 -1.36451995372772 -4.60322999954224 -6.02258014678955 -3.2032299041748 -3.9128999710083 -5.02258014678955 -6.23226022720337 -6.54194021224976 -6.85161018371582 -5.32257986068726 -4.61289978027344 -3.7032299041748 -2.78386998176575 -1.8838700056076 -1.8838700056076 -1.97418999671936 -2.07418990135193 -1.57419002056122 -0.783870995044708 -0.574194014072418 -0.383870989084244 -0.483871012926102
-3.4e+38 4.68709993362427 3.89677000045776 3.10645008087158 -0.393548011779785 -3.2032299041748 -4.61289978027344 -3.58386993408203 -4.39354991912842 -5.59355020523071 -4.37418985366821 -4.66451978683472 -4.66451978683472 -3.73548007011414 -4.74516010284424 -4.33548021316528 -3.11613011360168 -2.81612992286682 -2.50644993782043 -2.52581000328064 -2.3354799747467 -1.94516003131866 -3.06451988220215 -2.47418999671936 -0.874194025993347 -0.783870995044708 -4.51289987564087 -3.31290006637573 -2.9225800037384 -2.52257990837097 -3.83225989341736 -3.13226008415222 -4.24194002151489 -5.13225984573364 -3.82258009910583 -2.61290001869202 -1.99354994297028 -1.69354999065399 -1.59354996681213 -1.89355003833771 -1.68386995792389 -0.983870983123779 -0.583871006965637 -0.393548011779785 -0.293547987937927 -0.303225994110107
-3.4e+38 -3.4e+38 4.0871000289917 3.00644993782043 1.30645000934601 -1.50322997570038 -1.08387005329132 -4.50323009490967 -4.39354991912842 -2.88386988639832 -4.58386993408203 -4.86452007293701 -4.14516019821167 -3.62580990791321 -4.63547992706299 -4.43548011779785 -4.33548021316528 -4.75483989715576 -5.15483999252319 -1.82580995559692 -0.935483992099762 -1.35484004020691 -1.57419002056122 -1.3838700056076 -0.393548011779785 -0.693548023700714 -3.52257990837097 -3.73225998878479 -2.03225994110107 -3.24194002151489 -1.94193994998932 -1.54193997383118 -1.64193999767303 -2.43226003646851 -1.73225998878479 -1.32257997989655 -1.9225800037384 -1.61290001869202 -1.40322995185852 -1.90322995185852 -2.19355010986328 -0.893548011779785 -0.293547987937927 -0.103225998580456 -0.112902998924255 -0.022580599412322
-3.4e+38 4.88710021972656 4.68709993362427 3.2967700958252 2.40645003318787 1.81613004207611 -2.19355010986328 -2.68387007713318 -2.47418999671936 -1.77418994903564 -4.78387022018433 -4.56451988220215 -4.44515991210938 -3.60645008087158 -4.52580976486206 -4.83548021316528 -5.97419023513794 -4.45484018325806 -4.46451997756958 -2.24516010284424 -0.154838994145393 -0.164516001939774 -0.68387097120285 -1.59354996681213 0.206451997160912 1.09677004814148 0.4774189889431 -1.03225994110107 -0.141935005784035 1.14839005470276 0.738709986209869 -1.4516099691391 -1.26128995418549 0.148386999964714 0.967742025852203 1.06773996353149 1.0774199962616 1.18710005283356 0.996774017810822 -0.00322580989450216 -1.60322999954224 -0.603226006031036 0.206451997160912 0.306452006101608 0.187096998095512 -0.122580997645855
-3.4e+38 5.37741994857788 4.97741985321045 4.28709983825684 3.40645003318787 1.60644996166229 -0.583871006965637 -3.89354991912842 -3.07418990135193 -2.86452007293701 -4.26452016830444 -4.15483999252319 -6.58386993408203 -3.50644993782043 -3.92581009864807 -6.6838698387146 -4.14516019821167 -1.32580995559692 -3.05484008789062 -1.75484001636505 0.24516099691391 0.416128993034363 0.206451997160912 -1.20323002338409 -1.40322995185852 0.277419000864029 1.26774001121521 1.65805995464325 0.748386979103088 -1.16129004955292 1.11934995651245 0.919354975223541 1.72903001308441 1.93870997428894 1.75805997848511 -3.4e+38 1.76774001121521 1.47741997241974 0.996774017810822 0.587096989154816 0.896773993968964 0.896773993968964 0.996774017810822 0.596773982048035 0.387097001075745 0.177419006824493
-3.4e+38 5.56773996353149 5.07742023468018 4.19677019119263 3.2967700958252 0.206451997160912 -0.483871012926102 -3.69355010986328 -3.57418990135193 -2.73548007011414 -4.14516019821167 -4.15483999252319 -5.67419004440308 -4.33548021316528 -3.82580995559692 -3.53548002243042 -3.84516000747681 -1.14515995979309 0.145161002874374 0.335483998060226 0.625805974006653 0.806451976299286 0.587096989154816 0.787096977233887 -0.0129032004624605 0.0677419006824493 -0.24193499982357 0.448386996984482 1.23871004581451 1.21934998035431 -3.4e+38 -3.4e+38 0.919354975223541 0.919354975223541 -3.4e+38 -3.4e+38 -3.4e+38 -3.4e+38 -3.4e+38 -3.4e+38 -3.4e+38 1.89677000045776 1.29676997661591 1.09677004814148 0.787096977233887 0.48709699511528
-3.4e+38 5.66773986816406 4.87741994857788 3.37741994857788 1.29676997661591 0.806451976299286 -2.19355010986328 -4.30322980880737 -4.27418994903564 -3.34516000747681 -3.93548011779785 -4.04515981674194 -3.73548007011414 -4.85483980178833 -3.23548007011414 -3.3354799747467 -6.29355001449585 -2.96451997756958 0.135483995079994 0.52580600976944 0.916128993034363 1.38709998130798 1.37741994857788 0.0774194002151489 0.177419006824493 0.967742025852203 0.748386979103088 0.338710010051727 -3.4e+38 -3.4e+38 -3.4e+38 -3.4e+38 1.91935002803802 -3.4e+38 -3.4e+38 -3.4e+38 -3.4e+38 -3.4e+38 -3.4e+38 -3.4e+38 -3.4e+38 -3.4e+38 1.88709998130798 1.38709998130798 1.27742004394531 1.47741997241974
-3.4e+38 4.55806016921997 3.86773991584778 2.48709988594055 2.09677004814148 -0.0935484021902084 -0.583871006965637 -2.27418994903564 -3.1645200252533 -5.19355010986328 -4.86452007293701 -3.54516005516052 -2.82580995559692 -3.63547992706299 -4.55484008789062 -3.44515991210938 -4.06451988220215 -4.27418994903564 -2.27418994903564 -0.583871006965637 0.606451988220215 -3.4e+38 1.37741994857788 1.0871000289917 0.26774200797081 -0.141935005784035 0.148386999964714 1.13871002197266 -3.4e+38 2.7193500995636 -3.4e+38 -3.4e+38 -3.4e+38 -3.4e+38 -3.4e+38 -3.4e+38 -3.4e+38 -3.4e+38 0.548386991024017 -3.4e+38 -3.4e+38 -3.4e+38 -3.4e+38 1.77742004394531 1.5774199962616 1.67742002010345
-3.4e+38 3.65806007385254 0.95806497335434 1.06773996353149 -1.12258005142212 0.106452003121376 -0.793547987937927 -1.08387005329132 -2.6645200252533 -4.38387012481689 -4.17419004440308 -4.26452016830444 -2.84516000747681 -2.44515991210938 -3.75483989715576 -3.05484008789062 -1.85484004020691 -3.47418999671936 -3.69355010986328 0.106452003121376 0.996774017810822 -3.4e+38 -3.4e+38 -3.4e+38 1.96774005889893 1.95806002616882 2.04838991165161 2.43870997428894 -3.4e+38 -3.4e+38 1.91935002803802 -3.4e+38 -3.4e+38 -3.4e+38 -3.4e+38 -3.4e+38 -3.4e+38 -3.4e+38 -3.4e+38 -3.4e+38 3.84839010238647 -3.4e+38 2.85805988311768 2.36773991584778 1.66773998737335 0.777418971061707
-3.4e+38 -3.4e+38 -3.4e+38 2.17741990089417 0.187096998095512 0.106452003121376 -0.70322597026825 -2.60322999954224 -0.983870983123779 -1.8741899728775 -4.6838698387146 -4.88387012481689 -3.1645200252533 -2.05484008789062 -2.25483989715576 -2.6645200252533 -2.87419009208679 -3.18387007713318 -4.2032299041748 -5.01289987564087 0.196774005889893 -3.4e+38 -3.4e+38 -3.4e+38 -3.4e+38 2.54838991165161 -3.4e+38 -3.4e+38 2.22902989387512 -3.4e+38 -3.4e+38 -3.4e+38 -3.4e+38 -3.4e+38 -3.4e+38 -3.4e+38 -3.4e+38 -3.4e+38 -3.4e+38 3.74838995933533 -3.4e+38 -3.4e+38 3.05805993080139 2.16774010658264 1.06773996353149 0.26774200797081
-3.4e+38 -3.4e+38 -3.4e+38 -3.4e+38 2.97742009162903 2.69676995277405 0.296773999929428 -0.103225998580456 -0.293547987937927 -3.59354996681213 -3.99355006217957 -4.9032301902771 -3.98387002944946 -2.46451997756958 -1.76452004909515 -2.47418999671936 -2.78386998176575 -1.18386995792389 -1.79355001449585 -2.30323004722595 -0.812902987003326 0.777418971061707 -3.4e+38 -3.4e+38 -3.4e+38 -3.4e+38 2.73870992660522 -3.4e+38 -3.4e+38 -3.4e+38 -3.4e+38 -3.4e+38 -3.4e+38 -3.4e+38 -3.4e+38 4.40967988967896 4.52902984619141 4.7290301322937 -3.4e+38 -3.4e+38 -3.4e+38 -3.4e+38 3.75805997848511 1.66773998737335 1.06773996353149 0.867742002010345
