ENMTML/Sub_vars/Predictors/EUR_only/bio6.asc
NCOLS 411 
NROWS 214 
XLLCORNER -11.5 
YLLCORNER 35.666666666112 
CELLSIZE 0.166666666666667 
NODATA_value -3.4e+38 
[rows 189 to 209 of 214, columns 230 to 275 of 411]
-1.44193994998932 -0.232258006930351 0.467741996049881 0.0677419006824493 0.358065009117126 0.158065006136894 0.22903199493885 0.5 0.209676995873451 -1.24194002151489 -1.33226001262665 -0.922581017017365 -1.51289999485016 -1.60322999954224 -2.00323009490967 -2.2032299041748 -2.59354996681213 -4.01289987564087 -4.09355020523071 -3.78386998176575 -3.79355001449585 -3.69355010986328 -3.58386993408203 -3.39354991912842 -2.99355006217957 -2.59354996681213 -2.48387002944946 -2.48387002944946 -2.28386998176575 -2.27418994903564 -1.77418994903564 -2.6645200252533 -3.1645200252533 -3.15483999252319 -4.64516019821167 -4.43548011779785 -5.44515991210938 -4.94515991210938 -4.66451978683472 -3.56451988220215 -4.38387012481689 -5.10322999954224 -3.57418990135193 -3.68387007713318 -3.47418999671936 -4.06451988220215
2.15806007385254 2.34839010238647 0.458065003156662 0.567741990089417 0.358065009117126 0.358065009117126 0.838710010051727 0.600000023841858 -0.0806452035903931 -0.941935002803802 -1.13225996494293 -0.632257997989655 -0.822580993175507 -1.21290004253387 -2.21289992332458 -2.50323009490967 -3.10322999954224 -3.59354996681213 -3.89354991912842 -3.79355001449585 -3.88386988639832 -3.89354991912842 -4.09355020523071 -3.59354996681213 -3.29355001449585 -3.08386993408203 -3.17419004440308 -3.08386993408203 -2.67419004440308 -2.07418990135193 -1.8838700056076 -2.36452007293701 -3.15483999252319 -3.54516005516052 -4.64516019821167 -4.23547983169556 -4.33548021316528 -4.24516010284424 -4.25483989715576 -3.25483989715576 -4.1838698387146 -3.78386998176575 -3.78386998176575 -5.21290016174316 -5.61289978027344 -4.36452007293701
2.93870997428894 0.558064997196198 -0.54193502664566 0.358065009117126 0.358065009117126 -0.24193499982357 0.148386999964714 0.519354999065399 -0.361290007829666 -1.34194004535675 -2.53225994110107 -2.02257990837097 -2.02257990837097 -2.9225800037384 -2.21289992332458 -3.21289992332458 -3.2032299041748 -4.10322999954224 -4.09355020523071 -3.48387002944946 -4.49354982376099 -4.7032299041748 -4.00323009490967 -3.79355001449585 -3.29355001449585 -2.90322995185852 -2.78386998176575 -2.78386998176575 -3.07418990135193 -2.78386998176575 -2.08386993408203 -2.48387002944946 -3.08386993408203 -4.06451988220215 -4.85483980178833 -4.45484018325806 -4.45484018325806 -3.94515991210938 -3.15483999252319 -3.36452007293701 -4.29355001449585 -4.19355010986328 -5.10322999954224 -5.31290006637573 -5.10322999954224 -4.98387002944946
2.05805993080139 0.567741990089417 1.35806000232697 1.45806002616882 1.16773998737335 -0.141935005784035 -0.251612991094589 0.138710007071495 -0.0612903013825417 -1.34194004535675 -1.63225996494293 -3.02257990837097 -2.22257995605469 -3.02257990837097 -2.22257995605469 -3.62258005142212 -3.01290011405945 -3.31290006637573 -3.49355006217957 -3.69355010986328 -3.80323004722595 -4.2032299041748 -3.90322995185852 -4.2032299041748 -3.59354996681213 -3.10322999954224 -2.79355001449585 -2.50323009490967 -2.49355006217957 -3.08386993408203 -2.60322999954224 -2.61290001869202 -3.00323009490967 -3.98387002944946 -4.56451988220215 -4.56451988220215 -4.76452016830444 -4.16451978683472 -4.26452016830444 -3.56451988220215 -3.68387007713318 -4.89354991912842 -5.50323009490967 -5.10322999954224 -5.10322999954224 -4.57419013977051
3.45806002616882 2.66774010658264 2.56773996353149 1.66773998737335 -0.0419354997575283 1.06773996353149 0.658065021038055 -0.932258009910583 -1.73225998878479 -1.53225994110107 -1.73225998878479 -2.13226008415222 -2.4225800037384 -2.4128999710083 -3.22257995605469 -2.72257995605469 -3.21289992332458 -3.71289992332458 -3.50323009490967 -3.09354996681213 -3.30323004722595 -3.59354996681213 -4.2032299041748 -4.80322980880737 -4.09355020523071 -3.40322995185852 -2.9128999710083 -2.80323004722595 -2.60322999954224 -2.50323009490967 -2.61290001869202 -3.02257990837097 -3.22257995605469 -3.50323009490967 -4.09355020523071 -4.28387022018433 -4.58386993408203 -4.47419023513794 -4.17419004440308 -3.96451997756958 -4.27418994903564 -3.77418994903564 -3.67419004440308 -3.68387007713318 -4.38387012481689 -4.57419013977051
3.46774005889893 3.16774010658264 1.26774001121521 0.258064985275269 1.36774003505707 1.86774003505707 0.767741978168488 -0.232258006930351 -0.141935005784035 -0.532257974147797 -0.432258009910583 -0.832257986068726 -1.72257995605469 -1.9128999710083 -1.32257997989655 -2.01290011405945 -3.31290006637573 -4.61289978027344 -3.4128999710083 -3.2032299041748 -3.40322995185852 -3.10322999954224 -3.30323004722595 -4.00323009490967 -4.09355020523071 -4.19355010986328 -4.6838698387146 -3.69355010986328 -3.19355010986328 -3.19355010986328 -2.90322995185852 -3.11290001869202 -3.51290011405945 -4.10322999954224 -4.79355001449585 -4.00323009490967 -4.00323009490967 -4.09355020523071 -3.98387002944946 -3.96451997756958 -4.46451997756958 -5.27418994903564 -4.46451997756958 -3.76451992988586 -3.26451992988586 -3.86452007293701
4.37741994857788 2.76774001121521 2.16774010658264 2.26774001121521 2.36773991584778 2.06773996353149 1.66773998737335 0.967742025852203 0.467741996049881 1.46774005889893 0.677419006824493 0.367742002010345 -0.222580999135971 -0.622581005096436 -0.622581005096436 -2.12258005142212 -2.51290011405945 -2.11290001869202 -3.31290006637573 -3.90322995185852 -3.10322999954224 -3.30323004722595 -2.7032299041748 -2.89354991912842 -3.59354996681213 -3.68387007713318 -4.08386993408203 -3.87419009208679 -3.48387002944946 -3.28386998176575 -2.90322995185852 -3.2032299041748 -3.7032299041748 -4.29355001449585 -4.4032301902771 -4.51289987564087 -3.93226003646851 -3.72257995605469 -3.89354991912842 -3.97418999671936 -4.15483999252319 -5.15483999252319 -5.75483989715576 -4.85483980178833 -4.16451978683472 -3.44515991210938
4.96774005889893 3.86773991584778 1.95806002616882 1.15805995464325 2.56773996353149 1.76774001121521 2.16774010658264 2.46774005889893 2.36773991584778 1.0774199962616 0.0774194002151489 0.877418994903564 0.177419006824493 -0.322580993175507 -1.01289999485016 -0.922581017017365 -1.31289994716644 -2.61290001869202 -3.01290011405945 -3.2032299041748 -3.00323009490967 -4.2032299041748 -3.19355010986328 -3.29355001449585 -3.19355010986328 -4.08386993408203 -2.78386998176575 -2.67419004440308 -2.77418994903564 -3.96451997756958 -3.97418999671936 -3.69355010986328 -3.9128999710083 -4.31290006637573 -4.60322999954224 -4.51289987564087 -4.02258014678955 -3.82258009910583 -3.99355006217957 -4.16451978683472 -4.23547983169556 -4.51612997055054 -5.33548021316528 -5.85483980178833 -4.76452016830444 -4.56451988220215
4.16773986816406 4.26773977279663 3.06773996353149 1.65805995464325 1.66773998737335 0.758064985275269 -0.132257997989655 -0.532257974147797 0.777418971061707 2.97742009162903 2.17741990089417 0.0677419006824493 -0.532257974147797 -0.522580981254578 -0.232258006930351 -0.622581005096436 -1.01289999485016 -2.71289992332458 -2.81290006637573 -2.40322995185852 -2.40322995185852 -4.80322980880737 -3.10322999954224 -2.99355006217957 -3.69355010986328 -4.28387022018433 -5.08386993408203 -2.38386988639832 -2.46451997756958 -3.36452007293701 -4.15483999252319 -4.27418994903564 -4.4128999710083 -4.61289978027344 -4.69355010986328 -4.4032301902771 -4.30322980880737 -4.29355001449585 -4.37418985366821 -4.45484018325806 -4.52580976486206 -4.69677019119263 -4.50645017623901 -4.83548021316528 -4.64516019821167 -4.75483989715576
3.45806002616882 3.65806007385254 3.95806002616882 2.86773991584778 1.65805995464325 1.37741994857788 1.47741997241974 0.577418982982635 0.4774189889431 -1.32257997989655 1.97741997241974 1.97741997241974 -0.532257974147797 -0.022580599412322 0.277419000864029 -1.02258002758026 -1.61290001869202 -1.00322997570038 -1.90322995185852 -3.40322995185852 -2.7032299041748 -2.90322995185852 -3.30323004722595 -2.49355006217957 -2.59354996681213 -2.39354991912842 -3.67419004440308 -5.48387002944946 -3.47418999671936 -3.76451992988586 -3.96451997756958 -4.37418985366821 -4.88387012481689 -5.07419013977051 -4.67419004440308 -4.47419023513794 -4.88387012481689 -4.58386993408203 -4.66451978683472 -4.84516000747681 -4.72581005096436 -4.80644989013672 -4.71612977981567 -4.63547992706299 -5.54515981674194 -6.76452016830444
4.63871002197266 3.94839000701904 4.05806016921997 3.96774005889893 3.15806007385254 1.86774003505707 1.06773996353149 0.767741978168488 0.577418982982635 -0.0322581008076668 -0.822580993175507 -0.322580993175507 1.27742004394531 -0.022580599412322 -1.12258005142212 -1.31289994716644 -1.10322999954224 -1.9128999710083 -1.60322999954224 -1.70323002338409 -2.40322995185852 -3.30323004722595 -3.7032299041748 -3.7032299041748 -1.70323002338409 -4.39354991912842 -3.78386998176575 -3.98387002944946 -5.57419013977051 -4.87418985366821 -5.56451988220215 -6.36452007293701 -6.67419004440308 -6.46451997756958 -4.66451978683472 -4.56451988220215 -5.36452007293701 -5.06451988220215 -5.05484008789062 -5.25483989715576 -5.23547983169556 -5.32580995559692 -5.22581005096436 -6.14516019821167 -7.47419023513794 -8.37419033050537
-3.4e+38 -3.4e+38 4.55806016921997 3.36773991584778 2.97742009162903 2.17741990089417 0.867742002010345 1.67742002010345 2.38709998130798 2.59677004814148 2.09677004814148 1.78709995746613 2.88709998130798 2.5871000289917 -0.612902998924255 -1.01289999485016 -2.10322999954224 -2.61290001869202 -1.21290004253387 -2.4128999710083 -2.61290001869202 -2.10322999954224 -2.01290011405945 -2.4128999710083 -2.10322999954224 -5.89354991912842 -5.89354991912842 -3.19355010986328 -3.89354991912842 -4.88387012481689 -5.28387022018433 -6.6838698387146 -6.27418994903564 -5.46451997756958 -4.16451978683472 -4.26452016830444 -4.76452016830444 -5.76452016830444 -5.26452016830444 -5.45484018325806 -5.45484018325806 -5.34516000747681 -5.24516010284424 -4.95484018325806 -4.65483999252319 -4.35483980178833
5.90967988967896 6.01935005187988 4.15806007385254 3.96774005889893 3.68709993362427 2.98709988594055 3.0871000289917 2.47742009162903 1.27742004394531 0.987097024917603 0.4774189889431 -0.422580987215042 -2.32258009910583 0.187096998095512 -0.422580987215042 -2.01290011405945 -1.71290004253387 -1.90322995185852 -3.31290006637573 -2.61290001869202 -1.61290001869202 -3.11290001869202 -2.90322995185852 -4.4128999710083 -3.00323009490967 -3.80323004722595 -6.00323009490967 -3.7032299041748 -3.50323009490967 -4.19355010986328 -5.48387002944946 -6.48387002944946 -5.88387012481689 -4.87418985366821 -4.17419004440308 -4.16451978683472 -4.26452016830444 -4.56451988220215 -4.86452007293701 -5.16451978683472 -5.16451978683472 -6.16451978683472 -5.16451978683472 -4.26452016830444 -3.86452007293701 -3.57418990135193
-3.4e+38 -3.4e+38 5.74839019775391 5.25805997848511 2.56773996353149 1.96774005889893 3.0774199962616 2.37741994857788 -0.732258021831512 1.06773996353149 0.677419006824493 -0.532257974147797 -1.02258002758026 -2.4128999710083 -3.22257995605469 -3.21289992332458 -3.80323004722595 -3.2032299041748 -2.9128999710083 -1.9225800037384 -3.4128999710083 -3.01290011405945 -2.4128999710083 -0.412903010845184 -2.11290001869202 -4.00323009490967 -4.31290006637573 -4.10322999954224 -3.80323004722595 -4.19355010986328 -4.39354991912842 -6.69355010986328 -5.08386993408203 -4.28387022018433 -3.97418999671936 -3.86452007293701 -3.96451997756958 -4.16451978683472 -4.47419023513794 -4.67419004440308 -4.6838698387146 -4.48387002944946 -4.1838698387146 -4.08386993408203 -4.48387002944946 -5.28387022018433
-3.4e+38 -3.4e+38 6.13871002197266 5.04838991165161 3.66774010658264 2.85805988311768 1.65805995464325 2.25805997848511 0.858065009117126 -0.841934978961945 0.767741978168488 0.367742002010345 -2.32258009910583 -2.32258009910583 -3.51290011405945 -1.90322995185852 -3.9128999710083 -4.01289987564087 -3.11290001869202 -2.51290011405945 -3.61290001869202 -1.9225800037384 -1.72257995605469 0.577418982982635 -0.022580599412322 -4.4128999710083 -2.02257990837097 -4.50323009490967 -4.60322999954224 -5.10322999954224 -3.49355006217957 -4.60322999954224 -5.29355001449585 -3.79355001449585 -3.48387002944946 -3.67419004440308 -3.77418994903564 -4.77418994903564 -4.37418985366821 -4.1838698387146 -4.38387012481689 -4.89354991912842 -5.29355001449585 -6.4032301902771 -6.79355001449585 -8.7032299041748
-3.4e+38 -3.4e+38 -3.4e+38 -3.4e+38 5.44839000701904 5.05806016921997 2.04838991165161 1.44839000701904 1.64839005470276 -0.941935002803802 -0.24193499982357 0.0677419006824493 -1.4225800037384 -3.71289992332458 -2.82258009910583 -2.81290006637573 -2.71289992332458 -3.31290006637573 -3.81290006637573 -5.01289987564087 -1.9225800037384 -0.932258009910583 -0.732258021831512 1.76774001121521 1.77742004394531 -1.82257997989655 0.177419006824493 -4.21290016174316 -5.00323009490967 -3.51290011405945 -5.10322999954224 -3.60322999954224 -3.90322995185852 -4.60322999954224 -4.19355010986328 -4.09355020523071 -3.99355006217957 -3.37419009208679 -3.38386988639832 -3.69355010986328 -4.59355020523071 -5.30322980880737 -6.50323009490967 -8.92257976531982 -11.0226001739502 -9.02258014678955
-3.4e+38 -3.4e+38 7.09999990463257 6.51935005187988 5.92902994155884 4.73870992660522 4.13871002197266 1.94839000701904 2.04838991165161 3.05805993080139 2.16774010658264 -1.63225996494293 -2.43226003646851 -0.822580993175507 -2.51290011405945 -3.31290006637573 -2.80323004722595 -3.50323009490967 -4.4032301902771 -3.51290011405945 -1.52258002758026 -0.822580993175507 2.16774010658264 4.15806007385254 5.15806007385254 2.46774005889893 2.95806002616882 -0.722581028938293 -1.81289994716644 -2.01290011405945 -5.92257976531982 -6.31290006637573 -5.11289978027344 -4.32257986068726 -3.71289992332458 -3.00323009490967 -4.00323009490967 -4.09355020523071 -4.09355020523071 -4.69355010986328 -5.71290016174316 -6.61289978027344 -7.72257995605469 -8.82258033752441 -8.42257976531982 -4.92257976531982
-3.4e+38 7.80000019073486 7.30000019073486 -3.4e+38 -3.4e+38 -3.4e+38 -3.4e+38 6.33870983123779 5.34839010238647 4.04838991165161 4.25805997848511 3.86773991584778 1.76774001121521 -1.22257995605469 -3.32258009910583 -3.4128999710083 -3.61290001869202 -4.10322999954224 -4.71290016174316 -3.30323004722595 -2.81290006637573 -0.922581017017365 4.64838981628418 5.64838981628418 6.13871002197266 6.13871002197266 5.83870983123779 4.73870992660522 2.24838995933533 -0.0322581008076668 -3.73225998878479 -6.62258005142212 -6.73226022720337 -5.63225984573364 -4.53225994110107 -5.02258014678955 -3.72257995605469 -1.4128999710083 -4.31290006637573 -5.12258005142212 -5.62258005142212 -6.63225984573364 -6.72257995605469 -6.33226013183594 -4.93226003646851 -1.14193999767303
-3.4e+38 8 -3.4e+38 7 6.30967998504639 7.40967988967896 6.91935014724731 6.62903022766113 5.53871011734009 -3.4e+38 5.04838991165161 4.94839000701904 3.54838991165161 2.35805988311768 0.967742025852203 0.26774200797081 -4.01289987564087 -3.21289992332458 -2.60322999954224 -3.4128999710083 -5.02258014678955 -1.72257995605469 3.44839000701904 -3.4e+38 -3.4e+38 -3.4e+38 -3.4e+38 6.81934976577759 6.32903003692627 4.33870983123779 1.85806000232697 -1.13225996494293 -3.73225998878479 -5.13225984573364 -5.24194002151489 -3.43226003646851 -5.53225994110107 -3.33225989341736 1.0774199962616 -0.932258009910583 -4.13225984573364 -4.34193992614746 -4.23226022720337 -3.04193997383118 -0.441935002803802 3.93870997428894
-3.4e+38 -3.4e+38 -3.4e+38 -3.4e+38 -3.4e+38 -3.4e+38 -3.4e+38 -3.4e+38 -3.4e+38 -3.4e+38 -3.4e+38 -3.4e+38 -3.4e+38 3.44839000701904 2.25805997848511 1.95806002616882 -5.52258014678955 -2.51290011405945 -2.71289992332458 -5.22257995605469 -0.741935014724731 -0.532257974147797 5.31934976577759 -3.4e+38 -3.4e+38 -3.4e+38 -3.4e+38 -3.4e+38 -3.4e+38 -3.4e+38 5.32903003692627 2.73870992660522 -0.151612997055054 -2.95161008834839 -3.54193997383118 -2.14194011688232 -0.941935002803802 -1.63225996494293 1.36774003505707 3.46774005889893 2.15806007385254 -2.44194006919861 -1.85160994529724 0.838710010051727 4.13871002197266 -3.4e+38
-3.4e+38 -3.4e+38 -3.4e+38 -3.4e+38 -3.4e+38 -3.4e+38 -3.4e+38 8.10000038146973 -3.4e+38 -3.4e+38 -3.4e+38 -3.4e+38 -3.4e+38 -3.4e+38 3.43870997428894 1.35806000232697 -2.02257990837097 0.158065006136894 -0.0322581008076668 0.948387026786804 4.31934976577759 3.72902989387512 -3.4e+38 -3.4e+38 -3.4e+38 -3.4e+38 -3.4e+38 -3.4e+38 -3.4e+38 -3.4e+38 -3.4e+38 -3.4e+38 5.2290301322937 0.338710010051727 -5.05160999298096 -4.75160980224609 -2.65160989761353 -2.34193992614746 -1.15161001682281 0.648387014865875 1.94839000701904 2.04838991165161 3.83871006965637 4.83870983123779 -3.4e+38 -3.4e+38
