ENMTML/Sub_vars/Predictors/EUR_only/bio6.asc
NCOLS 411 
NROWS 214 
XLLCORNER -11.5 
YLLCORNER 35.666666666112 
CELLSIZE 0.166666666666667 
NODATA_value -3.4e+38 
[rows 126 to 146 of 214, columns 92 to 137 of 411]
-0.993547976016998 -1.09354996681213 -1.28386998176575 -1.39355003833771 -1.59354996681213 -1.49354994297028 -1.30323004722595 -1.40322995185852 -1.31289994716644 -1.22257995605469 -1.81289994716644 -2.40322995185852 -2.21289992332458 -2.40322995185852 -2.60322999954224 -3.01290011405945 -2.93226003646851 -3.04193997383118 -2.96128988265991 -2.77097010612488 -1.9709700345993 -1.77096998691559 -2.06129002571106 -2.36128997802734 -2.65160989761353 -2.55160999298096 -2.73225998878479 -3.45161008834839 -2.75161004066467 -1.9612900018692 -2.16128993034363 -2.46128988265991 -3.06129002571106 -3.56129002571106 -3.76129007339478 -4.15160989761353 -4.34193992614746 -3.94194006919861 -3.94194006919861 -4.14194011688232 -4.24194002151489 -4.35161018371582 -4.54194021224976 -4.36128997802734 -4.07097005844116 -4.2709698677063
-1.19354999065399 -1.3838700056076 -1.49354994297028 -1.49354994297028 -1.49354994297028 -1.40322995185852 -1.60322999954224 -1.4128999710083 -1.61290001869202 -2.30323004722595 -1.9128999710083 -2.01290011405945 -2.01290011405945 -2.01290011405945 -2.4128999710083 -2.4225800037384 -2.73225998878479 -2.74194002151489 -2.45161008834839 -2.06129002571106 -2.16128993034363 -2.66128993034363 -3.06129002571106 -2.56129002571106 -2.95161008834839 -2.75161004066467 -2.22257995605469 -2.22257995605469 -2.04193997383118 -1.86128997802734 -1.9516099691391 -2.45161008834839 -3.15160989761353 -3.66128993034363 -3.55160999298096 -3.35160994529724 -3.44194006919861 -3.63226008415222 -3.74194002151489 -3.94194006919861 -4.04194021224976 -4.24194002151489 -4.14194011688232 -4.35161018371582 -4.16129016876221 -3.76129007339478
-1.20323002338409 -1.30323004722595 -1.60322999954224 -1.90322995185852 -1.90322995185852 -1.90322995185852 -2.00323009490967 -2.10322999954224 -2.2032299041748 -2.31290006637573 -2.21289992332458 -2.01290011405945 -1.72257995605469 -1.52258002758026 -1.52258002758026 -1.63225996494293 -2.04193997383118 -2.04193997383118 -1.56129002571106 -2.25161004066467 -2.96128988265991 -2.76129007339478 -3.25161004066467 -2.86128997802734 -2.14194011688232 -2.23225998878479 -2.02257990837097 -1.9128999710083 -2.23225998878479 -2.45161008834839 -2.25161004066467 -2.25161004066467 -2.95161008834839 -3.56129002571106 -3.14194011688232 -3.04193997383118 -3.23225998878479 -3.23225998878479 -3.23225998878479 -3.64194011688232 -3.95161008834839 -3.84193992614746 -3.84193992614746 -4.26129007339478 -4.06128978729248 -3.87097001075745
-1.09354996681213 -1.30323004722595 -1.40322995185852 -1.51289999485016 -1.4128999710083 -1.31289994716644 -1.61290001869202 -1.71290004253387 -1.81289994716644 -1.9128999710083 -1.9128999710083 -1.72257995605469 -1.31289994716644 -1.12258005142212 -1.33226001262665 -1.43226003646851 -1.4516099691391 -1.86128997802734 -2.57097005844116 -3.27097010612488 -3.06129002571106 -2.85160994529724 -2.74194002151489 -2.64194011688232 -2.65160989761353 -2.44194006919861 -2.13226008415222 -1.82257997989655 -2.13226008415222 -2.94194006919861 -2.74194002151489 -2.85160994529724 -2.74194002151489 -2.94194006919861 -2.74194002151489 -3.03225994110107 -2.93226003646851 -2.93226003646851 -3.13226008415222 -3.74194002151489 -3.75161004066467 -3.64194011688232 -3.54193997383118 -3.55160999298096 -3.96128988265991 -3.97096991539001
-0.903226017951965 -1.01289999485016 -1.01289999485016 -1.02258002758026 -1.22257995605469 -1.4225800037384 -1.4225800037384 -1.22257995605469 -1.32257997989655 -1.4128999710083 -1.4225800037384 -1.4225800037384 -1.32257997989655 -1.12258005142212 -1.13225996494293 -1.44193994998932 -1.85160994529724 -2.75161004066467 -2.66128993034363 -2.86128997802734 -2.96128988265991 -2.94194006919861 -2.94194006919861 -3.05160999298096 -3.05160999298096 -2.63226008415222 -1.9225800037384 -1.63225996494293 -1.63225996494293 -2.73225998878479 -3.04193997383118 -3.15160989761353 -3.04193997383118 -3.04193997383118 -2.94194006919861 -2.83225989341736 -2.93226003646851 -3.04193997383118 -3.34193992614746 -3.44194006919861 -3.64194011688232 -3.65160989761353 -3.35160994529724 -3.35160994529724 -3.66128993034363 -4.05160999298096
-0.822580993175507 -0.832257986068726 -0.932258009910583 -1.03225994110107 -1.03225994110107 -1.13225996494293 -1.32257997989655 -1.52258002758026 -1.33226001262665 -1.32257997989655 -1.32257997989655 -1.52258002758026 -1.63225996494293 -1.23225998878479 -0.932258009910583 -1.65161001682281 -1.85160994529724 -1.9612900018692 -2.06129002571106 -2.26129007339478 -2.54193997383118 -2.63226008415222 -3.02257990837097 -3.14194011688232 -3.15160989761353 -2.85160994529724 -1.63225996494293 -1.43226003646851 -1.51289999485016 -2.4225800037384 -2.43226003646851 -2.63226008415222 -2.64194011688232 -2.63226008415222 -2.74194002151489 -2.94194006919861 -3.24194002151489 -3.54193997383118 -3.64194011688232 -3.75161004066467 -3.85160994529724 -3.66128993034363 -3.55160999298096 -3.35160994529724 -3.65160989761353 -4.24194002151489
-1.03225994110107 -0.941935002803802 -1.04193997383118 -1.05160999298096 -1.24194002151489 -1.13225996494293 -1.33226001262665 -1.53225994110107 -1.53225994110107 -1.63225996494293 -1.23225998878479 -1.32257997989655 -1.23225998878479 -1.23225998878479 -1.14193999767303 -1.55160999298096 -2.05160999298096 -1.9612900018692 -1.9612900018692 -1.9612900018692 -2.15160989761353 -2.54193997383118 -3.03225994110107 -3.23225998878479 -3.14194011688232 -2.44194006919861 -1.63225996494293 -1.4225800037384 -1.4128999710083 -1.81289994716644 -2.02257990837097 -2.12258005142212 -2.03225994110107 -2.24194002151489 -2.64194011688232 -3.04193997383118 -3.44194006919861 -3.63226008415222 -3.84193992614746 -3.85160994529724 -3.95161008834839 -4.05160999298096 -3.95161008834839 -3.84193992614746 -4.04194021224976 -4.24194002151489
-1.25161004066467 -1.15161001682281 -0.961290001869202 -1.06129002571106 -1.25161004066467 -1.25161004066467 -1.34194004535675 -1.54193997383118 -1.83226001262665 -1.73225998878479 -1.73225998878479 -1.24194002151489 -1.43226003646851 -1.34194004535675 -1.34194004535675 -1.65161001682281 -2.15160989761353 -2.06129002571106 -1.9516099691391 -1.85160994529724 -2.25161004066467 -2.54193997383118 -2.73225998878479 -2.73225998878479 -2.54193997383118 -1.83226001262665 -1.52258002758026 -1.32257997989655 -1.62258005142212 -1.9128999710083 -2.12258005142212 -2.02257990837097 -2.03225994110107 -2.64194011688232 -3.14194011688232 -3.13226008415222 -3.43226003646851 -3.64194011688232 -3.84193992614746 -3.94194006919861 -4.04194021224976 -4.24194002151489 -4.34193992614746 -4.54194021224976 -4.44193983078003 -4.53225994110107
-1.35160994529724 -0.961290001869202 -0.961290001869202 -1.05160999298096 -1.26128995418549 -1.35160994529724 -1.35160994529724 -1.55160999298096 -1.94193994998932 -1.94193994998932 -1.93226003646851 -1.54193997383118 -1.74194002151489 -1.34194004535675 -1.44193994998932 -1.75161004066467 -1.85160994529724 -1.86128997802734 -1.85160994529724 -1.9516099691391 -2.24194002151489 -2.24194002151489 -2.23225998878479 -2.12258005142212 -1.83226001262665 -1.62258005142212 -1.43226003646851 -2.03225994110107 -2.22257995605469 -2.52257990837097 -2.4225800037384 -2.22257995605469 -2.22257995605469 -2.62258005142212 -3.13226008415222 -3.44194006919861 -3.53225994110107 -3.74194002151489 -4.04194021224976 -3.94194006919861 -3.84193992614746 -4.34193992614746 -4.54194021224976 -4.64194011688232 -4.53225994110107 -4.53225994110107
-0.961290001869202 -1.16129004955292 -1.26128995418549 -1.26128995418549 -1.06129002571106 -1.16129004955292 -1.36128997802734 -1.65161001682281 -2.05160999298096 -2.24194002151489 -1.94193994998932 -1.84194004535675 -1.54193997383118 -1.65161001682281 -1.65161001682281 -1.65161001682281 -1.75161004066467 -1.75161004066467 -1.9516099691391 -2.05160999298096 -2.25161004066467 -1.93226003646851 -1.84194004535675 -1.72257995605469 -1.52258002758026 -1.52258002758026 -2.53225994110107 -3.54193997383118 -3.83225989341736 -3.32258009910583 -3.12258005142212 -2.9225800037384 -2.81290006637573 -2.9128999710083 -3.02257990837097 -3.32258009910583 -4.04194021224976 -4.24194002151489 -4.24194002151489 -4.14194011688232 -4.03225994110107 -4.03225994110107 -4.13225984573364 -4.22257995605469 -4.12258005142212 -4.12258005142212
-0.770968019962311 -0.870967984199524 -0.970968008041382 -1.17096996307373 -1.07097005844116 -1.17096996307373 -1.37097001075745 -1.67096996307373 -2.06129002571106 -2.16128993034363 -2.25161004066467 -2.05160999298096 -1.85160994529724 -1.94193994998932 -1.75161004066467 -1.74194002151489 -1.75161004066467 -1.9516099691391 -2.15160989761353 -2.75161004066467 -3.15160989761353 -2.04193997383118 -1.63225996494293 -1.52258002758026 -1.52258002758026 -2.12258005142212 -4.44193983078003 -4.23226022720337 -3.83225989341736 -3.4225800037384 -3.21289992332458 -3.21289992332458 -3.11290001869202 -3.4128999710083 -4.03225994110107 -4.23226022720337 -4.33226013183594 -4.13225984573364 -3.83225989341736 -3.72257995605469 -3.72257995605469 -3.82258009910583 -3.9128999710083 -4.02258014678955 -4.11289978027344 -4.4128999710083
-0.770968019962311 -0.970968008041382 -0.980645000934601 -0.970968008041382 -1.07097005844116 -1.27096998691559 -1.58064997196198 -1.88065004348755 -2.07097005844116 -2.36128997802734 -2.35160994529724 -2.15160989761353 -2.34193992614746 -2.05160999298096 -1.9516099691391 -2.05160999298096 -1.9516099691391 -2.15160989761353 -2.45161008834839 -3.35160994529724 -3.35160994529724 -2.24194002151489 -1.33226001262665 -1.32257997989655 -1.72257995605469 -2.82258009910583 -3.94194006919861 -4.22257995605469 -3.82258009910583 -3.4128999710083 -3.31290006637573 -3.61290001869202 -4.02258014678955 -4.32257986068726 -4.63225984573364 -4.33226013183594 -4.12258005142212 -3.82258009910583 -3.82258009910583 -3.9225800037384 -3.9225800037384 -3.9128999710083 -3.90322995185852 -4.02258014678955 -4.32257986068726 -4.52258014678955
-1.07097005844116 -0.770968019962311 -0.870967984199524 -1.08064997196198 -1.38065004348755 -1.59031999111176 -1.9903199672699 -1.9903199672699 -1.98064994812012 -2.17096996307373 -2.26129007339478 -2.25161004066467 -2.25161004066467 -2.15160989761353 -2.25161004066467 -2.25161004066467 -2.35160994529724 -2.65160989761353 -2.66128993034363 -3.26129007339478 -2.86128997802734 -1.25161004066467 -1.04193997383118 -1.13225996494293 -2.23225998878479 -2.83225989341736 -3.73225998878479 -4.22257995605469 -4.12258005142212 -3.9128999710083 -3.9128999710083 -4.21290016174316 -4.13225984573364 -4.13225984573364 -4.02258014678955 -3.9225800037384 -3.9225800037384 -4.02258014678955 -4.12258005142212 -4.12258005142212 -4.12258005142212 -4.02258014678955 -4.01289987564087 -4.12258005142212 -4.31290006637573 -4.52258014678955
-0.770968019962311 -0.770968019962311 -0.980645000934601 -1.27096998691559 -1.58064997196198 -1.68064999580383 -1.69032001495361 -1.89999997615814 -2.08065009117126 -2.17096996307373 -2.06129002571106 -2.26129007339478 -2.24194002151489 -2.34193992614746 -2.54193997383118 -2.84193992614746 -2.94194006919861 -3.55160999298096 -4.26129007339478 -4.06128978729248 -2.06129002571106 -0.861289978027344 -0.941935002803802 -1.02258002758026 -1.9225800037384 -4.04194021224976 -4.84193992614746 -4.82257986068726 -4.61289978027344 -4.2032299041748 -4.01289987564087 -3.9128999710083 -3.72257995605469 -3.63226008415222 -3.93226003646851 -4.13225984573364 -4.43226003646851 -4.42257976531982 -4.52258014678955 -4.52258014678955 -4.42257976531982 -4.22257995605469 -4.22257995605469 -4.22257995605469 -4.43226003646851 -4.73226022720337
-0.570967972278595 -0.970968008041382 -1.18064999580383 -1.18064999580383 -1.37097001075745 -1.58064997196198 -1.79032003879547 -1.9903199672699 -1.9709700345993 -1.9709700345993 -1.86128997802734 -1.85160994529724 -1.84194004535675 -2.04193997383118 -2.33225989341736 -2.84193992614746 -3.44194006919861 -3.65160989761353 -4.16129016876221 -3.96128988265991 -1.26128995418549 -0.68387097120285 -0.786666989326477 -1.53225994110107 -3.54193997383118 -4.55160999298096 -4.74194002151489 -4.82257986068726 -4.72257995605469 -4.11289978027344 -3.61290001869202 -3.4225800037384 -3.62258005142212 -3.93226003646851 -3.93226003646851 -4.42257976531982 -5.03225994110107 -5.03225994110107 -5.13225984573364 -5.33226013183594 -5.02258014678955 -4.73226022720337 -4.52258014678955 -4.32257986068726 -4.62258005142212 -4.92257976531982
-0.670967996120453 -0.770968019962311 -0.970968008041382 -1.27096998691559 -1.57097005844116 -1.78065001964569 -1.98064994812012 -2.07097005844116 -1.87097001075745 -1.66129004955292 -1.66129004955292 -1.75161004066467 -1.74194002151489 -1.93226003646851 -2.23225998878479 -2.43226003646851 -2.73225998878479 -3.44194006919861 -3.15160989761353 -1.86128997802734 -0.783870995044708 -0.70322597026825 -0.951613008975983 -3.04193997383118 -3.84193992614746 -4.45161008834839 -4.33226013183594 -3.82258009910583 -3.82258009910583 -3.02257990837097 -2.62258005142212 -2.43226003646851 -2.54193997383118 -3.34193992614746 -3.72257995605469 -4.72257995605469 -5.22257995605469 -5.92257976531982 -6.03225994110107 -6.03225994110107 -5.62258005142212 -5.23226022720337 -4.92257976531982 -4.71290016174316 -4.81290006637573 -5.30322980880737
-0.670967996120453 -0.861289978027344 -0.970968008041382 -1.27096998691559 -1.66129004955292 -1.9612900018692 -2.06129002571106 -1.76128995418549 -1.55160999298096 -1.35160994529724 -1.35160994529724 -1.44193994998932 -1.54193997383118 -2.03225994110107 -2.23225998878479 -2.22257995605469 -2.43226003646851 -2.43226003646851 -2.04193997383118 -1.66129004955292 -1.20000004768372 -1.11934995651245 -0.835484027862549 -1.53332996368408 -2.32258009910583 -2.71289992332458 -2.4225800037384 -2.71289992332458 -2.61290001869202 -2.52257990837097 -2.62258005142212 -2.63226008415222 -2.63226008415222 -2.83225989341736 -3.51290011405945 -4.51289987564087 -5.71290016174316 -6.83226013183594 -6.82257986068726 -7.23226022720337 -6.74194002151489 -6.33226013183594 -6.94193983078003 -6.23226022720337 -6.42257976531982 -6.81290006637573
-0.770968019962311 -1.07097005844116 -1.16129004955292 -1.26128995418549 -1.67096996307373 -2.16128993034363 -2.15160989761353 -1.55160999298096 -1.25161004066467 -1.24194002151489 -1.23225998878479 -1.34194004535675 -1.64193999767303 -1.83226001262665 -2.03225994110107 -2.52257990837097 -2.72257995605469 -2.73225998878479 -2.94194006919861 -2.65160989761353 -2.76129007339478 -2.15160989761353 -2.54193997383118 -2.73225998878479 -2.63226008415222 -2.4128999710083 -2.31290006637573 -2.61290001869202 -2.51290011405945 -2.81290006637573 -3.4225800037384 -3.4225800037384 -3.9225800037384 -4.52258014678955 -4.10322999954224 -5.11289978027344 -6.32257986068726 -7.84193992614746 -7.73226022720337 -8.56128978729248 -8.15161037445068 -7.95161008834839 -7.95161008834839 -8.0419397354126 -7.63225984573364 -9.26128959655762
-1.26128995418549 -1.77096998691559 -1.56129002571106 -1.4612900018692 -1.65161001682281 -1.9516099691391 -1.84194004535675 -1.32257997989655 -1.23225998878479 -1.13225996494293 -1.24194002151489 -1.33226001262665 -1.43226003646851 -2.03225994110107 -2.63226008415222 -3.32258009910583 -3.73225998878479 -4.03225994110107 -4.44193983078003 -4.65160989761353 -4.24194002151489 -3.64194011688232 -3.03225994110107 -2.32258009910583 -2.4225800037384 -2.81290006637573 -2.82258009910583 -2.31290006637573 -2.71289992332458 -2.51290011405945 -3.01290011405945 -4.42257976531982 -5.63225984573364 -5.82257986068726 -4.49354982376099 -6.42257976531982 -8.05160999298096 -8.86128997802734 -9.17096996307373 -9.38064956665039 -9.27097034454346 -8.03225994110107 -7.93226003646851 -8.75160980224609 -8.02258014678955 -7.59355020523071
-1.06129002571106 -1.76128995418549 -1.16129004955292 -1.15161001682281 -1.55160999298096 -1.85160994529724 -1.24194002151489 -1.13225996494293 -1.03225994110107 -1.12258005142212 -1.23225998878479 -1.33226001262665 -1.83226001262665 -2.63226008415222 -3.33225989341736 -4.33226013183594 -4.73226022720337 -5.33226013183594 -5.04194021224976 -4.14194011688232 -2.82258009910583 -2.73225998878479 -2.62258005142212 -3.4225800037384 -3.73225998878479 -3.21289992332458 -2.71289992332458 -2.51290011405945 -3.72257995605469 -5.04194021224976 -5.84193992614746 -5.23226022720337 -6.74194002151489 -5.52258014678955 -6.94193983078003 -8.16129016876221 -7.44193983078003 -9.17096996307373 -9.98064994812012 -9.570969581604 -8.76128959655762 -9.570969581604 -9.79032039642334 -11.6999998092651 -9.98064994812012 -8.94194030761719
-0.961290001869202 -1.16129004955292 -0.951613008975983 -1.4516099691391 -1.35160994529724 -1.04193997383118 -0.932258009910583 -0.932258009910583 -1.02258002758026 -1.12258005142212 -1.22257995605469 -1.73225998878479 -2.83225989341736 -3.83225989341736 -4.23226022720337 -5.13225984573364 -5.53225994110107 -4.42257976531982 -3.01290011405945 -3.11290001869202 -3.31290006637573 -3.51290011405945 -3.62258005142212 -4.13225984573364 -4.94193983078003 -5.54194021224976 -4.43226003646851 -5.34193992614746 -4.84193992614746 -6.76129007339478 -8.37096977233887 -7.86128997802734 -8.68064975738525 -7.86128997802734 -5.92257976531982 -7.65160989761353 -9.070969581604 -9.99032020568848 -10.5 -9.68064975738525 -9.79032039642334 -12 -11.6000003814697 -10.8000001907349 -10.1999998092651 -8.83226013183594
