ENMTML/Sub_vars/Predictors/EUR_only/bio6.asc
NCOLS 411 
NROWS 214 
XLLCORNER -11.5 
YLLCORNER 35.666666666112 
CELLSIZE 0.166666666666667 
NODATA_value -3.4e+38 
[rows 42 to 62 of 214, columns 322 to 367 of 411]
-17.4934997558594 -17.4934997558594 -17.4934997558594 -17.4934997558594 -17.5935001373291 -17.783899307251 -17.8742008209229 -17.8838996887207 -17.9839000701904 -18.0839004516602 -18.1742000579834 -18.2644996643066 -18.2644996643066 -18.4645004272461 -18.5645008087158 -18.6644992828369 -18.9451999664307 -19.1452007293701 -19.2451992034912 -19.3451995849609 -19.5354995727539 -19.7355003356934 -19.9160995483398 -20.0160999298096 -20.0258007049561 -20.216100692749 -20.5065002441406 -20.7968006134033 -21.0967998504639 -21.5870990753174 -21.8871002197266 -21.9871006011963 -22.0774002075195 -22.0774002075195 -22.0774002075195 -22.0774002075195 -22.0774002075195 -22.0774002075195 -21.9773998260498 -21.6774005889893 -21.6774005889893 -21.8773994445801 -21.9773998260498 -22.067699432373 -22.067699432373 -22.067699432373
-17.4839000701904 -17.5839004516602 -17.6935005187988 -17.783899307251 -17.9839000701904 -18.0839004516602 -18.0741996765137 -18.0741996765137 -18.0741996765137 -18.1742000579834 -18.1742000579834 -18.2644996643066 -18.3547992706299 -18.4645004272461 -18.5645008087158 -18.7548007965088 -19.0452003479004 -19.3451995849609 -19.6452007293701 -19.8355007171631 -19.8355007171631 -19.8257999420166 -20.1257991790771 -20.5160999298096 -20.5160999298096 -20.4160995483398 -20.6065006256104 -20.6968002319336 -20.8967990875244 -21.1870994567871 -21.3871002197266 -21.7773990631104 -21.7773990631104 -21.9773998260498 -22.067699432373 -22.067699432373 -21.9676990509033 -21.8677005767822 -21.6774005889893 -21.7677001953125 -21.8773994445801 -21.9773998260498 -21.9676990509033 -21.9676990509033 -22.067699432373 -22.067699432373
-17.5839004516602 -17.6839008331299 -17.783899307251 -17.783899307251 -17.8838996887207 -17.9741992950439 -17.9741992950439 -17.9741992950439 -18.0741996765137 -18.0741996765137 -18.1644992828369 -18.3547992706299 -18.3547992706299 -18.4547996520996 -18.5548000335693 -18.7451992034912 -18.9451999664307 -19.2355003356934 -19.5354995727539 -19.8355007171631 -19.9354991912842 -20.0258007049561 -20.3160991668701 -20.6065006256104 -20.7064990997314 -20.9064998626709 -20.8064994812012 -20.8064994812012 -21.0065002441406 -20.9871006011963 -21.0870990753174 -21.2773990631104 -21.5774002075195 -21.7773990631104 -21.9773998260498 -21.8773994445801 -21.9676990509033 -21.6774005889893 -21.7677001953125 -21.9676990509033 -21.9676990509033 -21.8677005767822 -21.7677001953125 -21.9676990509033 -22.067699432373 -21.9676990509033
-17.4839000701904 -17.5741996765137 -17.6742000579834 -17.7742004394531 -17.8742008209229 -17.9645004272461 -18.1742000579834 -18.2644996643066 -18.2644996643066 -18.4645004272461 -18.5548000335693 -18.5548000335693 -18.5548000335693 -18.6452007293701 -18.6548004150391 -18.7451992034912 -18.8451995849609 -19.0354995727539 -19.3257999420166 -19.4258003234863 -19.7257995605469 -20.0258007049561 -20.2257995605469 -20.5160999298096 -20.7064990997314 -20.8064994812012 -20.9064998626709 -21.0065002441406 -21.1968002319336 -21.1968002319336 -21.1968002319336 -21.2870998382568 -21.2773990631104 -21.3773994445801 -21.6774005889893 -21.6774005889893 -21.6774005889893 -21.5774002075195 -21.567699432373 -21.8677005767822 -21.8773994445801 -21.8677005767822 -21.6774005889893 -21.7677001953125 -21.8773994445801 -21.9676990509033
-17.4741992950439 -17.5839004516602 -17.7742004394531 -17.8742008209229 -18.0741996765137 -18.1644992828369 -18.4547996520996 -18.3645000457764 -18.5645008087158 -18.7548007965088 -18.9547996520996 -18.8547992706299 -18.7548007965088 -18.9451999664307 -18.9451999664307 -19.1452007293701 -19.2355003356934 -19.3355007171631 -19.4258003234863 -19.4258003234863 -19.5258007049561 -19.8160991668701 -20.216100692749 -20.5160999298096 -20.6065006256104 -20.6065006256104 -20.8064994812012 -21.0967998504639 -21.2968006134033 -21.2870998382568 -21.1870994567871 -21.1870994567871 -21.2870998382568 -21.1870994567871 -21.2870998382568 -21.3773994445801 -21.4773998260498 -21.6676998138428 -21.5774002075195 -21.6676998138428 -21.7677001953125 -21.6774005889893 -21.6676998138428 -21.4773998260498 -21.6676998138428 -21.7677001953125
-17.4741992950439 -17.7742004394531 -17.9741992950439 -18.0741996765137 -18.1742000579834 -18.1644992828369 -18.1644992828369 -18.3547992706299 -18.5548000335693 -18.8547992706299 -19.1452007293701 -19.0452003479004 -18.7451992034912 -18.9451999664307 -19.3355007171631 -19.3451995849609 -19.4354991912842 -19.4354991912842 -19.6257991790771 -19.8160991668701 -19.9258003234863 -19.9160995483398 -19.9160995483398 -20.1161003112793 -20.3064994812012 -20.4064998626709 -20.5967998504639 -20.8967990875244 -21.0870990753174 -21.2870998382568 -21.2870998382568 -21.0870990753174 -21.1774005889893 -21.1774005889893 -21.0774002075195 -21.2773990631104 -21.4773998260498 -21.5774002075195 -21.4773998260498 -21.3773994445801 -21.3773994445801 -21.3677005767822 -21.3773994445801 -21.3773994445801 -21.4676990509033 -21.567699432373
-17.4645004272461 -17.5741996765137 -17.9741992950439 -18.0741996765137 -18.0645008087158 -18.0645008087158 -18.2548007965088 -18.3547992706299 -18.5452003479004 -18.7548007965088 -18.9547996520996 -18.8451995849609 -18.9354991912842 -18.9451999664307 -19.0354995727539 -19.3355007171631 -19.4258003234863 -19.5160999298096 -19.6257991790771 -19.8257999420166 -19.9160995483398 -20.1065006256104 -20.1065006256104 -20.2064990997314 -20.5065002441406 -20.6065006256104 -20.4967994689941 -20.5967998504639 -20.9967994689941 -20.9871006011963 -21.0870990753174 -20.9871006011963 -20.9871006011963 -21.0870990753174 -20.9773998260498 -20.9773998260498 -21.1774005889893 -21.2773990631104 -21.2870998382568 -21.3773994445801 -21.4773998260498 -21.3773994445801 -21.2773990631104 -21.2773990631104 -21.4676990509033 -21.567699432373
-17.3742008209229 -17.4645004272461 -17.5645008087158 -17.7644996643066 -17.9547996520996 -17.9645004272461 -18.1548004150391 -18.1548004150391 -18.4547996520996 -18.8451995849609 -18.9354991912842 -18.8355007171631 -18.9354991912842 -18.9354991912842 -18.9354991912842 -19.1257991790771 -19.3257999420166 -19.5160999298096 -19.716100692749 -19.716100692749 -19.8160991668701 -19.9160995483398 -20.0065002441406 -20.1065006256104 -20.3967990875244 -20.4064998626709 -20.4967994689941 -20.3967990875244 -20.6968002319336 -20.7870998382568 -20.8871002197266 -20.9871006011963 -21.0870990753174 -20.8871002197266 -20.8773994445801 -21.1774005889893 -21.1774005889893 -21.1870994567871 -21.3773994445801 -21.4773998260498 -21.3773994445801 -21.3677005767822 -21.2773990631104 -21.2773990631104 -21.2773990631104 -21.2773990631104
-17.2742004394531 -17.3645000457764 -17.3645000457764 -17.4547996520996 -17.5548000335693 -17.6548004150391 -17.9451999664307 -18.0548000335693 -18.3451995849609 -18.5452003479004 -18.7355003356934 -18.9354991912842 -18.9354991912842 -18.9354991912842 -19.0258007049561 -19.1257991790771 -19.2257995605469 -19.4160995483398 -19.5160999298096 -19.6065006256104 -19.6065006256104 -19.716100692749 -19.9160995483398 -20.0065002441406 -20.1065006256104 -20.1968002319336 -20.1968002319336 -20.3967990875244 -20.6870994567871 -20.7968006134033 -20.7870998382568 -20.7870998382568 -20.8871002197266 -20.8773994445801 -20.7870998382568 -21.0870990753174 -21.2773990631104 -21.1774005889893 -21.2773990631104 -21.2773990631104 -21.2773990631104 -21.3677005767822 -21.2773990631104 -21.2773990631104 -21.2773990631104 -21.2773990631104
-17.4645004272461 -17.3645000457764 -17.3645000457764 -17.3547992706299 -17.4547996520996 -17.5452003479004 -17.6452007293701 -17.7451992034912 -18.0452003479004 -18.3355007171631 -18.5354995727539 -18.7355003356934 -19.0258007049561 -19.0258007049561 -19.0258007049561 -19.216100692749 -19.2257995605469 -19.4160995483398 -19.6161003112793 -19.716100692749 -19.716100692749 -19.8064994812012 -19.9064998626709 -19.9064998626709 -20.0065002441406 -20.1065006256104 -20.2064990997314 -20.2968006134033 -20.4967994689941 -20.6968002319336 -20.7870998382568 -20.6968002319336 -20.7870998382568 -20.7870998382568 -20.8871002197266 -21.0870990753174 -21.1774005889893 -21.2773990631104 -21.2773990631104 -21.1774005889893 -21.0774002075195 -21.0870990753174 -21.0870990753174 -21.0774002075195 -21.0774002075195 -21.1774005889893
-17.4645004272461 -17.4645004272461 -17.4645004272461 -17.5452003479004 -17.5452003479004 -17.6452007293701 -17.7355003356934 -17.7355003356934 -17.7451992034912 -17.9354991912842 -18.1354999542236 -18.4258003234863 -18.6257991790771 -18.6161003112793 -18.8160991668701 -18.9160995483398 -19.216100692749 -19.3160991668701 -19.4160995483398 -19.5065002441406 -19.7064990997314 -19.8064994812012 -19.8064994812012 -19.9064998626709 -20.0065002441406 -20.1065006256104 -20.0967998504639 -20.1968002319336 -20.3967990875244 -20.4967994689941 -20.5870990753174 -20.5967998504639 -20.5967998504639 -20.6870994567871 -20.6968002319336 -20.7870998382568 -20.9871006011963 -20.9871006011963 -20.9773998260498 -20.8773994445801 -20.8871002197266 -20.8871002197266 -20.8773994445801 -20.8773994445801 -20.9773998260498 -21.0774002075195
-17.4645004272461 -17.4547996520996 -17.4547996520996 -17.5452003479004 -17.5452003479004 -17.5452003479004 -17.6354999542236 -17.7355003356934 -17.8257999420166 -17.8355007171631 -17.9258003234863 -18.1257991790771 -18.2257995605469 -18.4160995483398 -18.6161003112793 -18.8160991668701 -19.1161003112793 -19.1161003112793 -19.3160991668701 -19.6065006256104 -19.8064994812012 -19.7968006134033 -19.7968006134033 -19.8064994812012 -19.9064998626709 -20.0065002441406 -20.1968002319336 -20.1968002319336 -20.4967994689941 -20.5967998504639 -20.5967998504639 -20.4967994689941 -20.4871006011963 -20.4967994689941 -20.6870994567871 -20.6870994567871 -20.7870998382568 -20.7773990631104 -20.5870990753174 -20.6774005889893 -20.7773990631104 -20.7773990631104 -20.7773990631104 -20.7773990631104 -20.8773994445801 -20.8773994445801
-17.3645000457764 -17.3547992706299 -17.4451999664307 -17.4451999664307 -17.4451999664307 -17.5354995727539 -17.6354999542236 -17.7257995605469 -17.8257999420166 -17.8257999420166 -17.9258003234863 -18.0258007049561 -18.1257991790771 -18.3160991668701 -18.4064998626709 -18.5065002441406 -18.6065006256104 -18.8064994812012 -19.1065006256104 -19.4064998626709 -19.6065006256104 -19.7064990997314 -19.8064994812012 -19.8967990875244 -19.9967994689941 -20.0967998504639 -20.2968006134033 -20.1968002319336 -20.2968006134033 -20.3967990875244 -20.4967994689941 -20.4967994689941 -20.4871006011963 -20.4871006011963 -20.4967994689941 -20.6870994567871 -20.6870994567871 -20.5870990753174 -20.4871006011963 -20.4773998260498 -20.3871002197266 -20.3773994445801 -20.4773998260498 -20.4773998260498 -20.4773998260498 -20.4871006011963
-17.5548000335693 -17.3547992706299 -17.3451995849609 -17.3451995849609 -17.4354991912842 -17.6354999542236 -17.7257995605469 -17.8257999420166 -17.9160995483398 -17.9258003234863 -18.0160999298096 -18.1161003112793 -18.1257991790771 -18.2257995605469 -18.3160991668701 -18.4064998626709 -18.4967994689941 -18.5065002441406 -18.6968002319336 -18.8064994812012 -19.1065006256104 -19.2968006134033 -19.4967994689941 -19.7064990997314 -19.8967990875244 -19.9967994689941 -20.0967998504639 -20.0967998504639 -20.1968002319336 -20.2870998382568 -20.1968002319336 -20.2870998382568 -20.2870998382568 -20.1968002319336 -20.2968006134033 -20.3871002197266 -20.3871002197266 -20.2773990631104 -20.0870990753174 -20.0870990753174 -20.1774005889893 -19.9871006011963 -20.0774002075195 -20.0870990753174 -20.1774005889893 -20.1774005889893
-17.4547996520996 -17.3451995849609 -17.3451995849609 -17.3451995849609 -17.4451999664307 -17.6257991790771 -17.8257999420166 -18.1161003112793 -18.1161003112793 -18.1161003112793 -18.1161003112793 -18.3064994812012 -18.3160991668701 -18.3160991668701 -18.3160991668701 -18.4064998626709 -18.4064998626709 -18.4967994689941 -18.4967994689941 -18.6968002319336 -18.7968006134033 -18.9064998626709 -19.0065002441406 -19.1065006256104 -19.3064994812012 -19.5967998504639 -19.8967990875244 -19.8967990875244 -19.9064998626709 -19.8064994812012 -19.8967990875244 -19.9064998626709 -19.9967994689941 -20.0967998504639 -20.1870994567871 -20.1870994567871 -20.0870990753174 -19.8773994445801 -20.0774002075195 -20.1774005889893 -20.0870990753174 -20.0870990753174 -20.0870990753174 -20.1774005889893 -20.1870994567871 -20.2773990631104
-17.1452007293701 -17.1452007293701 -17.2451992034912 -17.4354991912842 -17.5354995727539 -17.8257999420166 -18.1257991790771 -18.4160995483398 -18.3160991668701 -18.3064994812012 -18.4064998626709 -18.4064998626709 -18.6065006256104 -18.7064990997314 -18.7064990997314 -18.7064990997314 -18.6065006256104 -18.5065002441406 -18.5967998504639 -18.5967998504639 -18.6968002319336 -18.8967990875244 -18.9967994689941 -19.0065002441406 -19.0967998504639 -19.1968002319336 -19.3064994812012 -19.5065002441406 -19.7064990997314 -19.8064994812012 -19.9064998626709 -19.9064998626709 -19.8967990875244 -19.9871006011963 -19.9871006011963 -19.8871002197266 -19.6968002319336 -19.6870994567871 -19.7870998382568 -19.8871002197266 -19.9773998260498 -19.9871006011963 -20.0774002075195 -20.0774002075195 -19.9871006011963 -19.9773998260498
-17.0452003479004 -17.0452003479004 -17.1354999542236 -17.3355007171631 -17.7257995605469 -18.1257991790771 -18.3160991668701 -18.3160991668701 -18.4160995483398 -18.4064998626709 -18.2064990997314 -18.3160991668701 -18.4064998626709 -18.5065002441406 -18.6065006256104 -18.7064990997314 -18.8064994812012 -18.8064994812012 -19.0065002441406 -19.1065006256104 -19.0065002441406 -18.8967990875244 -18.7968006134033 -18.8871002197266 -18.9967994689941 -19.0967998504639 -19.2064990997314 -19.2064990997314 -19.3160991668701 -19.4160995483398 -19.6065006256104 -19.7968006134033 -19.7968006134033 -19.6968002319336 -19.5967998504639 -19.4871006011963 -19.4967994689941 -19.5870990753174 -19.6870994567871 -19.8773994445801 -19.8871002197266 -19.9773998260498 -19.8871002197266 -19.9871006011963 -19.9773998260498 -20.0774002075195
-17.0354995727539 -17.1257991790771 -17.2257995605469 -17.3257999420166 -17.716100692749 -18.0160999298096 -18.1161003112793 -18.1161003112793 -18.1161003112793 -18.1065006256104 -18.216100692749 -18.3064994812012 -18.3064994812012 -18.3064994812012 -18.3064994812012 -18.4064998626709 -18.5967998504639 -18.6968002319336 -18.7968006134033 -18.9967994689941 -19.0967998504639 -19.1065006256104 -19.2968006134033 -19.2870998382568 -18.9871006011963 -18.9871006011963 -19.0967998504639 -19.1065006256104 -19.1161003112793 -19.1161003112793 -19.1161003112793 -19.2064990997314 -19.3064994812012 -19.3064994812012 -19.3871002197266 -19.4871006011963 -19.4871006011963 -19.5967998504639 -19.6870994567871 -19.6870994567871 -19.7870998382568 -19.7773990631104 -19.6870994567871 -19.8773994445801 -19.8773994445801 -19.8773994445801
-17.1257991790771 -17.1257991790771 -17.3160991668701 -17.3160991668701 -17.4160995483398 -17.7064990997314 -17.8160991668701 -18.0065002441406 -17.9064998626709 -17.9064998626709 -18.2064990997314 -18.3064994812012 -18.4064998626709 -18.4064998626709 -18.2064990997314 -18.1968002319336 -18.3967990875244 -18.4967994689941 -18.6968002319336 -18.9967994689941 -19.0967998504639 -19.2968006134033 -19.3967990875244 -19.1968002319336 -19.2870998382568 -18.9967994689941 -18.8967990875244 -18.9160995483398 -18.9160995483398 -19.0160999298096 -19.2064990997314 -19.2064990997314 -19.2968006134033 -19.2064990997314 -19.3967990875244 -19.4967994689941 -19.4967994689941 -19.4871006011963 -19.4871006011963 -19.5774002075195 -19.6870994567871 -19.6774005889893 -19.6774005889893 -19.6870994567871 -19.7773990631104 -19.7773990631104
-17.0354995727539 -17.1257991790771 -17.216100692749 -17.3160991668701 -17.3064994812012 -17.4064998626709 -17.5065002441406 -17.7064990997314 -17.8064994812012 -18.0967998504639 -18.1968002319336 -18.2968006134033 -18.3064994812012 -18.2968006134033 -18.3064994812012 -18.2064990997314 -18.2968006134033 -18.3967990875244 -18.5967998504639 -18.7968006134033 -18.9871006011963 -19.0870990753174 -19.1968002319336 -19.1968002319336 -18.9967994689941 -18.8967990875244 -18.7968006134033 -18.9064998626709 -19.0160999298096 -19.3160991668701 -19.4064998626709 -19.4064998626709 -19.4064998626709 -19.2968006134033 -19.1968002319336 -19.1968002319336 -19.1870994567871 -19.3871002197266 -19.3871002197266 -19.4773998260498 -19.3871002197266 -19.4773998260498 -19.4773998260498 -19.5774002075195 -19.6676998138428 -19.6676998138428
-17.0258007049561 -17.1161003112793 -17.2064990997314 -17.3064994812012 -17.3064994812012 -17.3967990875244 -17.5967998504639 -17.6968002319336 -17.7968006134033 -17.7968006134033 -17.8967990875244 -17.9967994689941 -18.0967998504639 -18.0967998504639 -18.1968002319336 -18.1968002319336 -18.1968002319336 -18.1968002319336 -18.3064994812012 -18.4967994689941 -18.5967998504639 -18.7968006134033 -18.8967990875244 -18.8967990875244 -18.7968006134033 -18.6968002319336 -18.8064994812012 -18.8160991668701 -19.0065002441406 -19.1065006256104 -19.1161003112793 -19.2064990997314 -19.2064990997314 -19.0967998504639 -19.1968002319336 -19.1968002319336 -19.1870994567871 -19.1870994567871 -19.2870998382568 -19.2870998382568 -19.3773994445801 -19.2870998382568 -19.3773994445801 -19.3773994445801 -19.3773994445801 -19.3773994445801
