ENMTML/All_vars/Predictors/EUR_b1_19/bio15.asc
NCOLS 411 
NROWS 214 
XLLCORNER -11.5 
YLLCORNER 35.666666666112 
CELLSIZE 0.166666666666667 
NODATA_value -3.4e+38 
[rows 140 to 159 of 214, columns 92 to 137 of 411]
0.0981595069169998 0.104195699095726 0.110098898410797 0.117982298135757 0.122042298316956 0.129487603902817 0.13340950012207 0.134180501103401 0.129901096224785 0.120890200138092 0.117153599858284 0.107484802603722 0.102914996445179 0.0931184664368629 0.0873446837067604 0.0882687866687775 0.0907872393727303 0.0903237536549568 0.0946868434548378 0.0976997464895248 0.210451304912567 0.28771710395813 0.272791892290115 0.218232497572899 0.13491390645504 0.120397701859474 0.127131596207619 0.144196897745132 0.155014798045158 0.178872495889664 0.208780601620674 0.239374697208405 0.257745087146759 0.269992500543594 0.280353605747223 0.279285609722137 0.275019198656082 0.277226209640503 0.279378086328506 0.2874675989151 0.295920997858047 0.305084198713303 0.317370712757111 0.32230418920517 0.332699686288834 0.339728713035583
0.0989116728305817 0.104161001741886 0.1121911033988 0.117405600845814 0.118021599948406 0.119858801364899 0.121891602873802 0.119457498192787 0.117036700248718 0.111808799207211 0.108208902180195 0.102297499775887 0.0963267982006073 0.0905050784349442 0.0855294317007065 0.0830115303397179 0.0861452892422676 0.0902898609638214 0.0968877524137497 0.135396704077721 0.20495280623436 0.239766195416451 0.239034503698349 0.160304695367813 0.141910701990128 0.130830496549606 0.149961099028587 0.175143599510193 0.185839802026749 0.218230500817299 0.241322502493858 0.262949705123901 0.279911011457443 0.283091694116592 0.283812791109085 0.274265110492706 0.271212309598923 0.275369495153427 0.280126690864563 0.286982297897339 0.294888496398926 0.309181094169617 0.323506593704224 0.330894112586975 0.341982394456863 0.34819370508194
0.0993522778153419 0.102783299982548 0.114866897463799 0.114452600479126 0.115905396640301 0.112687401473522 0.11101820319891 0.110626198351383 0.111178003251553 0.107965402305126 0.104377903044224 0.101848296821117 0.0974127128720284 0.0907326266169548 0.0878662467002869 0.0870236605405807 0.0882816463708878 0.0952082425355911 0.111283898353577 0.139901995658875 0.16896690428257 0.193259194493294 0.229981005191803 0.232360303401947 0.207528695464134 0.209475204348564 0.222096607089043 0.219087496399879 0.224197402596474 0.235743597149849 0.249218493700027 0.263309985399246 0.281127899885178 0.286407798528671 0.27520090341568 0.26682248711586 0.271133005619049 0.277324587106705 0.279255211353302 0.293000787496567 0.2986800968647 0.308742314577103 0.31866380572319 0.335199892520905 0.345548003911972 0.354650110006332
0.0999678671360016 0.1018325984478 0.111014701426029 0.114415496587753 0.113798797130585 0.107842296361923 0.105246499180794 0.108599603176117 0.10808239877224 0.107057303190231 0.103986099362373 0.0999138429760933 0.0964756086468697 0.0942078828811646 0.0929171368479729 0.0913919284939766 0.0935373231768608 0.100301496684551 0.108955003321171 0.126965701580048 0.136499896645546 0.166860893368721 0.17690110206604 0.193012595176697 0.213726192712784 0.236893996596336 0.248392298817635 0.23728309571743 0.241671904921532 0.245904594659805 0.247224301099777 0.263959288597107 0.271874696016312 0.277345299720764 0.270095586776733 0.264527797698975 0.273034512996674 0.282319486141205 0.285879790782928 0.277454704046249 0.294029712677002 0.302280813455582 0.303047895431519 0.310908496379852 0.346995711326599 0.299664288759232
0.101709797978401 0.102813996374607 0.104960300028324 0.111295603215694 0.114397197961807 0.105423301458359 0.103556796908379 0.111790902912617 0.106762699782848 0.103282801806927 0.0996682718396187 0.100004896521568 0.0998876914381981 0.0959003567695618 0.0925544574856758 0.0930248573422432 0.0964914411306381 0.0987130627036095 0.0996975377202034 0.100049503147602 0.114173896610737 0.136548206210136 0.168793693184853 0.21826359629631 0.237561196088791 0.245683804154396 0.255433708429337 0.272754102945328 0.259405910968781 0.261833012104034 0.260379493236542 0.253874510526657 0.254788905382156 0.255453705787659 0.27580401301384 0.274199992418289 0.274450212717056 0.262839794158936 0.259515196084976 0.250857204198837 0.260541409254074 0.303236991167068 0.300860106945038 0.274164497852325 0.336239486932755 0.357972890138626
0.109042100608349 0.104493796825409 0.109789699316025 0.115820802748203 0.11028940230608 0.102692298591137 0.109438501298428 0.108041100203991 0.107148498296738 0.100649200379848 0.0975639596581459 0.0969591066241264 0.0929402783513069 0.0890693515539169 0.0889139771461487 0.0919045731425285 0.0929894670844078 0.0955909192562103 0.0958630368113518 0.110778801143169 0.162008106708527 0.178708106279373 0.196242302656174 0.191588595509529 0.196803197264671 0.241255298256874 0.275667607784271 0.280768513679504 0.244484201073647 0.224859893321991 0.221241593360901 0.236544698476791 0.227811902761459 0.261392712593079 0.258329391479492 0.254807502031326 0.278699785470963 0.254180699586868 0.228646799921989 0.252424895763397 0.282814294099808 0.259917289018631 0.249834701418877 0.181306898593903 0.268590211868286 0.353915601968765
0.118156798183918 0.115839399397373 0.120944298803806 0.112369701266289 0.113932602107525 0.116362802684307 0.116171397268772 0.112263396382332 0.106398597359657 0.0985641330480576 0.0953868925571442 0.0868126228451729 0.0822111815214157 0.0870768800377846 0.0895024165511131 0.0978385582566261 0.099350206553936 0.091149277985096 0.151967093348503 0.163815796375275 0.164137899875641 0.162981301546097 0.172569304704666 0.172237500548363 0.15986080467701 0.162947297096252 0.209621906280518 0.193448200821877 0.212409496307373 0.191145107150078 0.171873301267624 0.194459095597267 0.194801196455956 0.225222498178482 0.278400212526321 0.281477391719818 0.256018787622452 0.220235601067543 0.209099695086479 0.254769414663315 0.253323704004288 0.164969205856323 0.183338493108749 0.217108607292175 0.256182491779327 0.36446088552475
0.139718100428581 0.136779800057411 0.129997000098228 0.128493696451187 0.123103000223637 0.121867999434471 0.119937300682068 0.110971100628376 0.104332603514194 0.0965969264507294 0.0846015736460686 0.073487177491188 0.077168196439743 0.0950476974248886 0.102774702012539 0.0992025583982468 0.0985439494252205 0.108209103345871 0.124038502573967 0.128231301903725 0.108602203428745 0.0986625924706459 0.153512597084045 0.139970004558563 0.136735305190086 0.138122901320457 0.145553395152092 0.112325802445412 0.14848630130291 0.148314595222473 0.162277802824974 0.213896498084068 0.252708792686462 0.277361690998077 0.256206303834915 0.252019912004471 0.212646305561066 0.232874095439911 0.258782714605331 0.241246998310089 0.280315905809402 0.179072305560112 0.195577099919319 0.255746006965637 0.357188910245895 0.349635988473892
0.158798798918724 0.157619997859001 0.151791498064995 0.137644201517105 0.132851898670197 0.130626901984215 0.121132902801037 0.114016100764275 0.104916103184223 0.0884264409542084 0.0708575323224068 0.0685739070177078 0.0858663767576218 0.117386296391487 0.126746296882629 0.0796299129724503 0.0971596091985703 0.0904754102230072 0.0896813496947289 0.0839521363377571 0.0749241188168526 0.0774151235818863 0.0858800336718559 0.0905844196677208 0.0868159532546997 0.0738765820860863 0.0908592119812965 0.0940390229225159 0.142709597945213 0.147674202919006 0.171321794390678 0.159786000847816 0.196874901652336 0.22635979950428 0.247534394264221 0.206136405467987 0.22887359559536 0.233601197600365 0.260889887809753 0.258326888084412 0.267630189657211 0.292699992656708 0.320385187864304 0.367894887924194 0.362957894802094 0.387825012207031
0.180833905935287 0.176995202898979 0.167671397328377 0.151978105306625 0.143007904291153 0.131282597780228 0.130989193916321 0.114934198558331 0.10314530134201 0.0772572234272957 0.0651965066790581 0.0651519373059273 0.0931034982204437 0.115560501813889 0.076207347214222 0.0952710807323456 0.0938885062932968 0.0740143731236458 0.0792363733053207 0.0745288729667664 0.0691267028450966 0.066325269639492 0.0648005828261375 0.0648785009980202 0.0661848112940788 0.0877187177538872 0.0998894274234772 0.109178796410561 0.168978199362755 0.186960503458977 0.237285703420639 0.19267849624157 0.212355405092239 0.221996694803238 0.212722703814507 0.210040599107742 0.175845593214035 0.234921097755432 0.258403986692429 0.276305705308914 0.186437606811523 0.270063310861588 0.357188701629639 0.357150912284851 0.335682094097137 0.381348788738251
0.203196406364441 0.195633500814438 0.182765901088715 0.152193203568459 0.137320995330811 0.146552801132202 0.137769803404808 0.118740297853947 0.103653803467751 0.0765663310885429 0.0608036890625954 0.0729908794164658 0.0936388224363327 0.0750867426395416 0.0851954966783524 0.0738692507147789 0.0895310863852501 0.0927246287465096 0.0709708780050278 0.069466270506382 0.0661680698394775 0.0722804367542267 0.0697325468063354 0.07373908162117 0.0952675268054008 0.0933359265327454 0.141477301716805 0.162833094596863 0.213551506400108 0.236010894179344 0.243255004286766 0.257649004459381 0.266033202409744 0.275628387928009 0.250085085630417 0.234690397977829 0.267557501792908 0.292984306812286 0.318988114595413 0.307652086019516 0.278590589761734 0.339673787355423 0.369940489530563 0.295947909355164 0.325439006090164 0.3833849132061
0.214553505182266 0.223689302802086 0.197493702173233 0.159257292747498 0.153985202312469 0.160295605659485 0.139677792787552 0.12177799642086 0.103044398128986 0.0751465186476707 0.0608680993318558 0.0658809766173363 0.0632387027144432 0.0638262778520584 0.0653332993388176 0.0679937824606895 0.070621632039547 0.0860278829932213 0.0879200175404549 0.0631210505962372 0.0593312382698059 0.0627072528004646 0.0614272989332676 0.0585885792970657 0.0586699396371841 0.0881811007857323 0.19643759727478 0.207302302122116 0.237371698021889 0.245875999331474 0.261429786682129 0.274444311857224 0.264264285564423 0.275097697973251 0.283429712057114 0.288889795541763 0.285076707601547 0.297525405883789 0.32043668627739 0.297670096158981 0.274345010519028 0.338469088077545 0.299677908420563 0.276740998029709 0.3097924888134 0.342383712530136
0.218884199857712 0.233332797884941 0.203180894255638 0.176109001040459 0.17647759616375 0.167178496718407 0.145991295576096 0.124589502811432 0.10735160112381 0.0717636123299599 0.0601424090564251 0.0578946396708488 0.0683296695351601 0.0698139891028404 0.0730874463915825 0.0954649373888969 0.0834135785698891 0.078425757586956 0.0898274704813957 0.0786987170577049 0.0706354081630707 0.0641117691993713 0.0567148700356483 0.0551814213395119 0.0600256398320198 0.144275099039078 0.189782604575157 0.21642529964447 0.215154603123665 0.232170298695564 0.242418095469475 0.265656501054764 0.26088160276413 0.275522708892822 0.289350509643555 0.294042885303497 0.296357601881027 0.299255192279816 0.288054496049881 0.327401399612427 0.321231693029404 0.321820497512817 0.248750805854797 0.266903102397919 0.325578510761261 0.329023391008377
0.229314595460892 0.242108002305031 0.220287695527077 0.183540299534798 0.168912202119827 0.172891706228256 0.159072697162628 0.130065605044365 0.105134598910809 0.0892963632941246 0.0692891404032707 0.0798233598470688 0.0710323229432106 0.0659637525677681 0.0714965984225273 0.0662587285041809 0.080115333199501 0.0916673913598061 0.0773970708250999 0.0603527799248695 0.0616569593548775 0.0637879371643066 0.0931370630860329 0.0916825383901596 0.102557003498077 0.177811294794083 0.212573304772377 0.209498703479767 0.197698205709457 0.202196896076202 0.212996795773506 0.216951504349709 0.213341906666756 0.218072295188904 0.227761998772621 0.235677599906921 0.251448810100555 0.238149896264076 0.278379410505295 0.27186518907547 0.274215310811996 0.236646398901939 0.275352895259857 0.297163993120193 0.257786095142365 0.186030700802803
0.187191992998123 0.238949298858643 0.224916398525238 0.184682801365852 0.167380198836327 0.167883306741714 0.150652199983597 0.120482802391052 0.0981892570853233 0.0823933407664299 0.0829928293824196 0.0688065364956856 0.0707448571920395 0.0682781413197517 0.0654678791761398 0.0660348534584045 0.0794245004653931 0.0672313868999481 0.0754976570606232 0.0707284435629845 0.0618145801126957 0.0550810396671295 0.0662056729197502 0.143728002905846 0.169112995266914 0.212623804807663 0.210256695747375 0.200045496225357 0.194626495242119 0.190423503518105 0.191502705216408 0.192803502082825 0.185316905379295 0.180164605379105 0.182283595204353 0.189639493823051 0.193110406398773 0.196418300271034 0.210737004876137 0.208295702934265 0.190799996256828 0.206730604171753 0.225992396473885 0.238302692770958 0.199581801891327 0.132633104920387
0.220721796154976 0.225227296352386 0.214983806014061 0.173299506306648 0.143694505095482 0.160479992628098 0.139501303434372 0.110342398285866 0.0906218364834785 0.0794766470789909 0.0763076767325401 0.0707759708166122 0.0734914764761925 0.0734531432390213 0.0723128020763397 0.0849288031458855 0.0723309069871902 0.0818509235978127 0.0796729326248169 0.0722900032997131 0.0577741116285324 0.0853412821888924 0.16380900144577 0.229417696595192 0.230866804718971 0.225237995386124 0.211478605866432 0.208267197012901 0.202863395214081 0.195440605282784 0.192512303590775 0.192233398556709 0.18172550201416 0.17574979364872 0.179699599742889 0.181168496608734 0.179814800620079 0.175980493426323 0.170119106769562 0.171863198280334 0.174721300601959 0.181399196386337 0.197591707110405 0.186207994818687 0.156068503856659 0.126228302717209
0.255125313997269 0.237747296690941 0.19891819357872 0.149016499519348 0.147549405694008 0.152616307139397 0.139423400163651 0.114026300609112 0.0921356528997421 0.0915292277932167 0.0820010527968407 0.0809035897254944 0.0805459171533585 0.0942142233252525 0.0840693935751915 0.0769652277231216 0.0840926468372345 0.0751432105898857 0.0713626965880394 0.0679932534694672 0.0731863901019096 0.177537396550179 0.257418513298035 0.259382992982864 0.249425902962685 0.232984006404877 0.221947997808456 0.214194804430008 0.209534704685211 0.206020295619965 0.204403400421143 0.200297802686691 0.195643603801727 0.193472504615784 0.194589197635651 0.193266093730927 0.186543196439743 0.176380202174187 0.16472339630127 0.160805106163025 0.161358594894409 0.166272595524788 0.171100795269012 0.16946730017662 0.153411105275154 0.136026695370674
0.263803899288177 0.202558502554893 0.170392796397209 0.148661807179451 0.143698200583458 0.148371696472168 0.145797595381737 0.128123000264168 0.116045199334621 0.0853705331683159 0.0825408101081848 0.097317710518837 0.0869778171181679 0.087576761841774 0.0951360017061234 0.0923439189791679 0.0861638709902763 0.0732074528932571 0.068997398018837 0.0912383124232292 0.143869996070862 0.231057703495026 0.26411709189415 0.273001104593277 0.263127207756042 0.24724580347538 0.232803493738174 0.223849207162857 0.219926595687866 0.221402302384377 0.222122400999069 0.222850501537323 0.221366703510284 0.218539595603943 0.219413995742798 0.216407805681229 0.201968804001808 0.184196397662163 0.170831903815269 0.161508098244667 0.157171204686165 0.157063603401184 0.158938303589821 0.161061495542526 0.155643105506897 0.151336193084717
0.210130304098129 0.1626306027174 0.147567003965378 0.152208104729652 0.146204993128777 0.142297297716141 0.160516500473022 0.128705695271492 0.0928780511021614 0.0874514430761337 0.0900996774435043 0.0996364578604698 0.0919322222471237 0.0936093926429749 0.0975432321429253 0.0923600867390633 0.0804282426834106 0.0776791870594025 0.0757499933242798 0.0812859833240509 0.172029197216034 0.229190498590469 0.248005300760269 0.256231009960175 0.260607212781906 0.251405090093613 0.241298407316208 0.235559403896332 0.240632802248001 0.242876306176186 0.248464897274971 0.242638900876045 0.234972700476646 0.235242605209351 0.241822302341461 0.243877306580544 0.220229804515839 0.198876306414604 0.184682205319405 0.173109605908394 0.166017800569534 0.15975159406662 0.158835396170616 0.161130905151367 0.164683505892754 0.167273804545403
0.160090193152428 0.145772099494934 0.145812794566154 0.147706404328346 0.156328499317169 0.176025003194809 0.165442004799843 0.141212105751038 0.120888896286488 0.104676999151707 0.0965135991573334 0.0999219492077827 0.0975905284285545 0.0980583876371384 0.0933669209480286 0.0919159278273582 0.0881970822811127 0.0844864770770073 0.0802755281329155 0.0819959193468094 0.161827802658081 0.215190097689629 0.234002202749252 0.244063004851341 0.252397894859314 0.251297205686569 0.248588904738426 0.249156504869461 0.258205503225327 0.268050998449326 0.272917687892914 0.247693404555321 0.222013995051384 0.233803406357765 0.231378898024559 0.226966798305511 0.228147402405739 0.215051606297493 0.202764198184013 0.192643702030182 0.181904792785645 0.175457894802094 0.171361595392227 0.168440401554108 0.170118093490601 0.173156797885895
