ENMTML/All_vars/Predictors/EUR_b1_19/bio14.asc
NCOLS 411 
NROWS 214 
XLLCORNER -11.5 
YLLCORNER 35.666666666112 
CELLSIZE 0.166666666666667 
NODATA_value -3.4e+38 
[rows 105 to 125 of 214, columns 188 to 234 of 411]
7.13169002532959 6.90139007568359 6.67102003097534 6.44016981124878 6.44048976898193 6.67074012756348 6.67093992233276 6.67093992233276 6.67086982727051 6.67098999023438 6.44073009490967 6.44069004058838 6.44075012207031 6.21075010299683 6.21059989929199 5.98043012619019 5.98067998886108 5.75068998336792 5.75108003616333 5.75130987167358 5.75192022323608 5.75215005874634 5.75292015075684 5.98401021957397 5.98453998565674 6.21471977233887 6.44562005996704 6.67613983154297 6.67608976364136 6.90662002563477 6.9067702293396 7.13724994659424 7.13697004318237 6.90619993209839 6.90570020675659 6.90528011322021 6.90499019622803 6.67439985275269 6.67422008514404 6.67383003234863 6.90466022491455 6.90459012985229 7.13534021377563 7.13563013076782 7.13608980178833 7.36730003356934 7.13652992248535
7.1315598487854 6.67129993438721 6.44097995758057 6.44083976745605 6.21028995513916 6.44075012207031 6.44083023071289 6.44048976898193 6.44067001342773 6.44056987762451 6.44089984893799 6.21046018600464 6.21065998077393 6.21066999435425 6.21076011657715 5.9803900718689 5.98066997528076 5.98126983642578 5.75146007537842 5.9819598197937 5.98230981826782 5.98304986953735 5.98351001739502 6.2145299911499 6.44548988342285 6.44551992416382 6.44589996337891 6.676109790802 6.67646980285645 6.90707015991211 6.90684986114502 6.90676021575928 6.90671014785767 6.90629005432129 6.90559005737305 7.13555002212524 6.90483999252319 6.67388010025024 6.44341993331909 6.67374992370605 6.67405986785889 6.67405986785889 6.90454006195068 6.90486001968384 6.90537977218628 6.90556001663208 6.90522003173828
6.67121982574463 6.67147016525269 6.44126987457275 6.21090984344482 6.21059989929199 6.21058988571167 6.21037006378174 6.21025991439819 6.21009016036987 6.21042013168335 6.21027994155884 5.98028993606567 5.97996997833252 6.21065998077393 6.21066999435425 5.98087978363037 5.98101997375488 5.9814600944519 6.21206998825073 6.21280002593994 6.21337985992432 6.21388006210327 6.21402978897095 6.44518995285034 6.44532012939453 6.44540023803711 6.44549989700317 6.67601013183594 6.6766300201416 6.67631006240845 6.90673017501831 6.9071798324585 6.9071798324585 6.90646982192993 6.90572023391724 6.6746997833252 6.67433023452759 6.44329977035522 6.44317007064819 6.44324016571045 6.67362022399902 6.67398023605347 6.67398023605347 6.67408990859985 6.67430019378662 6.67433977127075 6.67409992218018
6.44120979309082 6.21101999282837 6.21103000640869 6.21087980270386 5.98040008544922 5.97996997833252 5.97979021072388 5.98012018203735 5.97982978820801 5.9800500869751 5.9800500869751 5.97990989685059 5.9800500869751 5.98035001754761 5.98038005828857 5.98074007034302 5.98101997375488 5.98142004013062 6.21227979660034 6.44321012496948 6.44389009475708 6.4442400932312 6.44435977935791 6.44488000869751 6.44484996795654 6.67577981948853 6.67607021331787 6.67587995529175 6.90673017501831 6.67628002166748 6.9069299697876 6.90737009048462 6.90701007843018 6.9068398475647 6.90576982498169 6.67451000213623 6.44363021850586 6.2126898765564 6.44285011291504 6.44281005859375 6.44312000274658 6.44304990768433 6.67346000671387 6.67389011383057 6.67364978790283 6.67370986938477 6.44302988052368
6.21092987060547 5.98070001602173 5.98069000244141 5.98072004318237 5.98043012619019 5.98038005828857 5.74993991851807 5.74965000152588 5.74974012374878 5.74948978424072 5.74969005584717 5.75003004074097 5.74993991851807 5.980299949646 5.98044013977051 5.98075008392334 5.98104000091553 6.2118501663208 6.2122597694397 6.44373989105225 6.67426013946533 6.67439985275269 6.67455005645752 6.67489004135132 6.67530012130737 6.67535018920898 6.67545986175537 6.90627002716064 6.90645980834961 6.90644979476929 6.9069299697876 6.90694999694824 6.90712022781372 6.9068398475647 6.67517995834351 6.44401979446411 6.21254014968872 6.21223020553589 6.21258020401001 6.44268989562988 6.44289016723633 6.4432201385498 6.44316005706787 6.443039894104 6.44316005706787 6.44305992126465 6.44267988204956
5.7506799697876 5.75049018859863 5.7502498626709 5.7502498626709 5.75032997131348 5.74992990493774 5.74980020523071 5.74939012527466 5.74939012527466 5.74939012527466 5.74981021881104 5.74946022033691 5.75021982192993 5.74989986419678 5.75015020370483 5.98063993453979 6.2113299369812 6.21187019348145 6.44235992431641 6.44293022155762 6.67398977279663 6.6741099357605 6.67421007156372 6.67448997497559 6.67468976974487 6.67510986328125 6.67541980743408 6.9060001373291 6.90651988983154 6.90640020370483 6.90676021575928 6.90665006637573 6.90674018859863 6.67605018615723 6.44462013244629 6.44400978088379 6.2127799987793 6.21229982376099 6.21222019195557 6.21199989318848 6.21238994598389 6.44291019439697 6.44296979904175 6.44301986694336 6.44305992126465 6.44264984130859 6.21229982376099
5.75073003768921 5.7506799697876 5.75066995620728 5.52008008956909 5.5199499130249 5.51962995529175 5.51949977874756 5.51950979232788 5.51955986022949 5.51935005187988 5.51936006546021 5.51943016052246 5.51956987380981 5.74981021881104 5.75017976760864 5.98076009750366 5.98069000244141 6.21170997619629 6.44204998016357 6.67306995391846 6.67315006256104 6.67383003234863 6.67366981506348 6.67399978637695 6.67468976974487 6.67470979690552 6.67502021789551 6.67519998550415 6.6754298210144 6.90613985061646 6.90637016296387 6.67575979232788 6.67573976516724 6.44503021240234 6.44416999816895 6.21343994140625 6.21294021606445 6.21237993240356 6.21228981018066 6.21196985244751 6.21197986602783 6.21196985244751 6.21199989318848 6.44240999221802 6.44240999221802 6.44255018234253 6.44233989715576
5.75099992752075 5.75076007843018 5.52057981491089 5.52002000808716 5.52002000808716 5.51973009109497 5.2891697883606 5.05928993225098 5.28918981552124 5.51944017410278 5.51916980743408 5.51957988739014 5.519859790802 5.51913976669312 5.75003004074097 5.75022983551025 5.9804801940918 6.44165992736816 6.67217016220093 6.67227983474731 6.67263984680176 6.67266988754272 6.67312002182007 6.67337989807129 6.67394018173218 6.67431020736694 6.67457008361816 6.67480993270874 6.67523002624512 6.67526006698608 6.6753101348877 6.67541980743408 6.67538022994995 6.44434022903442 6.4440598487854 6.21308994293213 6.21288013458252 6.21235990524292 6.21211004257202 6.21208000183105 6.21206998825073 6.21206998825073 6.21238994598389 6.44256019592285 6.4426097869873 6.44261980056763 6.44244003295898
5.52085018157959 5.52068996429443 5.52041006088257 5.52016019821167 5.28984022140503 5.28936004638672 5.0589599609375 5.05902004241943 5.28919982910156 5.28926992416382 5.28920984268188 5.51936006546021 5.51962995529175 5.51924991607666 5.74960994720459 5.74984979629517 5.98044013977051 6.44114017486572 6.44151020050049 6.67204999923706 6.44207000732422 6.44185018539429 6.67257976531982 6.67271995544434 6.67350006103516 6.67378997802734 6.67412996292114 6.67441987991333 6.67468976974487 6.67490005493164 6.67486000061035 6.67481994628906 6.44434976577759 6.44428014755249 6.44361019134521 6.213210105896 6.21233987808228 6.21236991882324 6.21218013763428 6.21195983886719 6.21214008331299 6.21215009689331 6.44254016876221 6.44248008728027 6.44231986999512 6.44236993789673 6.44220018386841
5.52090978622437 5.52054977416992 5.52050018310547 5.29010009765625 5.28982019424438 5.28975009918213 5.08192014694214 5.08184003829956 5.28943014144897 5.28913021087646 5.51945018768311 5.51935005187988 5.51928997039795 5.51920986175537 5.5192699432373 5.74978017807007 6.21005010604858 6.23327016830444 6.44145011901855 6.44159984588623 6.21115016937256 6.21104001998901 6.21150016784668 6.4420599937439 6.44247007369995 6.44280004501343 6.44331979751587 6.44373989105225 6.67428016662598 6.67443990707397 6.67425012588501 6.67461013793945 6.44376993179321 6.44387006759644 6.44341993331909 6.21282005310059 6.21239995956421 5.98197984695435 6.21230983734131 6.21206998825073 6.21187019348145 6.44225978851318 6.44221019744873 6.44233989715576 6.44231986999512 6.44236993789673 6.44216012954712
5.52091979980469 5.52049016952515 5.52053022384644 5.52037000656128 5.28976011276245 5.28995990753174 5.29008007049561 5.28986978530884 5.28954982757568 5.28953981399536 5.51943016052246 5.51949977874756 5.51928997039795 5.51911020278931 5.51925992965698 5.74969005584717 6.00256013870239 6.04786014556885 6.27819013595581 6.30103015899658 6.2110800743103 5.98023986816406 5.74969005584717 6.21121978759766 6.21165990829468 6.44271993637085 6.4432201385498 6.44351005554199 6.67404985427856 6.67445993423462 6.67445993423462 6.67440986633301 6.44363021850586 6.44362020492554 6.44338989257812 6.21288013458252 6.21230983734131 6.21230983734131 6.21218013763428 6.21196985244751 6.44236993789673 6.44210004806519 6.44256019592285 6.44233989715576 6.44232988357544 6.44236993789673 6.67276000976562
5.75071001052856 5.75065994262695 5.52040004730225 5.75036001205444 5.75041007995605 5.52011013031006 5.28995990753174 5.29013013839722 5.28949022293091 5.28941011428833 5.51947021484375 5.51937007904053 5.51924991607666 5.51925992965698 5.74912023544312 5.7496600151062 5.79474020004272 5.8172402381897 5.86256980895996 5.8851900100708 5.84031009674072 5.79482984542847 5.74972009658813 5.98081016540527 6.21198987960815 6.21246004104614 6.44318008422852 6.44327020645142 6.67394018173218 6.67405986785889 6.67382001876831 6.67408990859985 6.67404985427856 6.44325017929077 6.4431300163269 6.44283008575439 6.21251010894775 6.21208000183105 6.2121901512146 6.44223022460938 6.4424901008606 6.67268991470337 6.6729998588562 6.67262983322144 6.67266988754272 6.6726598739624 6.67246007919312
5.98070001602173 5.75061988830566 5.75032997131348 5.75020980834961 5.75036001205444 5.52020978927612 5.52000999450684 5.28957986831665 5.28975009918213 5.28945016860962 5.51964998245239 5.51909017562866 5.51909017562866 5.74939012527466 5.74916982650757 5.74954986572266 5.77240991592407 5.60941982269287 5.63216018676758 5.63260984420776 5.40247011184692 5.38030004501343 5.35781002044678 5.77363014221191 6.2121000289917 6.21224021911621 6.44301986694336 6.67350006103516 6.67375993728638 6.67382001876831 6.67397022247314 6.67369985580444 6.67365980148315 6.67363023757935 6.44295978546143 6.44292020797729 6.44280004501343 6.44282007217407 6.44222021102905 6.44255018234253 6.67300987243652 6.67262983322144 6.67263984680176 6.67263984680176 6.67247009277344 6.6728401184082 6.67262983322144
5.9804801940918 5.98054981231689 5.75010013580322 5.75005006790161 5.75007009506226 5.75014019012451 5.51978015899658 5.51996994018555 5.51965999603271 5.51981019973755 5.28894996643066 5.51941013336182 5.51946020126343 5.74946022033691 5.54157018661499 5.54174995422363 5.56446981430054 5.58731985092163 5.3795599937439 5.38020992279053 5.17259979248047 4.94281005859375 5.12824010848999 5.35853004455566 5.79683017730713 6.21235990524292 6.44297981262207 6.67371988296509 6.67354011535645 6.67378997802734 6.67374992370605 6.67363023757935 6.6734299659729 6.44328022003174 6.44309997558594 6.44304990768433 6.21257019042969 6.44283008575439 6.44259977340698 6.44278001785278 6.67326021194458 6.67293977737427 6.67293977737427 6.90306997299194 6.90294981002808 6.90292978286743 6.90301990509033
5.98018980026245 5.98016977310181 5.98012018203735 5.97999000549316 5.98018980026245 5.74969005584717 5.74993991851807 5.74965000152588 5.74985980987549 5.74978017807007 5.7494797706604 5.74944019317627 5.51915979385376 5.74926996231079 5.54172992706299 5.54172992706299 5.56412982940674 5.35684013366699 5.35712003707886 5.14952993392944 4.94238996505737 4.73535013198853 4.9433798789978 5.15096998214722 5.79701995849609 6.23526000976562 6.67371988296509 6.67360019683838 6.90388011932373 6.90401983261108 6.6736798286438 6.67388010025024 6.44314002990723 6.44320011138916 6.44306993484497 6.44288015365601 6.21247005462646 6.21252012252808 6.44289016723633 6.44281005859375 6.67355012893677 6.67314004898071 6.90322017669678 6.9028000831604 6.9032998085022 6.90312004089355 6.90291976928711
6.21026992797852 6.21023988723755 6.21036005020142 6.21012020111084 6.44027996063232 6.21014022827148 5.9798698425293 5.97996997833252 5.74954986572266 5.74945020675659 5.74934005737305 5.74937009811401 5.74933004379272 5.74918985366821 5.7717399597168 5.77204990386963 5.56438016891479 5.35671997070312 5.14927005767822 5.14961004257202 4.94211006164551 4.73470020294189 4.94310998916626 5.15095996856689 5.79718017578125 6.23511981964111 6.46552991867065 6.90393018722534 6.90388011932373 6.90395021438599 6.67387008666992 6.67389011383057 6.44348001480103 6.44348001480103 6.44314002990723 6.21272993087769 6.21267986297607 6.21238994598389 6.4426097869873 6.44289016723633 6.67323017120361 6.67327976226807 6.90351009368896 7.13366985321045 7.1335301399231 7.13315010070801 7.13334989547729
6.44000005722046 6.440110206604 6.44022989273071 6.43991994857788 6.43990993499756 6.67043018341064 6.44004011154175 6.20985984802246 5.97953987121582 5.97947978973389 5.74930000305176 5.7492299079895 5.74952983856201 5.77159976959229 5.77191019058228 5.77185010910034 5.7719898223877 5.56441020965576 5.35667991638184 5.12679004669189 5.12713003158569 5.15006017684937 5.15051984786987 5.38113021850586 5.79700994491577 6.23537015914917 6.67363023757935 6.90396022796631 6.90410995483398 6.90431976318359 6.67368984222412 6.67387008666992 6.44343996047974 6.21307992935181 6.21305990219116 6.21274995803833 6.21225023269653 6.21214008331299 6.21206998825073 6.44259977340698 6.67305994033813 6.67307996749878 6.90352010726929 7.13356018066406 7.13340997695923 7.13333988189697 7.1336498260498
6.43966007232666 6.43978977203369 6.43956995010376 6.43971014022827 6.67009019851685 6.67000007629395 6.67010021209717 6.43986988067627 6.20968008041382 5.97957992553711 5.9793701171875 5.97943019866943 5.97948980331421 5.97955989837646 5.97925996780396 5.97950983047485 5.77194976806641 5.77187013626099 5.56433010101318 5.54198980331421 5.33475017547607 5.56531000137329 5.58832979202271 5.79665994644165 6.02722978591919 6.25771999359131 6.67366981506348 6.90426015853882 7.13430976867676 6.90433979034424 6.90419006347656 6.67382001876831 6.44364976882935 6.21331977844238 6.21286010742188 6.21264982223511 6.21213006973267 6.2120099067688 6.21175003051758 6.44250011444092 6.67297983169556 6.90349006652832 6.90349006652832 7.13335990905762 7.13388013839722 7.13339996337891 7.13356018066406
6.66960000991821 6.66957998275757 6.43943977355957 6.43943977355957 6.43941020965576 6.6696400642395 6.66983985900879 6.67010021209717 6.67003011703491 6.43981981277466 6.2095799446106 5.97944021224976 5.74904012680054 5.97929000854492 5.97945022583008 5.97949981689453 5.97923994064331 5.97951984405518 5.74937009811401 5.51929998397827 5.51961994171143 5.77263021469116 5.79573011398315 6.00436019897461 6.23498010635376 6.46575021743774 6.90429019927979 6.90417003631592 7.13455009460449 7.13465976715088 6.90419006347656 6.6736102104187 6.44341993331909 6.21307992935181 6.21282005310059 6.21249008178711 5.98142004013062 5.98120021820068 6.211510181427 6.44240999221802 6.67279005050659 6.90309000015259 7.13334989547729 7.13387012481689 7.13391017913818 7.13368988037109 7.13350009918213
6.89945983886719 6.89944982528687 6.66906023025513 6.43931007385254 6.66960000991821 6.66956996917725 6.43934011459351 6.43954992294312 6.43971014022827 6.20966005325317 5.97960996627808 5.74920988082886 5.74921989440918 5.74911022186279 5.97946977615356 5.97941017150879 5.97962999343872 5.97962999343872 5.97949981689453 5.97946977615356 5.97993993759155 6.21058988571167 6.21170997619629 6.23503017425537 6.67363023757935 6.69599008560181 6.90448999404907 7.13481998443604 7.13458013534546 7.13437986373901 6.90423011779785 6.67374992370605 6.44310998916626 6.21328020095825 6.21263980865479 6.21215009689331 5.9815502166748 6.21124982833862 6.2113299369812 6.67224979400635 6.6725001335144 7.13331985473633 7.13371992111206 7.13375997543335 7.13373994827271 7.13386011123657 6.90340995788574
7.12911987304688 7.12891006469727 6.89886999130249 6.66885995864868 6.43882989883423 6.43910980224609 6.43930006027222 6.43978977203369 6.20961999893188 6.2096700668335 5.97945022583008 5.97958993911743 5.97932004928589 5.97939014434814 5.97933006286621 5.97945976257324 5.97949981689453 5.97946977615356 5.97958993911743 5.9798002243042 6.21039009094238 6.44135999679565 6.67259979248047 6.67327976226807 6.90402984619141 7.13493013381958 7.13501977920532 7.13529014587402 7.13482999801636 7.13468980789185 7.13430976867676 6.67373991012573 6.44326019287109 6.44299983978271 6.21271991729736 6.21203994750977 6.21169996261597 6.44184017181396 6.44183015823364 6.6724100112915 6.90320014953613 7.13378000259399 7.13385009765625 7.1343297958374 7.13396978378296 7.13405990600586 7.13376998901367
