ENMTML/All_vars/Predictors/EUR_b1_19/bio15.asc
NCOLS 411 
NROWS 214 
XLLCORNER -11.5 
YLLCORNER 35.666666666112 
CELLSIZE 0.166666666666667 
NODATA_value -3.4e+38 
[rows 140 to 159 of 214, columns 184 to 229 of 411]
0.226042494177818 0.238398596644402 0.25059249997139 0.266923397779465 0.288818508386612 0.299200505018234 0.305068492889404 0.312548696994781 0.317346185445786 0.320510894060135 0.313973009586334 0.302795112133026 0.294550210237503 0.281989902257919 0.2719407081604 0.261941909790039 0.256985485553741 0.25321888923645 0.250146299600601 0.255706787109375 0.260605186223984 0.265165597200394 0.26861560344696 0.264903396368027 0.260644286870956 0.264977812767029 0.305688589811325 0.308047711849213 0.296909004449844 0.329399406909943 0.360869795084 0.380600899457932 0.392330497503281 0.402848809957504 0.410447090864182 0.42289000749588 0.437733292579651 0.451145887374878 0.470777899026871 0.488999485969543 0.503660321235657 0.498698085546494 0.49048438668251 0.484569191932678 0.480363011360168 0.476449608802795
0.225168406963348 0.238999307155609 0.247599601745605 0.261757701635361 0.271156400442123 0.284642904996872 0.290924489498138 0.299109011888504 0.304274290800095 0.301906794309616 0.300606191158295 0.291783213615417 0.285145491361618 0.280553311109543 0.27015221118927 0.264333188533783 0.2606320977211 0.25632518529892 0.258120507001877 0.263266414403915 0.266719907522202 0.271363586187363 0.278984695672989 0.270329385995865 0.25934249162674 0.270585596561432 0.297743499279022 0.335641711950302 0.329687893390656 0.334007203578949 0.342674195766449 0.366208106279373 0.391391605138779 0.404273509979248 0.411190509796143 0.423398286104202 0.435918092727661 0.452368289232254 0.467528790235519 0.489222288131714 0.516894519329071 0.513570487499237 0.503314673900604 0.497249394655228 0.493636310100555 0.482728093862534
0.229653492569923 0.240850895643234 0.250714302062988 0.256824910640717 0.267218589782715 0.273590296506882 0.283238798379898 0.287770092487335 0.293305605649948 0.291186600923538 0.287340104579926 0.284434288740158 0.276646792888641 0.275601595640182 0.268730700016022 0.265040814876556 0.261015087366104 0.259701311588287 0.261631488800049 0.265837401151657 0.271096408367157 0.281520009040833 0.28172180056572 0.280676603317261 0.27294260263443 0.260857701301575 0.257762998342514 0.291664212942123 0.33381861448288 0.354061990976334 0.365203499794006 0.371847212314606 0.391232013702393 0.402106702327728 0.412388294935226 0.424134910106659 0.436390310525894 0.452230095863342 0.474446386098862 0.487716287374496 0.511022925376892 0.513907492160797 0.509099781513214 0.503092288970947 0.497633308172226 0.486882001161575
0.236225500702858 0.240448594093323 0.246831700205803 0.254644393920898 0.257860988378525 0.268104314804077 0.272229999303818 0.276474505662918 0.282943606376648 0.278805285692215 0.280380100011826 0.277103096246719 0.273246705532074 0.271588802337646 0.267427802085876 0.260348588228226 0.261329889297485 0.262695014476776 0.265990495681763 0.272803097963333 0.284077107906342 0.285577595233917 0.288563996553421 0.289690792560577 0.287417411804199 0.293505400419235 0.298100590705872 0.313702285289764 0.324501186609268 0.340284585952759 0.355993509292603 0.358320087194443 0.385631114244461 0.396610885858536 0.414048999547958 0.427296489477158 0.438893109560013 0.449467301368713 0.461296290159225 0.479444712400436 0.494971603155136 0.510275423526764 0.512395620346069 0.502953112125397 0.501899182796478 0.490918010473251
0.231548398733139 0.237330302596092 0.243174403905869 0.248160004615784 0.254808306694031 0.260277897119522 0.264049202203751 0.266900688409805 0.273264199495316 0.275775611400604 0.276140213012695 0.271613210439682 0.267807900905609 0.262754708528519 0.267655700445175 0.259973406791687 0.255446314811707 0.261871308088303 0.273311495780945 0.28106489777565 0.289526909589767 0.295085489749908 0.301386594772339 0.311742603778839 0.30973869562149 0.320804089307785 0.321859985589981 0.330751985311508 0.335233211517334 0.337916105985641 0.339031189680099 0.346397191286087 0.362580895423889 0.392972111701965 0.416446089744568 0.425911992788315 0.435870587825775 0.447029590606689 0.456390202045441 0.468407303094864 0.476774513721466 0.492092311382294 0.507609009742737 0.507821202278137 0.506783783435822 0.494222193956375
0.227187797427177 0.234668999910355 0.241490602493286 0.243794098496437 0.250111103057861 0.256285101175308 0.260877013206482 0.265482097864151 0.265551805496216 0.268611997365952 0.266570389270782 0.268784791231155 0.262870401144028 0.265484213829041 0.260440289974213 0.260200798511505 0.261659204959869 0.267425894737244 0.281386494636536 0.296819597482681 0.310368210077286 0.314464002847672 0.327571213245392 0.336658895015717 0.339395493268967 0.352816790342331 0.362494289875031 0.35936439037323 0.355639696121216 0.359032392501831 0.350027590990067 0.348866403102875 0.36392268538475 0.404021888971329 0.418529212474823 0.424346387386322 0.431416213512421 0.448583692312241 0.454670011997223 0.461967408657074 0.480675995349884 0.486463308334351 0.497176587581635 0.506828606128693 0.505258619785309 0.499669313430786
0.224314495921135 0.230939894914627 0.234063103795052 0.23667100071907 0.24187059700489 0.251284807920456 0.255538403987885 0.259444892406464 0.263005793094635 0.263950109481812 0.263032704591751 0.264817088842392 0.265243887901306 0.262467205524445 0.262665212154388 0.26468101143837 0.268104195594788 0.277139693498611 0.291182309389114 0.311501502990723 0.318381905555725 0.336766093969345 0.347373306751251 0.355084985494614 0.36705669760704 0.387704998254776 0.397201985120773 0.39386859536171 0.388239294290543 0.374679207801819 0.368287086486816 0.365786612033844 0.376913100481033 0.39920300245285 0.418943792581558 0.431950598955154 0.44387811422348 0.455793589353561 0.453891694545746 0.470165193080902 0.468161791563034 0.484347492456436 0.490502804517746 0.502268016338348 0.499691396951675 0.495776206254959
0.218388706445694 0.228032797574997 0.229232206940651 0.232889801263809 0.239559695124626 0.241048395633698 0.253297209739685 0.258921593427658 0.261966586112976 0.26237890124321 0.262868195772171 0.259610891342163 0.258011788129807 0.260514199733734 0.261867493391037 0.261986404657364 0.271836191415787 0.280571609735489 0.287400096654892 0.303433388471603 0.341375887393951 0.354315489530563 0.364590913057327 0.374775111675262 0.390862613916397 0.412719398736954 0.421827495098114 0.419029802083969 0.403826802968979 0.393691897392273 0.38986599445343 0.389228403568268 0.393177390098572 0.403825491666794 0.419709205627441 0.434549391269684 0.436284512281418 0.457814812660217 0.459961503744125 0.449752897024155 0.46405041217804 0.462538599967957 0.466637194156647 0.48518431186676 0.48864158987999 0.482931107282639
0.217678397893906 0.225307703018188 0.22744819521904 0.233284801244736 0.237046495079994 0.242051497101784 0.251846700906754 0.256911605596542 0.260981500148773 0.25840300321579 0.259450405836105 0.257887005805969 0.258614808320999 0.259169787168503 0.264759093523026 0.266653001308441 0.2725909948349 0.290041595697403 0.314009189605713 0.309745192527771 0.340368688106537 0.361376911401749 0.37134250998497 0.376624405384064 0.384802311658859 0.411611706018448 0.42729589343071 0.424895703792572 0.4174525141716 0.411466389894485 0.404098510742188 0.408234506845474 0.405738890171051 0.418071806430817 0.432557791471481 0.439872413873672 0.443780392408371 0.44774979352951 0.455125689506531 0.465278297662735 0.456247299909592 0.455897688865662 0.454478889703751 0.464652895927429 0.473862797021866 0.464894086122513
0.217864900827408 0.224633798003197 0.229082599282265 0.234635606408119 0.238584503531456 0.251396089792252 0.258023589849472 0.261012196540833 0.258841514587402 0.259840786457062 0.256561011075974 0.258312791585922 0.258167713880539 0.256135493516922 0.262928694486618 0.269139587879181 0.27519029378891 0.284339785575867 0.307559013366699 0.326098412275314 0.33919569849968 0.365970402956009 0.37592339515686 0.384633094072342 0.393588691949844 0.409745097160339 0.420249491930008 0.422260910272598 0.421702086925507 0.421340197324753 0.41886779665947 0.413957804441452 0.417171597480774 0.424656599760056 0.43769559264183 0.443558901548386 0.452462404966354 0.459483593702316 0.442419111728668 0.464444488286972 0.453962087631226 0.448381513357162 0.454486310482025 0.459536701440811 0.454487711191177 0.448904991149902
0.215556100010872 0.223919600248337 0.230704993009567 0.237617895007133 0.245965704321861 0.268603503704071 0.265995413064957 0.260240495204926 0.258798003196716 0.252986788749695 0.254577606916428 0.253192692995071 0.25258681178093 0.259232699871063 0.262876003980637 0.28206679224968 0.281155914068222 0.298565208911896 0.309688091278076 0.322303414344788 0.329046010971069 0.354417085647583 0.371276587247849 0.386196285486221 0.396261304616928 0.407610505819321 0.414724588394165 0.417448908090591 0.421602100133896 0.424034208059311 0.425451397895813 0.42760381102562 0.429381489753723 0.434825986623764 0.442793607711792 0.446807414293289 0.454789191484451 0.460592806339264 0.455492705106735 0.447373896837234 0.460794001817703 0.450555205345154 0.436566799879074 0.440725713968277 0.442363709211349 0.433795094490051
0.212235003709793 0.217799305915833 0.223093494772911 0.229652807116508 0.243110999464989 0.255885809659958 0.256074786186218 0.256561100482941 0.253919899463654 0.250845611095428 0.246729806065559 0.248461499810219 0.25184229016304 0.254799485206604 0.26166570186615 0.272777706384659 0.282474488019943 0.295405596494675 0.310429304838181 0.320880591869354 0.338972985744476 0.346577703952789 0.365110814571381 0.383173197507858 0.393768489360809 0.401678711175919 0.402650713920593 0.4134900867939 0.424026489257812 0.430044502019882 0.433652698993683 0.432237088680267 0.435887098312378 0.435599595308304 0.443068504333496 0.449617803096771 0.459904491901398 0.457620888948441 0.463710308074951 0.454238086938858 0.444132506847382 0.44778248667717 0.43647301197052 0.425038814544678 0.424438089132309 0.419071197509766
0.202467501163483 0.206466898322105 0.215790003538132 0.224310293793678 0.237335100769997 0.240600302815437 0.243849992752075 0.250151991844177 0.247346892952919 0.246901899576187 0.247512504458427 0.24152959883213 0.244197398424149 0.252955704927444 0.260855287313461 0.268733590841293 0.28166189789772 0.286943405866623 0.302440494298935 0.313750505447388 0.327558994293213 0.339886695146561 0.347773909568787 0.367044895887375 0.372922390699387 0.387788891792297 0.399203687906265 0.410253703594208 0.420841485261917 0.433979094028473 0.43443700671196 0.432826191186905 0.437095403671265 0.435153514146805 0.442368686199188 0.445240914821625 0.451945185661316 0.453912794589996 0.459091991186142 0.452184200286865 0.445782601833344 0.43972909450531 0.424239009618759 0.405849009752274 0.404368311166763 0.405303388834
0.194856405258179 0.202720403671265 0.2108334004879 0.214464604854584 0.220525905489922 0.227497592568398 0.233058899641037 0.240822196006775 0.242309004068375 0.241396605968475 0.239996299147606 0.235882997512817 0.234605997800827 0.245662093162537 0.250950485467911 0.260937809944153 0.274292409420013 0.291758298873901 0.31224849820137 0.341011494398117 0.354878008365631 0.34786468744278 0.343095690011978 0.354506403207779 0.375874608755112 0.391259700059891 0.397818207740784 0.40124499797821 0.413572490215302 0.423976808786392 0.427847504615784 0.42782860994339 0.424892991781235 0.429711788892746 0.43398728966713 0.436545789241791 0.444323301315308 0.452762305736542 0.456559300422668 0.447047710418701 0.432961106300354 0.423231899738312 0.404296785593033 0.385948807001114 0.389629602432251 0.391701996326447
0.191019296646118 0.198582395911217 0.199380695819855 0.202488794922829 0.207272693514824 0.215425103902817 0.222590297460556 0.23063500225544 0.236925005912781 0.237863197922707 0.234985798597336 0.233805105090141 0.233979001641273 0.245973706245422 0.255464285612106 0.266180396080017 0.274334996938705 0.285130590200424 0.319663912057877 0.332784801721573 0.347534090280533 0.342967301607132 0.338373899459839 0.360233396291733 0.378091096878052 0.379350602626801 0.380609691143036 0.378045290708542 0.387923091650009 0.393899112939835 0.407467097043991 0.399994790554047 0.390769392251968 0.383436411619186 0.388543695211411 0.398709386587143 0.413314312696457 0.43009939789772 0.416384786367416 0.413388609886169 0.403095602989197 0.402147203683853 0.393543303012848 0.383644312620163 0.376768887042999 0.375200599431992
0.187446504831314 0.196696594357491 0.19452540576458 0.195618003606796 0.196884304285049 0.204035595059395 0.217672795057297 0.225003600120544 0.231038093566895 0.230616196990013 0.234824299812317 0.237670093774796 0.237368196249008 0.247681900858879 0.258435994386673 0.274460703134537 0.28229358792305 0.292125403881073 0.294951587915421 0.332434296607971 0.352710008621216 0.355200499296188 0.35157510638237 0.360444098711014 0.36189329624176 0.371484786272049 0.368508487939835 0.374197393655777 0.386082500219345 0.386936813592911 0.395191192626953 0.396772086620331 0.397004008293152 0.394185096025467 0.388552606105804 0.397700607776642 0.399944394826889 0.379461109638214 0.389546990394592 0.388451397418976 0.385825306177139 0.386386692523956 0.382847785949707 0.379818111658096 0.372458785772324 0.360403388738632
0.190243303775787 0.200789704918861 0.202828302979469 0.195896595716476 0.193186596035957 0.198092803359032 0.20863039791584 0.219786703586578 0.224490895867348 0.232433095574379 0.232025995850563 0.235935494303703 0.238500997424126 0.24648329615593 0.259256303310394 0.274611711502075 0.292360186576843 0.325538009405136 0.311386287212372 0.331689089536667 0.347009807825089 0.345540910959244 0.350508689880371 0.350716114044189 0.354853689670563 0.355858892202377 0.364660412073135 0.367214798927307 0.370158314704895 0.375789999961853 0.380128800868988 0.383681893348694 0.388358503580093 0.390132308006287 0.393524289131165 0.397621214389801 0.388878613710403 0.386282414197922 0.383439689874649 0.383452087640762 0.378185987472534 0.376787185668945 0.369037389755249 0.360013097524643 0.351308703422546 0.338629394769669
0.191910594701767 0.201431199908257 0.21163709461689 0.210399493575096 0.200736492872238 0.201743900775909 0.204264506697655 0.213689893484116 0.219455495476723 0.225911498069763 0.234675601124763 0.234705895185471 0.236085996031761 0.248677104711533 0.249863103032112 0.280397295951843 0.305849701166153 0.327019691467285 0.304957985877991 0.32449808716774 0.332904696464539 0.31896111369133 0.316381305456161 0.305699706077576 0.310262113809586 0.315316706895828 0.32581090927124 0.335115104913712 0.34791511297226 0.347479104995728 0.351691097021103 0.357656389474869 0.364524006843567 0.370788097381592 0.373912811279297 0.37509149312973 0.376226603984833 0.375156611204147 0.371920585632324 0.365779489278793 0.361537605524063 0.351484805345535 0.345599591732025 0.34057891368866 0.33353990316391 0.32422599196434
0.185581207275391 0.193827494978905 0.198672592639923 0.1948381960392 0.192596897482872 0.193359196186066 0.197163000702858 0.209381893277168 0.215174898505211 0.224595606327057 0.22673499584198 0.233322501182556 0.233828395605087 0.241371303796768 0.249510407447815 0.273636996746063 0.286522001028061 0.28435280919075 0.298667311668396 0.296705394983292 0.303101986646652 0.296383887529373 0.284222990274429 0.28672930598259 0.287464201450348 0.2957484126091 0.298645704984665 0.310009598731995 0.3204185962677 0.322385489940643 0.32441571354866 0.34033539891243 0.343612998723984 0.347811996936798 0.346011996269226 0.35071650147438 0.352543592453003 0.352559506893158 0.345724105834961 0.341767907142639 0.334803313016891 0.329515010118484 0.321400791406631 0.315777510404587 0.312400698661804 0.310671299695969
0.17632469534874 0.18171900510788 0.184534996747971 0.185319393873215 0.186329901218414 0.186208292841911 0.194013193249702 0.205596506595612 0.21605509519577 0.215462103486061 0.219268500804901 0.224666193127632 0.230474799871445 0.240134298801422 0.244460999965668 0.267901688814163 0.266724795103073 0.285693198442459 0.289033889770508 0.268402904272079 0.273655205965042 0.271118998527527 0.268776208162308 0.270780593156815 0.272551685571671 0.274155586957932 0.281123012304306 0.286742806434631 0.28871738910675 0.297931313514709 0.30194890499115 0.315007209777832 0.321409314870834 0.321870297193527 0.329663097858429 0.328495889902115 0.330341309309006 0.326741486787796 0.32300791144371 0.318821012973785 0.312825411558151 0.305632710456848 0.305822789669037 0.299337208271027 0.299600511789322 0.294349610805511
