ENMTML/All_vars/Predictors/EUR_b1_19/bio17.asc
NCOLS 411 
NROWS 214 
XLLCORNER -11.5 
YLLCORNER 35.666666666112 
CELLSIZE 0.166666666666667 
NODATA_value -3.4e+38 
[rows 126 to 146 of 214, columns 329 to 375 of 411]
75.3454971313477 74.364501953125 74.3637924194336 75.2492294311523 75.362922668457 75.3553619384766 76.3544998168945 76.1997375488281 75.318962097168 74.178092956543 74.1848068237305 74.0265731811523 72.1695022583008 70.0584030151367 67.0580825805664 67.064582824707 66.0644836425781 64.9324264526367 63.0712585449219 61.9364891052246 61.8031616210938 59.6132888793945 58.5532188415527 56.2753982543945 54.0252418518066 53.9966201782227 53.2521591186523 55.4345016479492 57.459789276123 60.0382614135742 62.4369316101074 64.0059280395508 63.4730682373047 62.4480781555176 60.4460983276367 59.4206199645996 59.4125595092773 58.3989601135254 57.4031410217285 56.3921203613281 55.3929405212402 54.3942718505859 53.8991317749023 53.8992881774902 51.9181518554688 51.9181518554688 51.3362693786621
74.2100296020508 74.2100296020508 74.214241027832 75.2493515014648 75.3640594482422 76.3649826049805 75.3861389160156 75.228630065918 75.227897644043 73.3249282836914 73.2092437744141 73.0532608032227 70.057861328125 68.0413284301758 67.065071105957 66.9490737915039 65.9156875610352 63.9550514221191 62.9156494140625 60.783878326416 59.8047981262207 58.5554084777832 56.278148651123 55.3208694458008 53.2786293029785 53.2851409912109 53.2561988830566 55.2046394348145 55.3495903015137 58.0534400939941 59.8886299133301 61.009220123291 61.4557418823242 60.4318695068359 59.412410736084 59.401180267334 58.3983688354492 56.3716201782227 55.3889083862305 55.3874397277832 53.9023513793945 53.3755111694336 53.3766593933105 51.3967208862305 51.3792686462402 50.8948516845703 50.8942108154297
73.3269119262695 73.3467330932617 74.3264923095703 76.3514099121094 76.4661102294922 75.5036697387695 75.3899307250977 74.5252990722656 74.3710784912109 74.3694000244141 74.2114181518555 73.0600433349609 69.0863189697266 68.9303894042969 67.0642166137695 66.7981491088867 64.0681304931641 62.9184112548828 61.7830390930176 60.7855110168457 58.5583686828613 57.5271606445312 55.5595817565918 54.2629814147949 53.288459777832 52.9421615600586 52.5445709228516 54.3081893920898 55.3523216247559 57.2252616882324 58.7956809997559 60.4345016479492 59.9971084594727 58.9739418029785 57.9552116394043 56.3916893005371 55.3864212036133 55.3697814941406 54.358470916748 53.3577613830566 53.3577613830566 52.3718605041504 50.9067802429199 50.9056587219238 50.9049491882324 50.9034881591797 49.9187202453613
72.1980819702148 72.3127899169922 73.3552932739258 74.3539505004883 74.5063781738281 75.3962020874023 74.5321884155273 75.4191665649414 75.5285720825195 75.2611083984375 73.3540191650391 71.221321105957 69.9731979370117 68.9355697631836 67.0725479125977 65.9408187866211 63.9188499450684 62.9238815307617 60.7873497009277 58.7895317077637 57.524471282959 55.5613784790039 55.2542991638184 54.2643508911133 52.9488105773926 52.2305488586426 52.2017288208008 54.1470603942871 55.2044982910156 56.0772590637207 55.7937698364258 56.7847290039062 56.4150886535645 56.960018157959 55.9419708251953 55.3725318908691 54.3535614013672 54.3196411132812 53.3529891967773 52.8959808349609 51.912769317627 50.9141998291016 50.9131011962891 50.9123687744141 49.3724212646484 48.3733291625977 48.3729209899902
70.2955780029297 71.3376083374023 72.3369598388672 73.4892196655273 74.5336608886719 74.5383911132812 75.4238433837891 75.6960525512695 76.4217376708984 74.5389099121094 73.2575225830078 71.1313018798828 70.0912780761719 67.9590530395508 66.9338836669922 65.940788269043 63.8093109130859 60.9216194152832 59.7714614868164 58.6775398254395 57.5337715148926 55.2565383911133 55.225471496582 53.9579887390137 52.2283782958984 52.2045288085938 52.2107582092285 51.3148612976074 53.1855010986328 54.0607986450195 54.9866104125977 55.7219390869141 55.3958511352539 55.4028511047363 54.3801116943359 53.9422302246094 53.3209991455078 52.3293190002441 51.9227600097656 51.3432006835938 50.3449592590332 50.3441696166992 50.3469200134277 48.9081001281738 47.9071998596191 47.9061698913574 47.9054489135742
70.2970886230469 71.3384704589844 71.3660278320312 73.3823471069336 74.5418701171875 74.5459823608398 75.6978302001953 75.6092910766602 75.6086196899414 75.5575866699219 72.3083267211914 71.4057769775391 70.2348175048828 67.9767532348633 66.9413681030273 64.8045196533203 62.9450416564941 60.9287910461426 59.7734413146973 57.5330390930176 57.1911811828613 54.5397186279297 53.2363815307617 52.231128692627 52.2371788024902 51.895378112793 51.9022483825684 51.1537284851074 52.0355796813965 52.9238586425781 53.931770324707 53.9351501464844 53.6359596252441 53.3804092407227 52.9436683654785 52.3561592102051 51.8641090393066 51.8649101257324 50.8999290466309 49.8985786437988 49.8970603942871 48.9129981994629 48.9129981994629 47.9179611206055 47.9164810180664 47.9153099060059 46.9326705932617
70.3037567138672 71.4627990722656 71.3670272827148 72.5270690917969 73.681282043457 76.6904373168945 77.6884918212891 78.8390808105469 76.6748809814453 75.4165878295898 73.375846862793 71.3052520751953 70.2394485473633 69.0832138061523 66.9461135864258 63.9479789733887 62.791919708252 60.7721710205078 59.5063781738281 56.7766189575195 54.5397186279297 54.1951599121094 53.2452011108398 51.9211311340332 51.8965911865234 50.9377899169922 50.1962814331055 51.0556297302246 51.0585517883301 51.9310989379883 51.9342803955078 50.8026809692383 51.7885589599609 51.6225318908691 51.3704490661621 51.3254699707031 50.3150482177734 50.2618789672852 48.9182014465332 48.9173698425293 48.9147987365723 48.9132499694824 47.9158592224121 47.9158592224121 46.9323196411133 46.9358596801758 46.9339408874512
73.1507186889648 73.331428527832 74.3310699462891 75.37744140625 74.6746368408203 76.6924209594727 77.6878280639648 77.9214096069336 77.4425735473633 75.2242126464844 74.4130935668945 72.5335235595703 70.2355422973633 69.0855484008789 66.0867462158203 63.9490585327148 62.798469543457 60.6620712280273 57.7788505554199 56.5125503540039 54.2305183410645 54.2025299072266 51.922981262207 51.926830291748 50.9420394897461 49.9124488830566 49.8821716308594 49.8595085144043 49.8667907714844 50.0240707397461 50.0317993164062 50.8030586242676 50.5335884094238 50.6382102966309 50.526611328125 50.3754196166992 49.3026504516602 49.3026504516602 48.9185409545898 48.2434997558594 48.2434997558594 47.2840614318848 46.2985801696777 46.2334403991699 46.2334403991699 45.9067192077637 44.9086685180664
74.0421600341797 73.3394393920898 73.2545013427734 73.5236206054688 77.5205001831055 78.5211868286133 79.6795806884766 77.8281326293945 77.4238967895508 77.3712005615234 76.3063812255859 73.2523193359375 70.24609375 68.220817565918 65.9309463500977 63.7992286682129 61.7587585449219 58.7602386474609 57.6658096313477 56.5106201171875 54.2351608276367 52.9344215393066 51.2092399597168 49.9081001281738 49.8845901489258 49.886791229248 49.8921318054199 49.5476493835449 49.5550003051758 48.804759979248 49.7584381103516 49.76171875 49.6548690795898 49.4309692382812 49.3913803100586 47.644100189209 48.3527908325195 48.3605194091797 48.244571685791 47.0457801818848 46.238151550293 46.2371292114258 46.2393684387207 46.2385902404785 44.9170608520508 44.9170608520508 44.9162902832031
75.1490631103516 73.3491516113281 73.3716201782227 74.4139175415039 77.3707885742188 79.6213607788086 79.5252685546875 77.562858581543 78.3040466308594 79.2340087890625 77.098388671875 73.2080383300781 71.072998046875 68.0738830566406 65.0512466430664 62.9190216064453 60.9019508361816 58.763671875 56.512321472168 55.2420196533203 53.516788482666 52.2160911560059 49.9383506774902 49.9143218994141 47.632438659668 47.6398086547852 48.5908317565918 47.8774185180664 47.8471183776855 47.5378303527832 47.5101585388184 47.5161094665527 48.4709281921387 47.4433288574219 47.4140014648438 47.4168701171875 47.3745384216309 47.0449981689453 46.2349281311035 46.2344589233398 46.2367095947266 45.0216484069824 45.0211982727051 44.2136611938477 43.9352493286133 43.9367904663086 43.9363288879395
76.1940078735352 74.2396621704102 73.3767166137695 74.2610015869141 77.4874725341797 78.3729705810547 78.3732528686523 76.2595062255859 77.2465667724609 77.1056823730469 75.0805130004883 71.9610977172852 68.0763473510742 67.034912109375 64.0333480834961 61.8965682983398 59.7596206665039 58.483211517334 56.5144805908203 54.5282211303711 52.2480087280273 50.9268112182617 49.9445686340332 49.5989685058594 47.6398086547852 46.9191284179688 46.5810012817383 47.5636291503906 47.5403785705566 47.542839050293 47.5187301635742 46.4860382080078 46.4535903930664 47.4441719055176 47.4170112609863 47.0414199829102 46.0617408752441 45.3987693786621 45.0187187194824 45.0216484069824 45.0247497558594 45.0243606567383 43.3485908508301 43.0004196166992 42.9992218017578 42.9992218017578 42.9992218017578
76.2036666870117 75.3364028930664 73.3814392089844 74.3790130615234 77.4914169311523 77.4934005737305 76.4716567993164 74.5077972412109 75.335823059082 74.3113632202148 73.0625228881836 70.0558624267578 67.9202270507812 64.0339202880859 61.9016189575195 60.7938117980957 58.0153312683105 57.7453994750977 55.5152206420898 53.2377815246582 52.2461013793945 51.9110984802246 49.5960807800293 47.9255218505859 46.600399017334 46.6032485961914 46.5815010070801 46.5832901000977 47.0760192871094 46.0929298400879 45.5212593078613 45.5232391357422 45.0705413818359 45.0711708068848 45.0727615356445 45.076358795166 44.0362091064453 44.0362091064453 44.0439796447754 44.044490814209 43.4677505493164 43.001049041748 43.0032691955566 43.000919342041 43.0001602172852 42.9995498657227 42.2101097106934
76.3182525634766 77.2040786743164 73.4966888427734 74.3822784423828 76.5635528564453 77.4544677734375 75.4288101196289 73.4726715087891 72.4489593505859 72.1775436401367 71.0392608642578 69.0199890136719 66.0207290649414 63.8781509399414 62.0180892944336 59.9960289001465 57.7974510192871 55.5198783874512 54.2440910339355 53.2353515625 51.9412689208984 48.943359375 48.9107513427734 47.5795516967773 47.5846290588379 46.6077499389648 45.1051406860352 45.1119499206543 46.0960311889648 45.5539588928223 45.061450958252 45.0647315979004 45.0666389465332 45.0668296813965 44.4906692504883 44.0327110290527 44.0354804992676 44.0411796569824 42.4502601623535 42.4509582519531 42.0150604248047 42.0157890319824 42.0209999084473 41.4213409423828 41.427059173584 40.0000190734863 39.9969291687012
78.1873168945312 77.2134704589844 73.3458023071289 73.3458023071289 76.2976226806641 74.4453277587891 74.2929306030273 72.4302062988281 70.3158416748047 69.2920989990234 68.1346435546875 66.1359710693359 64.1509780883789 62.9999008178711 60.108039855957 57.8281517028809 56.5267715454102 54.4874382019043 53.495548248291 51.250789642334 51.2181282043457 48.9402503967285 48.5578804016113 47.5793113708496 47.5858001708984 45.1063499450684 45.1114082336426 45.1114082336426 44.0765419006348 45.0558700561523 45.0614204406738 45.068660736084 44.4845809936523 43.5102882385254 43.0504493713379 43.0517883300781 42.4506607055664 42.4509201049805 42.4537200927734 42.0178298950195 41.3862609863281 41.3929405212402 41.3929405212402 40.4325714111328 39.9974098205566 39.9969291687012 39.9990615844727
78.0808715820312 76.324592590332 75.3040466308594 74.3212127685547 73.5682983398438 73.4081726074219 72.4290313720703 70.4291229248047 68.4067764282227 67.1577529907227 65.2505569458008 64.1534729003906 62.2478713989258 60.108039855957 57.8281517028809 56.795711517334 54.5163993835449 53.5262718200684 51.250789642334 51.2205009460449 49.9518394470215 48.5574188232422 47.5788192749023 47.5839195251465 47.0646095275879 46.0853500366211 44.068359375 44.0693511962891 44.0764198303223 45.0583190917969 43.4991989135742 43.4679412841797 43.4744110107422 43.0496101379395 42.4425392150879 42.4499588012695 42.4502105712891 41.6526908874512 41.389030456543 41.3940086364746 40.4360694885254 40.4360694885254 40.4360694885254 39.3678894042969 39.3681411743164 39.3695793151855 39.3695793151855
78.1942367553711 76.2265090942383 76.224006652832 74.4371185302734 73.4101333618164 72.5235595703125 70.4091720581055 69.3874282836914 66.2729110717773 65.2506866455078 63.1433792114258 62.2509994506836 60.1382217407227 58.8399696350098 56.7950286865234 55.4978485107422 53.5557708740234 53.2210311889648 50.9369506835938 49.2306518554688 47.9402389526367 47.5776290893555 47.582691192627 46.5425109863281 45.5632514953613 45.0498695373535 44.0676116943359 44.0735282897949 42.5313911437988 42.5059204101562 42.5090408325195 42.5114593505859 41.795539855957 41.4514007568359 41.4566612243652 40.7382507324219 40.7377891540527 39.7581405639648 39.4505615234375 39.4174499511719 38.6491584777832 38.6498489379883 38.3847808837891 38.3843116760254 38.3918914794922 38.3592491149902 38.3599815368652
78.194938659668 76.2284393310547 74.4332809448242 73.2527084350586 71.5427322387695 70.512092590332 67.5123519897461 66.3862762451172 63.3791313171387 63.1433792114258 60.3844909667969 60.1400108337402 58.1192283630371 55.8664512634277 55.5280418395996 53.5557708740234 52.5311088562012 50.2467308044434 50.2200012207031 48.9204597473145 47.9425811767578 46.5380592346191 46.5425109863281 45.5611305236816 45.0420608520508 45.0479202270508 45.0491485595703 42.5011711120605 42.5011596679688 42.508960723877 41.7870101928711 41.7611389160156 41.448299407959 41.4508094787598 39.7530097961426 39.7556381225586 39.6629409790039 39.4165992736816 38.6498489379883 38.6498489379883 38.652530670166 38.6525611877441 38.3598709106445 37.5151596069336 37.517219543457 36.6321296691895 36.3684616088867
76.9726791381836 75.2471389770508 73.5512084960938 71.5414505004883 70.2731323242188 69.2425994873047 66.5515518188477 64.5109329223633 62.4931907653809 60.3826789855957 59.1855392456055 57.1677513122559 55.8664512634277 54.5766296386719 52.868408203125 52.523868560791 50.2769508361816 50.2459602355957 48.9506683349609 48.9494018554688 46.5375709533691 46.537239074707 45.5640106201172 45.0415802001953 45.0469017028809 45.0516395568848 43.4576416015625 42.5006713867188 42.5060615539551 41.7525787353516 41.7561683654785 41.7642517089844 39.7480888366699 39.7555618286133 39.6656303405762 39.6655502319336 38.803840637207 38.6485290527344 38.6498489379883 38.5333404541016 37.6710510253906 37.5151596069336 37.5151596069336 35.6492195129395 35.5314483642578 35.5307388305664 35.3574905395508
76.9509811401367 74.2873306274414 71.6244888305664 70.5920181274414 67.5859680175781 67.2709579467773 64.2972869873047 63.243350982666 59.5203094482422 59.1837615966797 56.2097015380859 55.8652496337891 52.8969688415527 52.5541496276855 51.5943183898926 50.2762298583984 50.2754516601562 48.9772796630859 48.9474906921387 46.5339889526367 46.5344505310059 46.022590637207 45.0382118225098 45.0463905334473 44.4315490722656 43.4523086547852 43.4576416015625 42.466251373291 41.753791809082 41.755069732666 40.779411315918 39.9295196533203 39.6624412536621 39.6630516052246 38.7974014282227 38.8025817871094 38.805778503418 38.5307502746582 36.6810684204102 36.6887893676758 36.6883392333984 35.6498985290527 35.5346984863281 34.6664695739746 34.6716995239258 34.5148887634277 34.3601188659668
75.0294799804688 74.2841262817383 70.5455322265625 68.6497421264648 67.2986526489258 65.046257019043 63.2661514282227 60.2386283874512 58.2003288269043 56.209171295166 55.8954200744629 52.8969688415527 52.5843505859375 50.8750686645508 49.583610534668 48.2853889465332 48.2870712280273 47.9466400146484 45.9749412536621 46.5339889526367 46.0127182006836 45.0382881164551 45.0382118225098 44.430850982666 43.4489288330078 43.456428527832 43.4262199401855 42.6533699035645 41.7527313232422 40.7783393859863 39.8100509643555 39.8113098144531 39.6624412536621 38.7975196838379 38.799991607666 38.6731605529785 36.7364692687988 36.683650970459 36.6907615661621 36.6915893554688 34.716739654541 34.6640281677246 34.6716995239258 34.6716995239258 34.6712303161621 34.3594703674316 34.3601188659668
75.0288772583008 71.6200714111328 69.6247787475586 68.3047485351562 65.3569107055664 65.0427398681641 61.7312088012695 58.0140991210938 56.9280395507812 53.9517211914062 52.9260597229004 51.6242294311523 49.6106605529785 49.5841484069824 48.3140716552734 48.2817115783691 46.9897193908691 46.0051803588867 46.0097885131836 45.4920616149902 45.037841796875 45.0382881164551 44.4281806945801 44.430850982666 43.4205284118652 43.4262199401855 42.6505088806152 42.6533699035645 41.5535888671875 39.8119812011719 39.8125495910645 39.8193092346191 38.7974014282227 38.6643600463867 37.6905517578125 36.7339897155762 36.6831283569336 36.6888198852539 35.4749717712402 34.7161483764648 34.716739654541 34.6703987121582 34.6710586547852 34.4122009277344 32.4734802246094 32.420768737793 31.6675491333008
