ENMTML/All_vars/Predictors/EUR_b1_19/bio15.asc
NCOLS 411 
NROWS 214 
XLLCORNER -11.5 
YLLCORNER 35.666666666112 
CELLSIZE 0.166666666666667 
NODATA_value -3.4e+38 
[rows 40 to 59 of 214, columns 184 to 229 of 411]
0.265731304883957 0.264452695846558 0.261103302240372 0.255301713943481 0.256599187850952 0.255136102437973 0.248168095946312 0.250079810619354 0.251218885183334 0.251654505729675 0.254013687372208 0.256959587335587 0.260377705097198 0.264087498188019 -3.4e+38 -3.4e+38 -3.4e+38 -3.4e+38 -3.4e+38 -3.4e+38 -3.4e+38 -3.4e+38 -3.4e+38 -3.4e+38 -3.4e+38 -3.4e+38 -3.4e+38 -3.4e+38 -3.4e+38 -3.4e+38 -3.4e+38 0.301055610179901 0.305560499429703 0.310440689325333 0.322037011384964 0.333441704511642 0.347357898950577 0.350578010082245 0.35091158747673 0.353296190500259 0.347912013530731 0.347592085599899 0.346350014209747 0.345448404550552 0.34122771024704 0.340391099452972
0.262014597654343 0.257982313632965 0.255113303661346 0.254746913909912 0.246639996767044 0.247216001152992 0.245710104703903 0.247801795601845 0.244273096323013 0.247248396277428 0.254983186721802 0.257422506809235 0.26230800151825 0.263987004756927 -3.4e+38 -3.4e+38 -3.4e+38 -3.4e+38 -3.4e+38 -3.4e+38 -3.4e+38 -3.4e+38 -3.4e+38 -3.4e+38 -3.4e+38 -3.4e+38 -3.4e+38 -3.4e+38 -3.4e+38 0.293046504259109 0.294638603925705 0.299501597881317 0.308207601308823 0.314565807580948 0.322189688682556 0.330669909715652 0.340999811887741 0.345502406358719 0.345807492733002 0.348418593406677 0.345362305641174 0.343720704317093 0.342735111713409 0.34184530377388 0.340391099452972 0.341613590717316
0.250958412885666 0.251190185546875 0.251036614179611 0.248529002070427 0.243231996893883 0.241441294550896 0.241224706172943 0.244686394929886 0.246202796697617 0.248669102787971 0.256639808416367 0.258718311786652 0.263258099555969 -3.4e+38 -3.4e+38 -3.4e+38 -3.4e+38 -3.4e+38 -3.4e+38 -3.4e+38 -3.4e+38 -3.4e+38 -3.4e+38 -3.4e+38 -3.4e+38 -3.4e+38 -3.4e+38 0.290897011756897 0.292226612567902 0.293699711561203 0.301394999027252 0.305601686239243 0.312653213739395 0.316286504268646 0.320214003324509 0.328366100788116 0.333474904298782 0.342988312244415 0.338126987218857 0.341799706220627 0.338452309370041 0.339810699224472 0.343487203121185 0.335361808538437 0.33894219994545 0.335239589214325
0.245981305837631 0.245142504572868 0.242136806249619 0.241244196891785 0.247102692723274 0.242721706628799 0.243751406669617 0.247446700930595 0.248785004019737 0.251983612775803 0.254870712757111 -3.4e+38 -3.4e+38 -3.4e+38 -3.4e+38 -3.4e+38 -3.4e+38 -3.4e+38 -3.4e+38 -3.4e+38 -3.4e+38 -3.4e+38 -3.4e+38 -3.4e+38 -3.4e+38 0.292074412107468 0.296485304832458 0.29732421040535 0.298780113458633 0.300262808799744 0.301300287246704 0.307530999183655 0.313294798135757 0.314529210329056 0.318472802639008 0.322468996047974 0.328443586826324 0.333532094955444 0.339454889297485 0.337056308984756 0.333301812410355 0.33701491355896 0.336212396621704 0.33416348695755 0.333454012870789 0.330666303634644
0.242389395833015 0.241885304450989 0.241535797715187 0.243676602840424 0.240273892879486 0.242916107177734 0.243572294712067 0.249382793903351 0.247650101780891 0.252987414598465 -3.4e+38 -3.4e+38 -3.4e+38 -3.4e+38 -3.4e+38 -3.4e+38 -3.4e+38 -3.4e+38 -3.4e+38 -3.4e+38 -3.4e+38 -3.4e+38 -3.4e+38 0.29811680316925 0.297484785318375 0.296260803937912 0.298460692167282 0.298927992582321 0.298710405826569 0.303868800401688 0.303330987691879 0.307370007038116 0.30627629160881 0.317879885435104 0.322393000125885 0.325290411710739 0.325833112001419 0.330883294343948 0.330376207828522 0.334447711706161 0.331268697977066 0.333996891975403 0.328938603401184 0.327117890119553 0.326568603515625 0.327571004629135
0.238021999597549 0.242933496832848 0.244842603802681 0.239138901233673 0.246739894151688 0.249313905835152 0.250009596347809 0.251195788383484 -3.4e+38 -3.4e+38 0.261298298835754 -3.4e+38 -3.4e+38 -3.4e+38 -3.4e+38 -3.4e+38 -3.4e+38 -3.4e+38 -3.4e+38 -3.4e+38 -3.4e+38 0.299517691135406 0.298852413892746 0.29873389005661 0.30086949467659 0.298460692167282 0.299469113349915 0.302324086427689 0.296788603067398 0.299465894699097 0.307640105485916 0.308939099311829 0.309428095817566 0.311159014701843 0.316380202770233 0.32078629732132 0.328305900096893 0.323608011007309 0.324535101652145 0.325020998716354 0.326065599918365 0.329708486795425 0.327077597379684 0.325063914060593 0.327855497598648 0.31800439953804
0.240569293498993 0.243287205696106 0.246867805719376 0.246739894151688 0.249749004840851 -3.4e+38 -3.4e+38 -3.4e+38 -3.4e+38 -3.4e+38 -3.4e+38 -3.4e+38 -3.4e+38 -3.4e+38 -3.4e+38 -3.4e+38 -3.4e+38 -3.4e+38 -3.4e+38 -3.4e+38 0.306930989027023 0.306276589632034 0.305332005023956 0.297723203897476 0.301323711872101 0.301323711872101 0.300740003585815 0.302248388528824 0.304037690162659 0.302769899368286 0.304174512624741 0.305634886026382 0.308747887611389 0.313025087118149 0.320509791374207 0.320621907711029 0.32107201218605 0.322037607431412 0.318018198013306 0.32131290435791 0.324331909418106 0.322315901517868 0.318592101335526 0.317846298217773 0.319045603275299 0.315487712621689
0.243689507246017 -3.4e+38 -3.4e+38 -3.4e+38 -3.4e+38 -3.4e+38 -3.4e+38 -3.4e+38 -3.4e+38 -3.4e+38 -3.4e+38 -3.4e+38 -3.4e+38 -3.4e+38 -3.4e+38 -3.4e+38 -3.4e+38 -3.4e+38 0.307974010705948 0.308139503002167 0.310054093599319 0.308978885412216 0.306966990232468 0.305000305175781 0.305096685886383 0.303316295146942 0.304521799087524 0.305719912052155 0.304414391517639 0.304101496934891 0.305720299482346 0.304881185293198 0.310831695795059 0.310831695795059 0.312086910009384 0.314914911985397 0.315513014793396 0.317338198423386 0.319507986307144 0.318632990121841 0.313951402902603 0.316448301076889 0.313402593135834 0.314681887626648 0.313043296337128 0.310209393501282
-3.4e+38 -3.4e+38 -3.4e+38 -3.4e+38 -3.4e+38 -3.4e+38 -3.4e+38 -3.4e+38 -3.4e+38 -3.4e+38 -3.4e+38 -3.4e+38 0.291664302349091 0.302380591630936 0.319424390792847 0.325816303491592 0.325816303491592 0.323043495416641 0.317765086889267 0.316709399223328 0.312773913145065 0.310559898614883 0.309226810932159 0.307700514793396 0.303640007972717 0.306228309869766 0.305990993976593 0.308619409799576 0.304102003574371 0.304410487413406 0.308988511562347 0.306386113166809 0.309301495552063 0.307761788368225 0.31019601225853 0.314583212137222 0.31288668513298 0.311886489391327 0.311886489391327 0.313055485486984 0.314983904361725 0.310726195573807 0.313253909349442 0.305223792791367 0.3060702085495 0.304217100143433
-3.4e+38 -3.4e+38 -3.4e+38 -3.4e+38 -3.4e+38 -3.4e+38 -3.4e+38 -3.4e+38 -3.4e+38 -3.4e+38 -3.4e+38 -3.4e+38 -3.4e+38 -3.4e+38 0.322209089994431 0.336590498685837 0.334400206804276 0.327647805213928 0.324578613042831 0.319412589073181 0.316774785518646 0.316774785518646 0.315569013357162 0.308121085166931 0.310510814189911 0.312097311019897 0.310615301132202 0.308506011962891 0.308656811714172 0.306493908166885 0.306956708431244 0.303211897611618 0.30581670999527 0.30877149105072 0.30877149105072 0.310284495353699 0.310292989015579 0.312196105718613 0.315173089504242 0.309506893157959 0.312037289142609 0.30780491232872 0.305999398231506 0.303670912981033 0.304965406656265 0.299459487199783
-3.4e+38 -3.4e+38 -3.4e+38 -3.4e+38 -3.4e+38 -3.4e+38 -3.4e+38 -3.4e+38 -3.4e+38 -3.4e+38 -3.4e+38 -3.4e+38 0.297838300466537 0.31277060508728 0.320668488740921 0.333318889141083 0.334156006574631 0.328541696071625 0.319412589073181 0.320304602384567 0.320959210395813 0.312092304229736 0.314251095056534 0.312179088592529 0.312179088592529 0.307148903608322 0.307811588048935 0.303878486156464 0.306550085544586 0.306699395179749 0.304344087839127 0.306158900260925 0.305121004581451 0.309902995824814 0.30797928571701 0.309833288192749 0.312113702297211 0.305725008249283 0.309827089309692 0.307362705469131 0.307368487119675 0.303464293479919 0.30212140083313 0.299392908811569 0.300984710454941 0.293387711048126
-3.4e+38 -3.4e+38 -3.4e+38 -3.4e+38 -3.4e+38 -3.4e+38 -3.4e+38 -3.4e+38 -3.4e+38 -3.4e+38 -3.4e+38 -3.4e+38 0.299770712852478 0.307864785194397 0.315691500902176 0.323785990476608 0.325836896896362 0.321400612592697 0.317395210266113 0.318140387535095 0.319039404392242 0.311926305294037 0.314379006624222 0.306778609752655 0.309602290391922 0.309473007917404 0.308222711086273 0.307241797447205 0.306134790182114 0.307679414749146 0.303636312484741 0.30145588517189 0.302344799041748 0.310459911823273 0.303599387407303 0.30643630027771 0.301829099655151 0.306216895580292 0.302772492170334 0.303718388080597 0.30461311340332 0.302164494991302 0.295504808425903 0.296008408069611 0.294743299484253 0.289701104164124
-3.4e+38 -3.4e+38 -3.4e+38 -3.4e+38 -3.4e+38 -3.4e+38 -3.4e+38 -3.4e+38 -3.4e+38 -3.4e+38 -3.4e+38 -3.4e+38 0.299257606267929 0.305503010749817 0.310862094163895 0.313748300075531 0.316234201192856 0.311592012643814 0.31295108795166 0.313754796981812 0.313384205102921 0.313184797763824 0.311345785856247 0.308776497840881 0.310306787490845 0.309841603040695 0.310011208057404 0.30947008728981 0.305239886045456 0.307682305574417 0.305674493312836 0.304797112941742 0.3008171916008 0.302465289831161 0.298985689878464 0.298057794570923 0.302659213542938 0.302945911884308 0.304492086172104 0.302642911672592 0.296852588653564 0.298593908548355 0.295946389436722 0.288695186376572 0.291645109653473 0.288031011819839
-3.4e+38 -3.4e+38 -3.4e+38 -3.4e+38 -3.4e+38 -3.4e+38 -3.4e+38 -3.4e+38 -3.4e+38 -3.4e+38 -3.4e+38 -3.4e+38 0.297833502292633 0.301681011915207 0.303544908761978 0.304831206798553 0.305219501256943 0.310222089290619 0.308642387390137 0.306477695703506 0.307736188173294 0.306229591369629 0.308639913797379 0.306322902441025 0.307389110326767 0.311821788549423 0.31139799952507 0.309965997934341 0.309576004743576 0.303222507238388 0.305916100740433 0.304797112941742 0.304104208946228 0.301540106534958 0.298087686300278 0.29922690987587 0.295531809329987 0.295979499816895 0.296036899089813 0.291913002729416 0.292701005935669 0.290889799594879 0.289187490940094 0.290043890476227 0.285380005836487 0.285150796175003
-3.4e+38 -3.4e+38 -3.4e+38 -3.4e+38 -3.4e+38 -3.4e+38 -3.4e+38 -3.4e+38 -3.4e+38 -3.4e+38 -3.4e+38 -3.4e+38 -3.4e+38 0.299193114042282 0.301805108785629 0.300201714038849 0.299286901950836 0.30093389749527 0.299695402383804 0.300813406705856 0.302896291017532 0.299700409173965 0.30177840590477 0.308834403753281 0.307583510875702 0.305174499750137 0.311133593320847 0.310522794723511 0.309576004743576 0.313811302185059 0.306530296802521 0.304797112941742 0.302434206008911 0.301568210124969 0.295767813920975 0.297402888536453 0.295260310173035 0.293347209692001 0.285724192857742 0.286886990070343 0.284783005714417 0.283087611198425 0.282875388860703 0.283856600522995 0.281207293272018 0.277076095342636
-3.4e+38 -3.4e+38 -3.4e+38 -3.4e+38 -3.4e+38 -3.4e+38 -3.4e+38 -3.4e+38 -3.4e+38 -3.4e+38 -3.4e+38 -3.4e+38 -3.4e+38 0.295694500207901 0.295020401477814 0.294438689947128 0.295719891786575 0.294580101966858 0.300263613462448 0.294725805521011 0.296820908784866 0.299773812294006 0.304185301065445 0.303205788135529 0.307462990283966 0.306487590074539 0.308442801237106 0.309186786413193 0.309168010950089 0.309899210929871 0.312129586935043 0.306734293699265 0.305637985467911 0.299692302942276 0.298905491828918 0.29680061340332 0.292829185724258 0.286367803812027 0.284733802080154 0.283974200487137 0.279130905866623 0.277794897556305 0.278572291135788 0.280954301357269 0.285002112388611 0.281251311302185
-3.4e+38 -3.4e+38 -3.4e+38 -3.4e+38 -3.4e+38 -3.4e+38 -3.4e+38 -3.4e+38 -3.4e+38 -3.4e+38 -3.4e+38 -3.4e+38 -3.4e+38 0.294704109430313 0.28876981139183 0.292380303144455 0.294661104679108 0.290285885334015 0.293913513422012 0.294442802667618 0.291572004556656 0.297008901834488 0.301596313714981 0.301580309867859 0.304560214281082 0.307177305221558 0.313067495822906 0.30930569767952 0.309307992458344 0.309307992458344 0.30841138958931 0.30715548992157 0.30247551202774 0.300154894590378 0.295599788427353 0.291355311870575 0.289177387952805 0.286984413862228 0.285095512866974 0.279414802789688 0.278298705816269 0.280531793832779 0.280979514122009 0.28514438867569 0.281967610120773 0.282238811254501
-3.4e+38 -3.4e+38 -3.4e+38 -3.4e+38 -3.4e+38 -3.4e+38 -3.4e+38 -3.4e+38 -3.4e+38 -3.4e+38 -3.4e+38 -3.4e+38 -3.4e+38 -3.4e+38 0.290886908769608 0.288156092166901 0.28862339258194 0.288674205541611 0.289947003126144 0.28792929649353 0.291691809892654 0.293611288070679 0.300538212060928 0.30702468752861 0.310200989246368 0.31221929192543 0.309701204299927 0.315672695636749 0.31084930896759 0.308712095022202 0.306713312864304 0.303612112998962 0.303575605154037 0.297992199659348 0.292908310890198 0.292096197605133 0.289836585521698 0.290096014738083 0.284913301467896 0.278167307376862 0.278481990098953 0.279244691133499 0.281327188014984 0.28100910782814 0.28404039144516 0.284209698438644
-3.4e+38 -3.4e+38 -3.4e+38 -3.4e+38 -3.4e+38 -3.4e+38 -3.4e+38 -3.4e+38 -3.4e+38 -3.4e+38 -3.4e+38 -3.4e+38 -3.4e+38 -3.4e+38 0.283388406038284 0.282067388296127 0.28591451048851 0.282838702201843 0.282520800828934 0.287720412015915 0.28815370798111 0.293507486581802 0.294803112745285 0.302862197160721 0.309229910373688 0.311751902103424 0.313198000192642 0.316358298063278 0.313598901033401 0.314058005809784 0.306581914424896 0.310135185718536 0.30039119720459 0.297752410173416 0.294030785560608 0.288034290075302 0.285712987184525 0.288619995117188 0.283239513635635 0.283612608909607 0.280991286039352 0.280991286039352 0.27963200211525 0.278315603733063 0.283390909433365 0.283390909433365
-3.4e+38 -3.4e+38 -3.4e+38 -3.4e+38 -3.4e+38 -3.4e+38 -3.4e+38 -3.4e+38 -3.4e+38 -3.4e+38 -3.4e+38 -3.4e+38 -3.4e+38 -3.4e+38 0.282869011163712 0.279610902070999 0.279421210289001 0.276740103960037 0.280151098966599 0.275671303272247 0.281248211860657 0.289460003376007 0.293033689260483 0.300440609455109 0.309684813022614 0.314252585172653 0.318662703037262 0.318108588457108 0.310715913772583 0.313313901424408 0.311466902494431 0.304880887269974 0.301158010959625 0.29598730802536 0.292983710765839 0.290241211652756 0.292044401168823 0.288460105657578 0.283545911312103 0.28156641125679 0.282447695732117 0.281770497560501 0.282519400119781 0.280629605054855 0.281734704971313 0.286700785160065
