ENMTML/All_vars/Predictors/EUR_b1_19/bio15.asc
NCOLS 411 
NROWS 214 
XLLCORNER -11.5 
YLLCORNER 35.666666666112 
CELLSIZE 0.166666666666667 
NODATA_value -3.4e+38 
[rows 100 to 119 of 214, columns 276 to 321 of 411]
0.335318595170975 0.331818103790283 0.329139888286591 0.331503808498383 0.328076094388962 0.323194086551666 0.324805498123169 0.319816797971725 0.317388087511063 0.314834386110306 0.31341278553009 0.308878511190414 0.306770086288452 0.303902000188828 0.303902089595795 0.301740914583206 0.298860192298889 0.298742592334747 0.297273010015488 0.296895891427994 0.297673910856247 0.296665996313095 0.297066986560822 0.298871785402298 0.300764799118042 0.302677094936371 0.301207095384598 0.302939713001251 0.306563198566437 0.306799113750458 0.309533208608627 0.308880388736725 0.305299490690231 0.307844489812851 0.303590506315231 0.303493708372116 0.298986107110977 0.297848403453827 0.295711487531662 0.293892502784729 0.291738390922546 0.285859704017639 0.287183910608292 0.283919990062714 0.285020589828491 0.281644910573959
0.329955011606216 0.328665912151337 0.330333411693573 0.327648103237152 0.322979688644409 0.320421487092972 0.320861011743546 0.315883994102478 0.3163241147995 0.311829894781113 0.311890304088593 0.30705338716507 0.308885097503662 0.308885097503662 0.302026689052582 0.301829606294632 0.300734788179398 0.299205392599106 0.298680186271667 0.296399712562561 0.297817707061768 0.296022802591324 0.303206413984299 0.29730761051178 0.301596194505692 0.29997730255127 0.298967510461807 0.301967203617096 0.306258797645569 0.304246097803116 0.306137204170227 0.308930397033691 0.305502712726593 0.307122200727463 0.303385585546494 0.302955895662308 0.300317913293839 0.297998994588852 0.297167599201202 0.292276710271835 0.28802090883255 0.287256211042404 0.283377796411514 0.280475795269012 0.280117601156235 0.274804085493088
0.329947590827942 0.329288005828857 0.329025000333786 0.32436528801918 0.32436528801918 0.321130186319351 0.315883994102478 0.315883994102478 0.313765197992325 0.310518711805344 0.310518711805344 0.306171894073486 0.307720988988876 0.299520701169968 0.3005450963974 0.297110289335251 0.300528585910797 0.301863789558411 0.3003289103508 0.298731297254562 0.29865750670433 0.296160310506821 0.300514400005341 0.30029970407486 0.298878490924835 0.300377398729324 0.29907089471817 0.30283510684967 0.302702188491821 0.304596811532974 0.308707594871521 0.307118713855743 0.308008998632431 0.305874198675156 0.303593814373016 0.302057385444641 0.298059403896332 0.298271685838699 0.293311089277267 0.290794789791107 0.288548111915588 0.283051699399948 0.280949711799622 0.279521495103836 0.279561907052994 0.274732708930969
0.329650402069092 0.327872812747955 0.325148403644562 0.319040685892105 0.322133988142014 0.319514900445938 0.315356999635696 0.31227171421051 0.311805486679077 0.30837619304657 0.308873802423477 0.305861413478851 0.304797887802124 0.305258095264435 0.303660303354263 0.302349001169205 0.30099830031395 0.297052413225174 0.301627993583679 0.29728239774704 0.296447187662125 0.301398187875748 0.299118012189865 0.300558298826218 0.301480203866959 0.300188094377518 0.303533911705017 0.301901608705521 0.304314702749252 0.309084713459015 0.310917496681213 0.308745890855789 0.309223800897598 0.309069007635117 0.309621304273605 0.300862997770309 0.298283785581589 0.297524303197861 0.293042302131653 0.290099114179611 0.286223202943802 0.28164479136467 0.28251451253891 0.277550399303436 0.27549159526825 0.272750407457352
0.327291488647461 0.322501689195633 0.322855889797211 0.321591287851334 0.318582504987717 0.319453209638596 0.314218103885651 0.31227171421051 0.309391587972641 0.307705700397491 0.30821830034256 0.302896589040756 0.302683889865875 0.301827013492584 0.299881011247635 0.299643397331238 0.301575005054474 0.298592209815979 0.298592209815979 0.295643389225006 0.301571011543274 0.301861792802811 0.2972491979599 0.298654288053513 0.301351189613342 0.297264814376831 0.301067799329758 0.303316593170166 0.302798211574554 0.304094314575195 0.308529406785965 0.304867088794708 0.307421296834946 0.310593694448471 0.30356439948082 0.304007798433304 0.301075994968414 0.295317798852921 0.289283603429794 0.285115092992783 0.285528391599655 0.283647298812866 0.280773311853409 0.27541708946228 0.274650692939758 0.274650692939758
0.323704302310944 0.323579400777817 0.320394098758698 0.316516488790512 0.313759386539459 0.311425596475601 0.308300703763962 0.306879699230194 0.306198000907898 0.307080090045929 0.306756794452667 0.303843289613724 0.303843289613724 0.30035400390625 0.300275713205338 0.296241402626038 0.300211310386658 0.299727112054825 0.297691494226456 0.302907705307007 0.299087703227997 0.299209088087082 0.300418198108673 0.299867898225784 0.301739186048508 0.301701694726944 0.302665591239929 0.300980806350708 0.30228179693222 0.308259606361389 0.305907011032104 0.306740492582321 0.307761788368225 0.307976514101028 0.305534303188324 0.300426185131073 0.294204413890839 0.290029406547546 0.285512208938599 0.284723192453384 0.277913093566895 0.27629479765892 0.274636805057526 0.269947797060013 0.27388459444046 0.267736613750458
0.3205905854702 0.320203214883804 0.316772997379303 0.315691590309143 0.309787094593048 0.308884888887405 0.307308614253998 0.30471459031105 0.301232397556305 0.301706314086914 0.303210288286209 0.300244808197021 0.301088899374008 0.301111996173859 0.299781888723373 0.29743281006813 0.297997891902924 0.300198912620544 0.297986090183258 0.3024542927742 0.299165695905685 0.299840688705444 0.300452589988708 0.301774501800537 0.30437570810318 0.299309492111206 0.302665591239929 0.29864040017128 0.298635601997375 0.303308397531509 0.306302100419998 0.305347591638565 0.302010804414749 0.299436807632446 0.300155609846115 0.296305388212204 0.292226612567902 0.286370098590851 0.283319592475891 0.280673712491989 0.277393192052841 0.27416780591011 0.269416004419327 0.270197510719299 0.269114911556244 0.263843894004822
0.317284613847733 0.317122310400009 0.313318490982056 0.310309886932373 0.306258887052536 0.305915802717209 0.301566690206528 0.30161389708519 0.3031887114048 0.299170106649399 0.297804206609726 0.296830207109451 0.300244808197021 0.298431098461151 0.297111690044403 0.296645909547806 0.294927090406418 0.298490196466446 0.297998309135437 0.299587607383728 0.296349912881851 0.299457490444183 0.301266103982925 0.300801306962967 0.302947610616684 0.300617188215256 0.302222907543182 0.301298499107361 0.302977502346039 0.303463697433472 0.302704602479935 0.297863394021988 0.299305588006973 0.29707270860672 0.295230805873871 0.289692997932434 0.287237197160721 0.285792589187622 0.281823009252548 0.279128402471542 0.272409409284592 0.266424506902695 0.268882304430008 0.265337407588959 0.266391694545746 0.261199712753296
0.318047404289246 0.312796294689178 0.309405595064163 0.305708110332489 0.302718997001648 0.305071502923965 0.301566690206528 0.298585802316666 0.296369194984436 0.297804206609726 0.295433610677719 0.294726490974426 0.294667303562164 0.293019592761993 0.293019592761993 0.296645909547806 0.295265108346939 0.294194996356964 0.29300731420517 0.297541588544846 0.299318701028824 0.303814798593521 0.301648497581482 0.300235092639923 0.304410010576248 0.304020494222641 0.302559912204742 0.302554100751877 0.306074589490891 0.301951110363007 0.298722207546234 0.296823412179947 0.296099811792374 0.293958008289337 0.287301599979401 0.282910197973251 0.280446290969849 0.276783496141434 0.276684701442719 0.270059794187546 0.268969595432281 0.265061587095261 0.261117905378342 0.264387607574463 0.261597692966461 0.259622305631638
0.311657607555389 0.305428504943848 0.300787210464478 0.30444860458374 0.294927895069122 0.297034591436386 0.295629411935806 0.294619709253311 0.293687403202057 0.293687403202057 0.292900204658508 0.291108995676041 0.292236894369125 0.290876686573029 0.291608601808548 0.291608601808548 0.290985614061356 0.293421387672424 0.298644989728928 0.297013998031616 0.296808809041977 0.303766697645187 0.30339041352272 0.300226390361786 0.306575089693069 0.303937494754791 0.302660912275314 0.304421186447144 0.3009212911129 0.298011988401413 0.296261608600616 0.295389294624329 0.291870892047882 0.290287911891937 0.284179985523224 0.284339487552643 0.27850478887558 0.271640986204147 0.269995093345642 0.264894187450409 0.267503887414932 0.262609094381332 0.260794013738632 0.257880091667175 0.255315691232681 0.252077400684357
0.300989806652069 0.301698207855225 0.300787210464478 0.29180771112442 0.293567210435867 0.293127685785294 0.287327200174332 0.289773106575012 0.289884895086288 0.292353004217148 0.287994414567947 0.287423402070999 0.285964399576187 0.290876686573029 0.286707609891891 0.291700303554535 0.29278489947319 0.290985614061356 0.293610811233521 0.296990185976028 0.298584491014481 0.295987695455551 0.303329706192017 0.302673906087875 0.305312395095825 0.303981512784958 0.30728280544281 0.30518639087677 0.30185678601265 0.297812312841415 0.295016497373581 0.291664212942123 0.287887513637543 0.283631086349487 0.277337402105331 0.279251486063004 0.271025210618973 0.268965214490891 0.266730397939682 0.26149719953537 0.259485989809036 0.259395807981491 0.257036805152893 0.254602491855621 0.249164700508118 0.245863899588585
0.298423796892166 0.29426109790802 0.290643393993378 0.289778113365173 0.286913186311722 0.285041004419327 0.284170389175415 0.285318106412888 0.28633451461792 0.286980211734772 0.287994414567947 0.286252588033676 0.285002112388611 0.284913897514343 0.28496789932251 0.286707609891891 0.287285596132278 0.290040791034698 0.290660798549652 0.293246388435364 0.295776188373566 0.297988802194595 0.300116211175919 0.301645398139954 0.306268513202667 0.304817706346512 0.302752196788788 0.303250998258591 0.300834894180298 0.294919013977051 0.288471788167953 0.284534811973572 0.284927189350128 0.279780805110931 0.274228692054749 0.272188901901245 0.269899189472198 0.263640403747559 0.260459095239639 0.260112911462784 0.25445419549942 0.257260292768478 0.250929087400436 0.248613595962524 0.246048405766487 0.242691203951836
0.288324594497681 0.288045406341553 0.287848711013794 0.281770199537277 0.281041085720062 0.281311810016632 0.279225200414658 0.279226005077362 0.278349995613098 0.281584411859512 0.279725909233093 0.282086998224258 0.282550007104874 0.279500097036362 0.281745612621307 0.284118503332138 0.284164488315582 0.288597702980042 0.288195610046387 0.288789808750153 0.293190389871597 0.293527185916901 0.299407601356506 0.300323992967606 0.305282592773438 0.305282592773438 0.30981370806694 0.30265599489212 0.300864994525909 0.292457193136215 0.286493808031082 0.281786799430847 0.280865699052811 0.273218393325806 0.267539590597153 0.266383409500122 0.260985314846039 0.257659405469894 0.257602512836456 0.249167293310165 0.251562803983688 0.250011503696442 0.247533604502678 0.242940694093704 0.236718595027924 0.23694509267807
0.283361285924911 0.280061900615692 0.281743109226227 0.277251809835434 0.275750786066055 0.273645102977753 0.273163408041 0.274663805961609 0.269658297300339 0.274294495582581 0.275552809238434 0.276965498924255 0.275363594293594 0.274127811193466 0.278184801340103 0.278329193592072 0.281715512275696 0.281060814857483 0.285297513008118 0.285752087831497 0.287133514881134 0.293234199285507 0.292348206043243 0.298519790172577 0.298775494098663 0.306184202432632 0.305386990308762 0.303453892469406 0.297383010387421 0.28765070438385 0.281566888093948 0.275801688432693 0.266351014375687 0.267152488231659 0.264424294233322 0.25915589928627 0.258249998092651 0.254822492599487 0.250745207071304 0.246164098381996 0.24499100446701 0.242297604680061 0.241430193185806 0.237837493419647 0.235062301158905 0.229645401239395
0.275301098823547 0.275567203760147 0.274078100919724 0.270781010389328 0.269234210252762 0.267102986574173 0.267820209264755 0.268288314342499 0.262688994407654 0.268304795026779 0.266357809305191 0.268795102834702 0.271868109703064 0.269566804170609 0.271142095327377 0.272603899240494 0.276837587356567 0.277329504489899 0.277329504489899 0.283275008201599 0.283841013908386 0.287662506103516 0.288526505231857 0.290753692388535 0.296203911304474 0.298245787620544 0.298685997724533 0.29348349571228 0.286862999200821 0.277131289243698 0.273054897785187 0.271585792303085 0.265763103961945 0.261576503515244 0.258783489465714 0.256452590227127 0.250824004411697 0.249115094542503 0.246390596032143 0.242851302027702 0.240892201662064 0.23632550239563 0.238388404250145 0.231792196631432 0.226268604397774 0.226524695754051
0.270839601755142 0.26824951171875 0.266981393098831 0.265010505914688 0.265493214130402 0.264878809452057 0.260410010814667 0.25805139541626 0.258799403905869 0.255936086177826 0.25757309794426 0.258302688598633 0.262958496809006 0.261858105659485 0.269419401884079 0.267305105924606 0.267389506101608 0.274556398391724 0.275389105081558 0.278226494789124 0.280873090028763 0.282876908779144 0.284565687179565 0.287081211805344 0.285918802022934 0.289428502321243 0.285443097352982 0.2836874127388 0.277989208698273 0.271180897951126 0.270006507635117 0.264967709779739 0.262829512357712 0.254972189664841 0.251387387514114 0.249785006046295 0.243705704808235 0.244233101606369 0.240572094917297 0.237746194005013 0.230473399162292 0.230580806732178 0.226588800549507 0.228990703821182 0.222316697239876 0.216035306453705
0.263886988162994 0.267311990261078 0.260064214468002 0.260440587997437 0.25906041264534 0.256034106016159 0.253299504518509 0.252544790506363 0.246214896440506 0.247779697179794 0.250133603811264 0.251770406961441 0.256372809410095 0.256120890378952 0.260871797800064 0.261035114526749 0.265924394130707 0.268570214509964 0.269192487001419 0.273748308420181 0.273748308420181 0.277237802743912 0.276657700538635 0.28130778670311 0.278620898723602 0.279080897569656 0.276100903749466 0.272078812122345 0.265718013048172 0.260337710380554 0.258315205574036 0.253361791372299 0.253947913646698 0.248599797487259 0.244828596711159 0.242210701107979 0.239450603723526 0.237935602664948 0.232917100191116 0.232522994279861 0.227008104324341 0.224580094218254 0.220831304788589 0.218870401382446 0.220011293888092 0.217007696628571
0.25507789850235 0.257558792829514 0.255358308553696 0.257157504558563 0.253485113382339 0.251462489366531 0.245589300990105 0.246632099151611 0.243790596723557 0.239171296358109 0.240196004509926 0.245197400450706 0.24680669605732 0.252203285694122 0.254244089126587 0.258710294961929 0.259191811084747 0.263097792863846 0.265485495328903 0.265800207853317 0.265099614858627 0.268737405538559 0.268819898366928 0.271344095468521 0.26709571480751 0.267814010381699 0.264715701341629 0.260418295860291 0.254024803638458 0.249870106577873 0.244279995560646 0.247382402420044 0.247998803853989 0.243614792823792 0.239842906594276 0.239467203617096 0.234439104795456 0.230138599872589 0.230381295084953 0.2247014939785 0.222997799515724 0.22046560049057 0.214574500918388 0.21594700217247 0.211079195141792 0.210754796862602
0.252029597759247 0.255358308553696 0.255358308553696 0.249869793653488 0.249866396188736 0.24799619615078 0.244320198893547 0.243279501795769 0.242514297366142 0.233790501952171 0.235113501548767 0.238423898816109 0.24206680059433 0.24624340236187 0.245722696185112 0.253311187028885 0.254101306200027 0.257267206907272 0.259990513324738 0.261613190174103 0.259099513292313 0.264210104942322 0.260180205106735 0.264525711536407 0.260369390249252 0.257532298564911 0.253848403692245 0.248676806688309 0.243593603372574 0.236873000860214 0.239740505814552 0.240773096680641 0.235085695981979 0.237331792712212 0.236442297697067 0.231286406517029 0.233852505683899 0.227642506361008 0.226045697927475 0.220835506916046 0.21468959748745 0.214202493429184 0.207171097397804 0.205100998282433 0.207028195261955 0.206184700131416
0.253098011016846 0.252874314785004 0.251616090536118 0.24861940741539 0.247382700443268 0.243792101740837 0.242760494351387 0.23711159825325 0.233501702547073 0.233378797769547 0.232935294508934 0.235964506864548 0.235557094216347 0.239693403244019 0.244397893548012 0.247326195240021 0.249841004610062 0.252647399902344 0.252613991498947 0.255500495433807 0.254970103502274 0.254324913024902 0.25250831246376 0.252789288759232 0.250377804040909 0.251119613647461 0.244439199566841 0.2403185069561 0.237059101462364 0.231727495789528 0.233007997274399 0.230659902095795 0.229627504944801 0.231729507446289 0.234340101480484 0.226810902357101 0.226496994495392 0.223818495869637 0.217045202851295 0.217650294303894 0.205812096595764 0.205524995923042 0.204980194568634 0.197839394211769 0.200672194361687 0.201622799038887
