ENMTML/All_vars/Predictors/EUR_b1_19/bio17.asc
NCOLS 411 
NROWS 214 
XLLCORNER -11.5 
YLLCORNER 35.666666666112 
CELLSIZE 0.166666666666667 
NODATA_value -3.4e+38 
[rows 147 to 167 of 214, columns 188 to 234 of 411]
96.3135986328125 96.0420303344727 93.3118591308594 93.3470687866211 95.0959396362305 96.3500518798828 99.1963272094727 101.31420135498 104.313697814941 105.231002807617 107.547500610352 110.233200073242 112.249702453613 113.273498535156 113.231399536133 116.470497131348 140.679092407227 154.824096679688 131.569595336914 125.323196411133 113.082702636719 96.0679931640625 91.8573989868164 88.1670532226562 91.4265365600586 93.4448471069336 95.6868209838867 96.7543182373047 95.5164566040039 94.2485122680664 96.7725219726562 111.326698303223 119.892196655273 97.0606689453125 101.027496337891 115.005500793457 103.607398986816 103.156898498535 97.1718215942383 77.7722778320312 66.8266830444336 67.8058929443359 67.2374801635742 74.7820205688477 80.1872100830078 85.1491928100586 87.7300262451172
98.2059631347656 96.4360733032227 94.3510665893555 94.3493499755859 96.350830078125 98.2193374633789 100.337501525879 102.47679901123 104.431800842285 107.435302734375 108.266700744629 110.435501098633 112.220703125 119.439796447754 128.479598999023 114.355697631836 127.555397033691 152.681106567383 146.428604125977 149.465393066406 143.223403930664 109.919998168945 94.6966018676758 87.7102890014648 86.962287902832 88.9778671264648 90.9983825683594 91.0509796142578 90.9996185302734 90.7385482788086 91.5341186523438 95.9497985839844 108.90470123291 109.485198974609 104.019302368164 94.589599609375 106.024803161621 105.577003479004 104.137603759766 89.7475433349609 73.1917266845703 73.1956024169922 70.5733413696289 77.5419692993164 83.1744079589844 85.7548599243164 89.7372817993164
98.1796264648438 94.3520812988281 93.252197265625 94.3491973876953 96.255989074707 99.356086730957 101.223297119141 103.339302062988 106.339401245117 109.188003540039 109.458503723145 110.435096740723 112.335296630859 112.480400085449 120.504997253418 123.404403686523 125.447998046875 146.388000488281 129.396301269531 131.196594238281 126.987396240234 110.73210144043 99.7309799194336 86.4786987304688 84.7718124389648 86.5330581665039 86.7891693115234 87.5985336303711 88.5498504638672 88.2415618896484 88.2857131958008 89.9578170776367 94.516731262207 92.4993362426758 116.447601318359 89.6296691894531 101.605400085449 109.023101806641 98.6001586914062 83.7642669677734 80.7768478393555 76.1934432983398 76.2029724121094 78.5360794067383 83.1820220947266 85.7586822509766 88.7663192749023
96.2515106201172 90.3003234863281 92.1520690917969 95.1570510864258 98.1027679443359 101.225997924805 104.22550201416 106.347999572754 109.190902709961 109.461502075195 112.337699890137 118.469398498535 118.361000061035 121.497200012207 117.396003723145 119.552299499512 112.462501525879 117.473098754883 118.387001037598 119.932098388672 125.75309753418 115.557601928711 94.2509613037109 85.2726669311523 85.3224182128906 85.9872283935547 85.9873199462891 86.9735565185547 86.9741821289062 86.9721527099609 85.9889831542969 88.5309295654297 87.0895919799805 88.0754470825195 95.0426177978516 107.464302062988 90.6126327514648 99.5923233032227 111.57250213623 95.1674575805664 80.7794494628906 77.1910400390625 81.1677322387695 79.2077407836914 82.7635879516602 85.7685089111328 87.2065963745117
98.2664337158203 95.0504379272461 95.155517578125 97.1368179321289 100.24340057373 103.248596191406 107.117202758789 109.350303649902 111.216300964355 113.214302062988 115.34400177002 118.366600036621 118.361503601074 116.38809967041 119.56120300293 117.425300598145 119.578498840332 112.489303588867 112.10710144043 112.94539642334 109.790000915527 103.492698669434 89.2367172241211 88.0102920532227 85.9889678955078 86.1123199462891 86.1075134277344 87.5483932495117 90.5413589477539 90.0909271240234 90.0841217041016 89.1055374145508 84.0928421020508 86.6378402709961 83.6420364379883 92.0512313842773 101.032897949219 93.6064224243164 95.6143569946289 105.576301574707 98.1653671264648 87.7508163452148 87.761848449707 81.7807464599609 82.7710037231445 84.2048034667969 86.6324768066406
103.134002685547 100.998001098633 101.00520324707 101.123802185059 103.249801635742 106.252296447754 107.23560333252 111.109199523926 114.105003356934 115.351097106934 118.343200683594 117.39289855957 116.519996643066 115.521202087402 113.428703308105 115.319900512695 112.355400085449 111.375297546387 105.128402709961 106.922203063965 98.4370269775391 95.2268981933594 93.9900512695312 89.5627288818359 89.1050491333008 86.6849594116211 89.6792526245117 89.6797790527344 89.1011505126953 90.0882873535156 90.0860977172852 87.089469909668 85.6614227294922 93.0661697387695 86.6343307495117 94.0487518310547 92.625862121582 88.1983871459961 103.047500610352 121.010498046875 107.608200073242 91.1994705200195 90.1823272705078 84.2059936523438 82.6465911865234 82.6537704467773 87.0850830078125
109.02490234375 106.146598815918 105.264602661133 105.387496948242 107.35179901123 109.102401733398 110.249603271484 113.096496582031 114.999099731445 115.364799499512 116.236000061035 116.269798278809 116.25959777832 116.552398681641 125.440002441406 134.934097290039 140.444793701172 126.188903808594 107.149696350098 104.696098327637 111.537803649902 122.366302490234 122.487800598145 123.911102294922 107.640502929688 94.2281188964844 89.2325973510742 89.6807632446289 92.6725006103516 93.6605682373047 92.0914077758789 93.0759735107422 93.0744018554688 90.6528778076172 84.2158966064453 87.2131805419922 97.0492477416992 100.054000854492 121.459602355957 136.896194458008 121.021301269531 99.6128616333008 93.6316986083984 84.6584701538086 82.6544799804688 83.109489440918 86.4860000610352
114.015098571777 112.114097595215 111.233001708984 111.338203430176 111.336402893066 112.227798461914 114.137702941895 116.102798461914 118.005897521973 117.995399475098 119.392501831055 120.399696350098 119.413200378418 119.284698486328 131.851303100586 135.643905639648 136.457000732422 126.194396972656 114.926902770996 117.744697570801 133.348403930664 153.701202392578 153.290100097656 162.276000976562 150.864105224609 136.470001220703 107.646499633789 131.473007202148 151.860305786133 162.277099609375 155.312698364258 142.332794189453 124.898803710938 104.062202453613 119.359802246094 117.347999572754 126.336700439453 119.901702880859 124.456901550293 127.460403442383 121.478897094727 106.056999206543 93.6389389038086 87.658447265625 83.1037673950195 84.0912399291992 85.4103469848633
119.158599853516 118.244400024414 116.324897766113 115.442001342773 116.332901000977 117.198097229004 118.082397460938 118.122901916504 120.140403747559 120.996101379395 121.138000488281 124.42960357666 124.303398132324 125.422203063965 120.466400146484 141.683898925781 162.258804321289 165.049392700195 168.097595214844 141.847198486328 128.609603881836 130.360504150391 164.292007446289 160.840896606445 134.463500976562 127.049697875977 109.66130065918 118.06120300293 129.456207275391 134.458099365234 144.307205200195 135.897506713867 135.627700805664 158.796600341797 145.85400390625 143.812805175781 137.829696655273 126.297698974609 112.484802246094 108.072601318359 101.511100769043 97.0877914428711 94.0915908813477 88.1179962158203 85.4486618041992 85.4067764282227 85.6186981201172
126.978202819824 124.200302124023 123.189498901367 123.165901184082 122.181701660156 121.19750213623 121.889099121094 121.129302978516 121.122703552246 122.155097961426 124.290496826172 129.282897949219 134.569198608398 152.919906616211 138.617401123047 148.708099365234 185.312301635742 174.045593261719 162.815002441406 146.584503173828 142.352005004883 129.377807617188 138.918106079102 137.922393798828 140.466293334961 131.479705810547 112.090896606445 107.655502319336 108.643699645996 109.087799072266 109.08080291748 111.499801635742 129.340606689453 132.594696044922 126.297698974609 123.252700805664 113.927101135254 106.515502929688 103.077003479004 101.515998840332 97.0891036987305 94.1032104492188 91.1110000610352 88.1230163574219 87.4202270507812 86.4214782714844 86.6033782958984
133.309799194336 130.936706542969 130.954895019531 128.680297851562 126.938697814941 128.889892578125 126.112800598145 125.016403198242 125.016899108887 126.132301330566 125.032203674316 135.425399780273 147.72590637207 161.901702880859 138.469299316406 150.4248046875 158.238693237305 136.215805053711 127.938301086426 117.698600769043 111.451103210449 110.207801818848 109.043701171875 110.033996582031 108.581398010254 105.137901306152 102.141899108887 102.137702941895 106.118797302246 105.535598754883 104.104698181152 108.522300720215 108.522003173828 106.514801025391 106.518096923828 106.52269744873 102.506500244141 100.542701721191 100.546501159668 101.534301757812 98.5098724365234 92.4215927124023 90.4072875976562 90.3637619018555 88.6090698242188 88.5678405761719 88.521598815918
135.703796386719 136.717102050781 135.963500976562 133.727600097656 133.313995361328 130.950805664062 130.909896850586 130.861694335938 127.897796630859 125.156097412109 128.023803710938 137.178802490234 141.448699951172 136.337600708008 144.620803833008 137.611694335938 138.171096801758 126.952201843262 117.924896240234 114.621597290039 112.43579864502 112.220001220703 111.957298278809 111.613098144531 108.60359954834 107.580703735352 103.604797363281 106.136199951172 109.127601623535 105.552803039551 105.554901123047 106.53589630127 106.538497924805 103.542297363281 103.544799804688 103.548301696777 102.769500732422 100.531600952148 99.7273788452148 98.4729537963867 95.6792297363281 95.3764190673828 93.616081237793 91.3832931518555 90.5796127319336 89.581657409668 88.7843322753906
142.470504760742 143.08740234375 138.694396972656 136.683395385742 137.733901977539 135.331298828125 131.874099731445 129.894302368164 128.901092529297 129.036804199219 128.91259765625 137.182998657227 136.315704345703 144.445098876953 143.611602783203 127.234298706055 129.227203369141 124.091003417969 119.880996704102 118.64640045166 115.39119720459 114.178298950195 113.159301757812 113.960098266602 111.629600524902 110.895599365234 106.615798950195 109.160202026367 108.57430267334 108.570503234863 105.57080078125 105.569396972656 104.819000244141 105.774200439453 105.722297668457 105.724800109863 105.729598999023 105.681999206543 102.685203552246 101.682601928711 98.6344680786133 97.8323669433594 95.5909805297852 93.5761184692383 91.5466690063477 90.7459335327148 89.4913482666016
150.526092529297 149.259201049805 145.742706298828 144.667007446289 145.722305297852 141.664306640625 136.894302368164 131.752105712891 130.803695678711 131.927001953125 131.052505493164 136.181594848633 136.063095092773 137.090103149414 133.233001708984 130.241500854492 119.975997924805 119.969497680664 124.862396240234 121.607498168945 119.588996887207 116.338096618652 115.351402282715 115.14510345459 114.885597229004 112.857803344727 109.577796936035 110.60050201416 109.836898803711 108.80590057373 107.786598205566 107.781799316406 107.728500366211 107.727798461914 108.683197021484 108.940101623535 110.882202148438 110.883697509766 108.901802062988 105.850303649902 103.834098815918 100.785003662109 97.5923080444336 95.4987487792969 93.7442626953125 91.5075073242188 90.6070785522461
157.550094604492 155.937103271484 153.906600952148 151.187805175781 147.383605957031 142.612503051758 139.541397094727 133.768493652344 132.932800292969 132.810501098633 137.940093994141 137.937606811523 139.945495605469 133.955505371094 133.095703125 125.942001342773 121.702697753906 120.83519744873 123.827697753906 124.853103637695 123.614196777344 120.359901428223 117.371597290039 117.113800048828 116.846298217773 114.038902282715 113.730697631836 112.761596679688 111.772598266602 110.705001831055 110.701202392578 109.938499450684 109.93579864502 110.19450378418 111.144996643066 112.882301330566 114.095901489258 116.034202575684 113.16089630127 110.025398254395 107.028800964355 103.008003234863 100.011199951172 97.7451324462891 94.7453536987305 92.4606170654297 91.6084594726562
165.802398681641 162.485397338867 158.428100585938 154.702301025391 151.60920715332 144.789306640625 140.800598144531 136.651596069336 134.680999755859 135.802795410156 139.805892944336 140.935394287109 144.963302612305 138.978103637695 136.96159362793 127.964599609375 121.833396911621 121.714302062988 121.732902526855 124.190299987793 124.837501525879 124.190399169922 122.326698303223 120.083000183105 119.059196472168 117.76439666748 115.943496704102 112.932899475098 113.931800842285 112.217300415039 110.971099853516 110.968399047852 111.160499572754 113.157600402832 114.110496520996 114.318801879883 116.166198730469 116.133201599121 115.150596618652 111.014701843262 107.146896362305 104.148597717285 101.881896972656 98.7293701171875 95.5786590576172 93.4665374755859 92.5943908691406
172.967803955078 168.954696655273 165.88639831543 159.606094360352 157.803695678711 148.559692382812 142.578506469727 140.553695678711 135.818496704102 135.690505981445 144.825607299805 155.826995849609 148.827392578125 136.818603515625 132.966796875 127.977897644043 125.717796325684 123.703002929688 119.86360168457 117.92440032959 118.699203491211 118.740997314453 117.782897949219 120.371200561523 118.189102172852 118.432403564453 118.026901245117 115.898696899414 114.158203125 114.147003173828 113.12370300293 113.121597290039 113.120498657227 114.180000305176 114.332702636719 116.293296813965 116.292198181152 117.235900878906 114.393203735352 112.12329864502 109.237197875977 107.117500305176 105.004898071289 102.00479888916 98.9706726074219 97.7311782836914 97.7371978759766
180.703506469727 175.655502319336 169.665496826172 161.671005249023 155.572494506836 148.594604492188 148.587295532227 142.602905273438 137.561492919922 134.570999145508 141.682495117188 150.587600708008 138.69140625 131.689300537109 127.830703735352 130.711700439453 128.71989440918 124.85710144043 119.25700378418 116.36669921875 114.476303100586 116.333801269531 116.36710357666 117.953796386719 117.814002990723 118.447402954102 118.250198364258 117.088096618652 114.077102661133 115.091697692871 115.092498779297 114.199096679688 114.195999145508 114.189903259277 115.283401489258 116.419700622559 114.518600463867 115.403198242188 115.521003723145 114.648597717285 114.491096496582 111.647003173828 109.648597717285 108.401397705078 106.50309753418 105.108497619629 103.252296447754
187.718597412109 185.391998291016 177.647903442383 170.679595947266 156.464996337891 150.494598388672 152.334899902344 145.335098266602 140.443298339844 135.561599731445 138.551498413086 141.423492431641 141.696105957031 138.704498291016 131.7041015625 135.732696533203 128.884292602539 127.857902526855 122.257102966309 117.455001831055 118.603996276855 119.584297180176 120.412902832031 119.178596496582 119.041900634766 117.799598693848 117.567100524902 116.612503051758 115.078498840332 114.955299377441 115.061996459961 113.076400756836 114.325302124023 114.320503234863 115.416397094727 114.526901245117 117.524101257324 120.634498596191 119.764701843262 119.883499145508 119.167900085449 119.024200439453 117.027603149414 114.024002075195 110.765098571777 109.640998840332 107.789596557617
198.653396606445 195.367004394531 189.615203857422 188.427200317383 175.30419921875 170.343704223633 157.21760559082 145.46760559082 140.581604003906 138.40950012207 135.420700073242 136.548797607422 143.282592773438 139.424499511719 131.447006225586 140.348999023438 137.637100219727 131.77099609375 127.356002807617 125.325103759766 124.47339630127 124.582801818848 122.62629699707 122.390197753906 123.026397705078 122.793899536133 119.833396911621 119.606498718262 118.081199645996 118.072402954102 117.18620300293 116.197898864746 116.197402954102 116.28980255127 116.400497436523 120.64469909668 120.908996582031 122.003898620605 124.139297485352 124.255798339844 124.254600524902 124.547401428223 123.511703491211 120.426399230957 118.149597167969 115.046501159668 112.976898193359
214.122100830078 209.391998291016 207.044403076172 200.296401977539 181.451797485352 183.188293457031 175.167694091797 153.442199707031 147.447799682617 153.059906005859 142.282699584961 133.534896850586 134.393203735352 135.308898925781 136.444595336914 134.480194091797 151.427505493164 149.615493774414 136.643096923828 131.121795654297 128.445907592773 130.605499267578 130.473999023438 129.238693237305 126.182403564453 122.183197021484 121.00789642334 118.952796936035 119.243797302246 121.231101989746 116.210998535156 116.055702209473 117.300498962402 117.296203613281 118.277198791504 120.771598815918 123.915603637695 128.009994506836 125.130798339844 126.500602722168 126.501998901367 126.78589630127 126.643096923828 121.512100219727 121.526496887207 119.310302734375 117.113800048828
