ENMTML/All_vars/Predictors/EUR_b1_19/bio14.asc
NCOLS 411 
NROWS 214 
XLLCORNER -11.5 
YLLCORNER 35.666666666112 
CELLSIZE 0.166666666666667 
NODATA_value -3.4e+38 
[rows 126 to 146 of 214, columns 94 to 140 of 411]
14.5731000900269 15.0572004318237 15.2643003463745 14.7558002471924 14.478099822998 14.8943996429443 14.8484001159668 15.079400062561 16.281400680542 17.6923007965088 16.9983997344971 16.3059005737305 15.3589000701904 14.666600227356 13.2349004745483 12.5647001266479 12.1256999969482 11.6630001068115 10.4848003387451 10.0226001739502 10.2538003921509 10.4850997924805 10.7389001846313 10.3733997344971 10.604100227356 12.4530000686646 10.6043996810913 9.44943046569824 9.21749973297119 9.21662044525146 9.67770004272461 9.90797996520996 9.90789031982422 9.90907955169678 10.140700340271 8.98663997650146 8.75652027130127 8.75697994232178 8.75650024414062 8.52507019042969 8.5248498916626 8.75520038604736 8.75605010986328 9.68048000335693 10.8365001678467 10.8375997543335 10.1445999145508
15.4457998275757 15.707200050354 15.4961004257202 14.9877996444702 15.4263000488281 15.1721000671387 15.8429002761841 17.2759990692139 16.3052005767822 16.0963001251221 15.1944999694824 14.0387001037598 13.5553998947144 12.1471996307373 11.4100999832153 10.9028997421265 10.4631996154785 10.0008001327515 10.0008001327515 10.4857997894287 10.9701995849609 10.2316999435425 10.6933002471924 10.3720998764038 8.98482990264893 8.75333976745605 8.98439979553223 9.44672012329102 9.21547985076904 9.44633007049561 10.1386995315552 10.6007995605469 10.1389999389648 9.21609020233154 8.75494003295898 8.7559700012207 8.75584983825684 8.98643970489502 8.9865198135376 8.9857702255249 8.75421047210693 9.44756984710693 9.44801998138428 8.98698997497559 9.21868991851807 10.8357000350952 10.835599899292
15.4457998275757 16.4015998840332 16.2000999450684 16.1900005340576 16.3981990814209 16.8834991455078 17.3868999481201 17.6179008483887 16.8831996917725 15.7035999298096 14.2931003570557 13.1152000427246 11.9827003479004 10.8051996231079 10.046199798584 10.0010004043579 9.7472095489502 10.2322998046875 10.5087003707886 10.2322998046875 10.9476003646851 10.2089004516602 8.75469970703125 8.75370025634766 8.29071044921875 8.05897045135498 8.98217964172363 9.6761999130249 9.67578983306885 9.444899559021 10.137900352478 11.0618000030518 9.90754985809326 9.2154598236084 9.21648025512695 8.75508975982666 8.52410984039307 8.98571968078613 9.44686031341553 9.21531963348389 9.21490001678467 9.90896987915039 9.67910003662109 9.67928028106689 9.21759986877441 9.91057014465332 9.91014957427979
13.7445001602173 14.5058002471924 14.5047998428345 14.504599571228 15.2206001281738 15.9833002090454 16.6970996856689 16.9290008544922 16.0287990570068 15.0346002578735 13.6241998672485 12.9081001281738 12.2368001937866 11.1042003631592 10.828200340271 11.2004995346069 11.4097995758057 12.1254997253418 11.1787004470825 10.2091999053955 9.72397041320801 9.67827987670898 9.90898036956787 9.44612979888916 8.98287010192871 8.52015972137451 9.21290969848633 10.8292999267578 10.5980997085571 10.5984001159668 10.3673000335693 10.367600440979 9.90579986572266 9.90717029571533 9.44692993164062 8.98556995391846 8.75413036346436 9.67726039886475 9.67695045471191 9.44548988342285 9.21444988250732 9.21541976928711 9.67805004119873 9.90898990631104 9.67800045013428 9.4470100402832 8.98453044891357
12.0130996704102 12.3116998672485 13.2811002731323 13.788800239563 14.0656003952026 14.0887002944946 14.5972995758057 14.851900100708 14.5965003967285 14.1106004714966 13.6028003692627 13.1400995254517 12.4689998626709 11.7974996566772 11.9834003448486 12.6091995239258 12.1243000030518 11.8475999832153 11.3858995437622 10.6477003097534 10.1625995635986 10.3933000564575 10.832200050354 10.1382999420166 8.98274040222168 8.98204040527344 9.44305038452148 11.0592002868652 11.5207996368408 11.7517004013062 11.2897996902466 11.0583000183105 10.8278999328613 10.5977001190186 10.1370000839233 9.67591953277588 9.67593955993652 9.44491958618164 9.67597961425781 9.44546985626221 9.21481037139893 8.98503017425537 9.44604015350342 9.6768798828125 9.67654037475586 9.21442985534668 8.98336982727051
10.834400177002 11.5502004623413 11.8259000778198 12.3338003158569 13.0502004623413 13.5804996490479 13.5811004638672 13.3729000091553 13.3730001449585 13.372200012207 13.6028003692627 12.9097003936768 12.0073003768921 12.2376003265381 11.9609003067017 11.684100151062 11.6380996704102 11.5924997329712 11.315899848938 10.600700378418 10.3698997497559 10.6003999710083 11.2934999465942 11.2918996810913 9.44414043426514 9.44293022155762 9.67288970947266 11.057900428772 10.8266000747681 10.8264999389648 10.5953998565674 10.5953998565674 10.5956001281738 10.5964002609253 10.8270998001099 10.5973997116089 10.3668003082275 10.1363000869751 10.1364002227783 9.67494010925293 9.44454956054688 8.9836597442627 9.21407032012939 9.6755199432373 9.90598964691162 9.44373035430908 8.98163986206055
9.91026973724365 10.8336000442505 11.3408002853394 11.3634004592896 11.8708000183105 12.3563995361328 12.5876998901367 12.6105003356934 12.1253004074097 12.148099899292 12.1937999725342 12.2392997741699 12.0076999664307 11.9839000701904 12.1690998077393 11.6611995697021 11.8451995849609 12.0073003768921 11.5227003097534 10.8297996520996 11.0607995986938 11.5226001739502 11.522500038147 10.8291997909546 9.67450046539307 9.90435981750488 9.90369033813477 10.3641004562378 10.1328001022339 9.90200996398926 9.44001960754395 9.44062042236328 9.90240955352783 10.3640003204346 10.5952997207642 10.5954999923706 10.5954999923706 10.3653001785278 10.1346998214722 10.1349000930786 9.67378997802734 9.21222972869873 9.44332981109619 9.6734504699707 9.90379047393799 9.67261028289795 8.98027992248535
9.44781017303467 10.1400003433228 10.624400138855 10.8784999847412 11.1097002029419 11.3634004592896 11.8250999450684 11.5938997268677 11.6167001724243 11.1547002792358 11.4539003372192 11.7545003890991 11.7771997451782 11.9619998931885 12.3774995803833 12.0993995666504 11.8218002319336 11.7526998519897 11.7518997192383 11.2903995513916 10.8283996582031 10.8283004760742 10.8281002044678 9.9049596786499 9.90454959869385 10.1353998184204 10.3646001815796 10.3635997772217 10.3621997833252 9.66959953308105 9.20800018310547 9.90017032623291 10.3618001937866 9.90081024169922 10.1321001052856 10.1323003768921 10.3632001876831 10.3636999130249 10.1326999664307 10.1330995559692 9.90248966217041 10.1330995559692 10.1330995559692 9.902099609375 9.67113018035889 9.90157985687256 9.20909023284912
8.98561000823975 9.44627952575684 10.1391000747681 10.3706998825073 10.3706998825073 10.6014003753662 10.854700088501 10.6008996963501 10.8317003250122 10.3927001953125 10.9003000259399 10.9695997238159 11.4549999237061 11.9160003662109 11.8920001983643 11.8224000930786 11.5445003509521 11.520899772644 11.288800239563 10.5958995819092 10.1338996887207 9.90240955352783 9.67220020294189 9.90328025817871 10.1342000961304 11.519100189209 11.5177001953125 11.2853002548218 10.3613004684448 9.43741989135742 8.74536991119385 8.97599029541016 9.89888954162598 10.1301002502441 9.66934967041016 9.90015983581543 10.5918998718262 10.3615999221802 9.90036964416504 10.5923004150391 10.5920000076294 10.5920000076294 10.1309003829956 10.1304998397827 9.89931011199951 9.43822002410889 9.43819046020508
9.44754981994629 9.44729995727539 9.44711017608643 9.44719982147217 9.67794990539551 9.90822982788086 10.1388998031616 9.90694999694824 9.6766300201416 9.90723037719727 9.90744018554688 10.877799987793 11.6174001693726 11.8477001190186 11.8458003997803 11.5677003860474 11.7517004013062 11.2884998321533 11.2870998382568 9.67064952850342 9.20870971679688 9.20847988128662 9.43988037109375 9.90172958374023 12.4413003921509 14.9795999526978 14.9790000915527 12.8999996185303 11.2833003997803 10.3590002059937 8.97441005706787 8.97476959228516 8.9754695892334 9.20633983612061 10.8205995559692 10.8207998275757 10.8207998275757 10.5906000137329 10.3596000671387 10.3596000671387 10.3590002059937 10.1284999847412 9.89783954620361 9.6673002243042 9.43640041351318 9.43618965148926 9.66685009002686
9.21759986877441 9.44760036468506 9.21695995330811 9.21636009216309 9.2165002822876 9.67757987976074 9.90808963775635 9.90762042999268 10.1379995346069 10.3691997528076 10.6006002426147 11.5249996185303 11.8246002197266 12.0546998977661 12.0304002761841 12.0059003829956 12.2123003005981 13.1345996856689 14.0567998886108 9.89988040924072 8.28468036651611 8.51560020446777 9.43871021270752 11.2848997116089 16.9202995300293 16.0263004302979 14.516300201416 12.8990001678467 11.5129995346069 10.3584003448486 9.43548011779785 10.1268997192383 11.2800998687744 11.0501003265381 10.8196001052856 10.3584003448486 10.1279001235962 9.89710998535156 10.127799987793 10.3576002120972 10.3575000762939 10.3576002120972 10.1266002655029 10.1265001296997 10.12619972229 10.1259002685547 10.12619972229
9.67980003356934 9.44865036010742 9.21734046936035 9.21691989898682 9.67850971221924 9.90937042236328 10.1394996643066 10.6007995605469 11.0620002746582 11.0622997283936 11.9862003326416 12.2398996353149 12.4935998916626 12.746600151062 12.7222003936768 12.6978998184204 12.9041004180908 15.0034999847412 14.9794998168945 10.8218002319336 8.05288028717041 8.51486968994141 10.1298999786377 13.1309995651245 15.9020004272461 15.7943000793457 14.2847995758057 12.898099899292 11.743200302124 12.2033004760742 12.663800239563 12.663200378418 12.6630001068115 11.2791004180908 10.3570995330811 9.89595031738281 10.1273002624512 10.5878000259399 10.8178997039795 11.0481004714966 10.8166999816895 11.0469999313354 11.0472002029419 10.816499710083 10.585599899292 10.1240997314453 10.1243000030518
9.91178035736084 9.91129970550537 10.141900062561 10.1415004730225 10.3723001480103 10.1403999328613 10.3704996109009 11.0628004074097 11.7552003860474 12.2166004180908 12.9097003936768 13.163200378418 13.6704998016357 13.6925001144409 13.6680002212524 14.1282997131348 13.8501996994019 15.2882995605469 13.592399597168 8.05195999145508 8.05200004577637 9.20569038391113 12.4365997314453 13.5914001464844 15.4392004013062 15.5628004074097 14.8999996185303 14.513500213623 14.7424001693726 14.9715995788574 13.5858001708984 12.6621999740601 11.7392997741699 10.817099571228 10.5867004394531 10.5868997573853 10.8175001144409 11.2786998748779 11.5086002349854 11.5080003738403 11.5073003768921 11.5071001052856 11.2765998840332 11.0454998016357 10.8144998550415 10.5836000442505 10.8142995834351
10.6279001235962 10.835599899292 10.8353996276855 10.6035995483398 10.1415996551514 10.3718996047974 11.2945003509521 11.9868001937866 12.2167997360229 13.3712997436523 13.6246995925903 14.3401002883911 14.8472995758057 15.5858001708984 15.5612001419067 16.7374000549316 18.6061992645264 18 11.2822999954224 7.12837982177734 8.28114032745361 10.1272001266479 12.6660995483398 17.8390998840332 19.1648006439209 16.9176998138428 15.5924997329712 16.343900680542 16.1256999969482 14.5088996887207 13.1232995986938 12.1999998092651 12.1990995407104 11.7382001876831 11.7389001846313 11.5087995529175 11.7391996383667 11.9690999984741 11.9687995910645 11.9686002731323 12.1983995437622 11.9672002792358 11.9668998718262 11.7360000610352 11.5052003860474 11.5046997070312 11.274299621582
11.5752000808716 11.3208999633789 11.2972002029419 11.0654001235962 11.0649995803833 11.52649974823 11.9869003295898 12.6791000366211 12.6781997680664 13.3705997467041 13.831600189209 14.8011999130249 15.5396003723145 16.5088005065918 17.2234001159668 17.683500289917 18.8367004394531 18.2611999511719 9.8963098526001 7.35826015472412 8.51123046875 11.9717998504639 18.4365997314453 20.3470001220703 19.4547004699707 16.7462005615234 16.1144008636475 16.12619972229 14.5544004440308 12.9833002090454 12.9593000411987 13.351300239563 12.6589002609253 12.6597995758057 12.8908004760742 12.6604995727539 12.6607999801636 12.8906002044678 12.6597003936768 12.8895998001099 12.6586999893188 12.1972999572754 12.1964998245239 11.9656000137329 11.9647998809814 11.7341003417969 11.2727003097534
11.829400062561 12.0367002487183 12.0124998092651 11.9890003204346 12.2188997268677 12.6801996231079 12.6794004440308 12.6782999038696 13.1392002105713 13.8311004638672 14.5235996246338 15.2613000869751 16.2313995361328 16.4501991271973 16.2980995178223 17.4748992919922 16.68869972229 13.3613004684448 10.1269998550415 9.43315029144287 10.3548002243042 16.3549995422363 18.6184997558594 20.2052993774414 18.4493007659912 16.2019996643066 16.0319004058838 13.6753997802734 12.128399848938 11.0206003189087 10.7887001037598 12.8887996673584 13.1192998886108 13.5819997787476 13.351900100708 13.3512001037598 13.1206998825073 13.120400428772 12.8896999359131 12.8892002105713 12.6803998947144 12.1964998245239 11.7350997924805 11.7343997955322 11.7339000701904 11.963399887085 11.9626998901367
12.2903003692627 12.4974002838135 12.4730997085571 12.7033004760742 12.9111003875732 12.4484996795654 12.2164001464844 12.4463996887207 13.1379995346069 13.5986995697021 14.5215997695923 16.1608009338379 16.6683006286621 16.2290000915527 16.2506999969482 15.5572996139526 14.5629997253418 13.3601999282837 12.203800201416 11.9708003997803 11.0459995269775 12.4277000427246 14.7355003356934 15.4270000457764 14.9652996063232 15.4270000457764 14.8029003143311 13.7175998687744 12.8402004241943 12.1707000732422 11.6864995956421 12.932900428772 13.8107995986938 14.043399810791 13.8115997314453 13.8102998733521 13.3500003814697 13.3492002487183 13.3493995666504 12.8884000778198 13.5790004730225 12.6563997268677 12.4252004623413 12.1941003799438 12.1935997009277 12.4237003326416 12.4228000640869
12.4963998794556 12.4721002578735 12.7018003463745 13.3949003219604 13.3715000152588 11.9856004714966 11.9847002029419 12.4450998306274 13.1365995407104 14.0590000152588 15.4433002471924 16.1355991363525 16.5981006622314 16.896900177002 16.6884002685547 16.2248992919922 16.2005996704102 15.6674995422363 15.6659002304077 14.4777002334595 15.1372003555298 15.6269998550415 15.5958003997803 14.9623003005981 14.9612998962402 15.9664001464844 15.2827997207642 15.0745000839233 15.305100440979 14.382399559021 14.7524995803833 14.9597997665405 14.5012998580933 14.5020999908447 14.0396003723145 14.4982995986938 13.3477001190186 14.9616003036499 13.8088998794556 13.578800201416 13.5795001983643 13.5791997909546 12.1944999694824 14.5019998550415 13.3472995758057 11.7318000793457 11.2698001861572
13.1857995986938 12.7003002166748 12.6771001815796 13.1619997024536 12.9312000274658 11.7537002563477 12.2147998809814 12.6756000518799 13.5977001190186 14.5192003250122 15.2104997634888 16.8274002075195 17.7744007110596 18.1196002960205 18.3726997375488 18.3712997436523 19.0627002716064 19.9358005523682 18.6072998046875 17.2492008209229 16.090799331665 14.2715997695923 14.7301998138428 15.799599647522 16.237699508667 15.4412002563477 15.9477996826172 15.0492000579834 15.2796001434326 16.8024997711182 17.2625007629395 17.0321998596191 14.4982004165649 14.7276000976562 15.4179000854492 16.1112995147705 16.1128997802734 16.3458003997803 15.4242000579834 12.4259996414185 12.6574001312256 14.2735004425049 11.734299659729 11.0415000915527 12.6561002731323 13.5776996612549 11.9618997573853
12.6990995407104 12.21399974823 12.9068002700806 13.3916997909546 12.2146997451782 12.214599609375 12.4447002410889 13.1366996765137 14.0587997436523 14.7498998641968 16.3659000396729 18.2371997833252 18.8141994476318 20.0841999053955 20.3146991729736 21.0522003173828 20.0335998535156 18.0450000762939 14.2777996063232 13.8149003982544 14.0432996749878 16.1179008483887 17.7152996063232 16.5725002288818 15.8772001266479 15.8767004013062 17.953800201416 19.5683994293213 20.2600002288818 18.6457004547119 20.2590007781982 16.3390998840332 16.7992000579834 17.2607002258301 14.2646999359131 16.3414001464844 18.1898002624512 15.6534004211426 13.1170997619629 14.7333002090454 15.4268999099731 20.9710006713867 14.7344999313354 10.8111000061035 14.733099937439 14.7320003509521 15.4240999221802
12.2126998901367 13.1359996795654 12.6745004653931 12.2126998901367 11.9822998046875 12.4440002441406 12.9053001403809 13.597900390625 14.2895002365112 16.1368007659912 18.3307991027832 19.8561000823975 20.1322994232178 21.588399887085 21.8411998748779 18.6257991790771 14.2784996032715 13.816499710083 14.0476999282837 14.7396001815796 15.1991996765137 17.2733993530273 20.5014991760254 22.113899230957 19.57080078125 21.6474990844727 20.2614994049072 23.0293006896973 26.0298004150391 23.7203006744385 24.1807994842529 20.257999420166 14.4931001663208 14.722900390625 16.3386993408203 18.8799991607666 19.3441009521484 14.9610996246338 14.7321996688843 22.1240997314453 20.0459995269775 17.0443992614746 14.7349004745483 9.88873958587646 12.6560001373291 14.5017995834351 11.038800239563
