ENMTML/All_vars/Predictors/EUR_b1_19/bio14.asc
NCOLS 411 
NROWS 214 
XLLCORNER -11.5 
YLLCORNER 35.666666666112 
CELLSIZE 0.166666666666667 
NODATA_value -3.4e+38 
[rows 21 to 41 of 214, columns 141 to 187 of 411]
-3.4e+38 -3.4e+38 -3.4e+38 -3.4e+38 -3.4e+38 -3.4e+38 -3.4e+38 -3.4e+38 -3.4e+38 -3.4e+38 -3.4e+38 -3.4e+38 -3.4e+38 -3.4e+38 -3.4e+38 -3.4e+38 -3.4e+38 13.9961004257202 13.3056001663208 13.5523996353149 13.798999786377 14.27649974823 14.0609998703003 14.0755996704102 14.08899974823 14.5012998580933 13.7686996459961 13.6501998901367 13.1473999023438 12.2524995803833 11.1585998535156 9.77289962768555 9.37086963653564 8.88794040679932 9.32483959197998 9.27875995635986 7.87239980697632 7.38802003860474 7.15686988830566 6.23499011993408 6.21164989471436 5.98104000091553 5.52022981643677 5.28985977172852 5.05945014953613 5.28963994979858 5.28930997848511
-3.4e+38 -3.4e+38 -3.4e+38 -3.4e+38 -3.4e+38 -3.4e+38 -3.4e+38 -3.4e+38 -3.4e+38 -3.4e+38 -3.4e+38 -3.4e+38 -3.4e+38 -3.4e+38 -3.4e+38 -3.4e+38 -3.4e+38 13.0721998214722 12.6269998550415 13.3213996887207 13.1211996078491 13.5980997085571 13.6133003234863 13.1670999526978 14.0417003631592 14.0003995895386 13.882399559021 12.9574003219604 12.4554004669189 11.5910997390747 11.1574001312256 10.2944002151489 10.06369972229 9.09494018554688 8.14951992034912 7.66471004486084 7.18023014068604 7.6402702331543 6.90315008163452 6.44203996658325 5.28990983963013 5.05927991867065 5.05900001525879 5.2891001701355 5.05870008468628 5.05856990814209 5.05857992172241
-3.4e+38 -3.4e+38 -3.4e+38 -3.4e+38 -3.4e+38 -3.4e+38 -3.4e+38 -3.4e+38 -3.4e+38 -3.4e+38 -3.4e+38 -3.4e+38 -3.4e+38 -3.4e+38 -3.4e+38 12.8381996154785 12.5935001373291 13.3173999786377 13.8100004196167 13.1190996170044 12.9042997360229 12.4589996337891 13.1585998535156 13.8107995986938 14.1542997360229 13.499400138855 12.7681999206543 12.2658996582031 12.023099899292 11.6201000213623 10.9868001937866 10.7784004211426 10.9622001647949 10.476900100708 9.761549949646 9.04609966278076 7.64019012451172 7.15630006790161 6.21139001846313 5.5202898979187 5.05909013748169 5.05896997451782 4.82850980758667 4.82815980911255 4.82815980911255 5.05840015411377 5.05811023712158
-3.4e+38 -3.4e+38 -3.4e+38 -3.4e+38 -3.4e+38 -3.4e+38 -3.4e+38 -3.4e+38 -3.4e+38 -3.4e+38 -3.4e+38 -3.4e+38 -3.4e+38 -3.4e+38 12.3452997207642 12.1302995681763 12.3774995803833 12.6247997283936 12.4236001968384 12.1951999664307 11.9812002182007 12.4652004241943 13.3106002807617 13.9237003326416 14.5657997131348 14.0724000930786 13.6396999359131 12.7467002868652 12.3133001327515 11.9103002548218 10.9860000610352 11.0081996917725 10.9609003067017 10.684100151062 9.5078296661377 8.79288959503174 8.53868007659912 7.36316013336182 6.44120979309082 6.4405198097229 6.21007013320923 5.28870010375977 4.82829999923706 5.05811977386475 4.82783985137939 5.05777978897095 4.82776021957397
-3.4e+38 -3.4e+38 -3.4e+38 -3.4e+38 -3.4e+38 -3.4e+38 -3.4e+38 -3.4e+38 -3.4e+38 -3.4e+38 -3.4e+38 -3.4e+38 15.8622999191284 14.7046003341675 14.2409000396729 13.793399810791 14.0380001068115 12.8456001281738 13.0387001037598 12.6167001724243 12.1557998657227 13.2701997756958 13.4616003036499 12.7701997756958 12.538800239563 13.2103996276855 12.7475996017456 12.0840997695923 12.111499786377 11.4792003631592 10.7852001190186 10.315899848938 9.5774097442627 8.8397798538208 8.33193016052246 7.8477201461792 7.36374998092651 6.44148015975952 5.9800500869751 5.51919984817505 5.51852989196777 5.74878978729248 5.28817987442017 5.05764007568359 4.82760000228882 4.82745981216431 4.82753992080688
-3.4e+38 -3.4e+38 -3.4e+38 -3.4e+38 -3.4e+38 -3.4e+38 -3.4e+38 -3.4e+38 -3.4e+38 19.6105003356934 18.9162006378174 18.6963005065918 17.0634994506836 16.8433990478516 16.6100997924805 15.8465003967285 13.1153001785278 13.4996004104614 13.4609003067017 12.1156997680664 12.5001001358032 13.6436004638672 13.1824998855591 13.1513004302979 12.7196998596191 12.2876996994019 11.3640003204346 10.9312000274658 10.9584999084473 10.5565004348755 10.569899559021 10.2924995422363 9.09354972839355 7.89454984664917 7.17948007583618 6.92561006546021 6.67196989059448 6.21087980270386 5.74973011016846 5.28855991363525 5.288330078125 5.0579400062561 4.8276801109314 4.82761001586914 5.0574197769165 5.05740976333618 4.82742023468018
-3.4e+38 -3.4e+38 -3.4e+38 -3.4e+38 -3.4e+38 -3.4e+38 -3.4e+38 -3.4e+38 22.0240001678467 21.0851001739502 20.1445007324219 19.9087009429932 18.5067005157471 17.5513000488281 17.5018997192383 15.8467998504639 15.5375995635986 14.1527004241943 14.0745000839233 14.3353004455566 12.2293996810913 12.2594003677368 12.4890003204346 12.5485000610352 11.8565998077393 11.885199546814 11.9134998321533 11.1897001266479 11.2483997344971 10.3247995376587 9.85531044006348 8.9095401763916 8.40168952941895 8.12473011016846 7.64015007019043 7.15578985214233 6.67187976837158 6.44081020355225 6.20977020263672 5.74917984008789 5.51839017868042 5.05795001983643 5.05768013000488 4.82736015319824 4.82735013961792 5.05748987197876 5.0574197769165
-3.4e+38 -3.4e+38 -3.4e+38 -3.4e+38 -3.4e+38 -3.4e+38 25.67919921875 24.9127006530762 23.7276992797852 22.31130027771 21.5837993621826 20.3995990753174 19.4580993652344 18.5035991668701 16.3878002166748 15.8080997467041 15.076000213623 13.6522998809814 13.1816997528076 13.2117004394531 12.3190002441406 12.7788000106812 12.3170003890991 12.1159000396729 11.4237003326416 10.4710998535156 10.7295999526978 10.7580995559692 9.86501026153564 9.43251037597656 9.16329956054688 8.88603973388672 8.17068958282471 7.45564985275269 6.94888019561768 7.38600015640259 7.38514995574951 6.90095996856689 6.67019987106323 6.20952987670898 5.7486400604248 5.51824998855591 5.28767013549805 5.28796005249023 5.05734014511108 5.05738019943237 5.05764007568359
-3.4e+38 -3.4e+38 -3.4e+38 -3.4e+38 -3.4e+38 -3.4e+38 26.6319007873535 25.67799949646 24.2481002807617 22.8010005950928 21.1406002044678 19.0331993103027 17.3861999511719 15.5222997665405 14.7965002059937 14.2325000762939 13.2300996780396 12.6900997161865 11.7971000671387 11.5956001281738 12.0866003036499 12.1160001754761 11.8847999572754 11.4533004760742 10.7608003616333 10.2995004653931 9.83681011199951 9.40491962432861 9.1726598739624 8.74053955078125 8.24061012268066 7.964280128479 7.70955991744995 7.45549011230469 7.17912006378174 6.92539978027344 6.69420003890991 6.67089986801147 6.4399299621582 6.20956993103027 5.97876977920532 5.97854995727539 5.74809980392456 5.74820995330811 5.5178599357605 5.5177001953125 5.51767015457153
-3.4e+38 -3.4e+38 -3.4e+38 -3.4e+38 25.4773006439209 25.7381000518799 25.9692993164062 25.2462005615234 23.816499710083 21.910400390625 20.0181007385254 18.6000995635986 17.1683006286621 15.7658996582031 14.7723999023438 13.7316999435425 13.1907997131348 12.2583999633789 11.8568000793457 10.7332000732422 10.5016002655029 10.3010997772217 10.7610998153687 10.790599822998 10.559100151062 10.1276998519897 9.404709815979 9.17275047302246 8.74116039276123 8.47206974029541 7.98726987838745 7.50270986557007 7.24851989746094 7.22504997253418 7.20139980316162 6.92538976669312 6.67189979553223 6.67117977142334 6.44048023223877 5.97931003570557 5.9790301322937 5.97877979278564 5.9785099029541 5.9785099029541 5.9784197807312 5.74806976318359 5.74825000762939
-3.4e+38 -3.4e+38 23.8460998535156 24.0769996643066 24.7994995117188 25.0303001403809 25.0300006866455 24.3059005737305 22.891300201416 21.44700050354 19.5692005157471 18.3677005767822 17.641300201416 16.6187992095947 14.9243001937866 13.6533002853394 12.4589004516602 11.3647003173828 10.5019998550415 10.9928998947144 9.83922958374023 9.86868953704834 10.5897998809814 10.3281002044678 9.40511035919189 9.66510009765625 9.66407012939453 9.20907020568848 8.72465038299561 8.44822025299072 7.96389007568359 7.47976016998291 7.22572994232178 6.99405002593994 6.74071979522705 6.7177300453186 6.67193984985352 6.67159986495972 6.44055986404419 6.20996999740601 5.97943019866943 5.97898006439209 5.97911977767944 5.97878980636597 5.74860000610352 5.74839019775391 5.74838018417358
-3.4e+38 -3.4e+38 23.1539001464844 24.3220996856689 24.3229007720947 24.3222007751465 23.8595008850098 22.6909008026123 21.4915008544922 20.9813995361328 19.1054000854492 17.9043998718262 17.1585998535156 15.6949996948242 14.1928997039795 13.421199798584 12.2882995605469 11.4250001907349 10.5008001327515 11.4833002090454 9.17671966552734 8.94522953033447 8.97521018981934 9.20479011535645 9.20382976531982 8.51130962371826 8.27974033355713 8.26406002044678 8.24051952362061 7.98673009872437 7.71017980575562 7.47917985916138 7.22513008117676 6.99415016174316 6.74055004119873 6.6732702255249 6.67247009277344 6.67162990570068 6.44098997116089 6.21043014526367 5.98023986816406 5.9793701171875 5.97930002212524 5.97921991348267 5.97914981842041 5.97904014587402 5.97933006286621
-3.4e+38 -3.4e+38 22.6919002532959 23.3843994140625 23.8593997955322 23.3978004455566 22.9202995300293 21.2751998901367 21.0121002197266 19.8265991210938 18.6404991149902 16.7493000030518 15.3331003189087 14.9631996154785 13.4612998962402 12.2284002304077 10.9337997436523 9.57855033874512 8.45479965209961 8.94589042663574 8.25329971313477 8.28312969207764 8.74324989318848 8.54255962371826 8.51103973388672 8.27962017059326 8.2639799118042 8.01029014587402 7.73392009735107 7.48023986816406 7.01845979690552 7.01754999160767 7.2247200012207 6.99396991729736 6.76292991638184 6.67316007614136 6.44229984283447 6.44192981719971 6.44135999679565 6.44102001190186 6.21045017242432 6.20992994308472 6.21011018753052 6.20959997177124 6.20978021621704 6.20970010757446 6.20979976654053
-3.4e+38 21.7544002532959 23.1527996063232 22.6914005279541 22.4599990844727 22.6735992431641 21.735200881958 20.7964000701904 19.3810005187988 18.4263000488281 17.2262001037598 15.8247995376587 14.4086999893188 14.0010995864868 13.4210996627808 12.2884998321533 11.1940002441406 10.069899559021 8.94594955444336 8.02264022827148 8.02138042449951 8.28207015991211 8.51181030273438 7.81959009170532 7.81838989257812 8.03361988067627 7.77957010269165 7.52593994140625 7.27210998535156 7.2265100479126 6.99551010131836 6.97206020355225 6.53366994857788 6.55535984039307 6.67384004592896 6.67334985733032 6.44255018234253 6.44222021102905 6.67238998413086 6.44131994247437 6.44095993041992 6.44095993041992 6.44072008132935 6.21043014526367 6.4405198097229 6.44038009643555 6.44073009490967
-3.4e+38 21.2924003601074 21.5228004455566 20.8299007415771 21.5349998474121 21.2880001068115 21.2556991577148 20.0718994140625 18.4407997131348 17.7168998718262 17.4654006958008 15.9643001556396 14.2713003158569 13.6916999816895 12.9200000762939 11.826000213623 10.7014999389648 9.57709980010986 8.91473960876465 8.28299999237061 8.05158042907715 8.31171989440918 8.31070041656494 7.61815023422241 7.34251022338867 7.08839988708496 7.06522989273071 7.04198980331421 7.22671985626221 6.99540996551514 6.76414012908936 6.76370000839233 6.53340005874634 6.44399976730347 6.44381999969482 6.44335985183716 6.44309997558594 6.6727499961853 6.44193983078003 6.44210004806519 6.4414701461792 6.67162990570068 6.67151021957397 6.67147016525269 6.44096994400024 6.44068002700806 6.67085981369019
20.3696994781494 20.6002998352051 20.8295993804932 20.3672008514404 20.3509006500244 20.3484001159668 19.8703994750977 18.4409008026123 17.50119972229 17.4659996032715 17.0783004760742 15.6162996292114 14.6527004241943 13.6512002944946 12.2574996948242 11.1335000991821 10.270299911499 9.37668991088867 8.71389961242676 8.74353981018066 8.51163959503174 8.31005954742432 7.81838989257812 7.34242010116577 7.29660987854004 7.27320003509521 7.01975011825562 6.76621007919312 6.74288988113403 6.71939992904663 6.90453004837036 6.67385005950928 6.44372987747192 6.44410991668701 6.44436979293823 6.44411993026733 6.44351005554199 6.44293022155762 6.44295978546143 6.44251012802124 6.44194984436035 6.6719799041748 6.67202997207642 6.67172002792358 6.67171001434326 6.67128992080688 6.90215015411377
20.3687000274658 20.3684997558594 19.9053001403809 19.4279003143311 19.656099319458 19.4088001251221 18.7000007629395 17.0548992156982 16.7921009063721 16.0804004669189 14.8102998733521 14.4617004394531 14.1127996444702 13.1808004379272 11.8257999420166 10.9626998901367 10.269100189209 9.37580966949463 8.68276023864746 8.7424898147583 8.77145004272461 7.81844997406006 7.55017995834351 7.29671001434326 7.27320003509521 7.01980018615723 6.99668979644775 6.97323989868164 6.95019006729126 6.4886999130249 6.21281003952026 6.21283006668091 6.21341991424561 6.44454002380371 6.44465017318726 6.44404983520508 6.67389011383057 6.44320011138916 6.67340993881226 6.67291021347046 6.67260980606079 6.67260980606079 6.67264986038208 6.67230987548828 6.67223978042603 6.67222023010254 6.90267992019653
19.6762008666992 19.6597003936768 19.1965999603271 19.4244003295898 19.1770992279053 18.2383003234863 16.838399887085 16.5757999420166 16.0804996490479 14.6562995910645 14.2693996429443 13.2681999206543 12.0752000808716 11.0740995407104 10.4413003921509 10.2698001861572 9.83722972869873 9.40528011322021 9.20394039154053 8.28069019317627 8.04916000366211 7.78085994720459 7.29672002792358 7.04337978363037 7.01997995376587 7.01933002471924 6.9733099937439 6.95038986206055 6.90507984161377 6.67394018173218 6.21291017532349 6.44335985183716 6.44359016418457 6.44393014907837 6.44443988800049 6.44435977935791 6.44377994537354 6.6739501953125 6.67363977432251 6.67338991165161 6.67331981658936 6.67294979095459 6.90291023254395 6.9026198387146 6.90291023254395 7.13311004638672 7.13346004486084
18.965799331665 18.5039005279541 18.2563991546631 18.0238990783691 17.0851001739502 16.5925998687744 16.3595008850098 15.8488998413086 14.6559000015259 13.8465003967285 13.3065004348755 12.3437004089355 11.1127004623413 10.872200012207 10.9309997558594 10.0377998352051 9.3752498626709 9.14295959472656 8.25053977966309 7.78819990158081 7.55084991455078 7.52753019332886 7.27364015579224 7.25074005126953 6.76660013198853 6.74380016326904 6.51246023178101 6.71966981887817 6.67451000213623 6.44358015060425 6.44329023361206 6.67388010025024 6.6737699508667 6.67417001724243 6.6744499206543 6.67433977127075 6.6746301651001 6.67388010025024 6.67375993728638 6.67348003387451 6.90373992919922 6.90389013290405 6.9032998085022 6.90302991867065 7.13360977172852 7.36400985717773 7.36407995223999
17.0891990661621 16.8577003479004 16.6247997283936 16.3777008056641 16.3754005432129 16.3724994659424 16.0396995544434 15.2692003250122 14.3065996170044 13.3439998626709 12.3431997299194 11.3808002471924 10.6106996536255 10.6391000747681 10.2377004623413 9.5749397277832 8.88251972198486 8.45032024383545 8.01898002624512 7.78152990341187 7.29760980606079 7.25179004669189 7.02064990997314 6.99750995635986 7.20457983016968 7.18159008026123 6.7202000617981 6.67481994628906 6.44384002685547 6.44331979751587 6.44340991973877 6.44344997406006 6.90413999557495 6.90404987335205 6.90464019775391 6.90450000762939 6.90446996688843 6.90433979034424 6.90437984466553 6.90430021286011 6.90417003631592 7.13453006744385 7.13400983810425 7.13425016403198 7.36452007293701 7.36417007446289 7.59483003616333
16.1474990844727 16.1464004516602 15.9142999649048 15.4516000747681 15.4257001876831 15.3471002578735 15.2292995452881 14.5357999801636 13.5355997085571 12.8031997680664 12.0717000961304 11.7930002212524 11.0996999740601 9.74582958221436 9.08372020721436 8.65155982971191 8.41969013214111 8.21899032592773 7.75910997390747 7.71362018585205 7.25174999237061 6.99842977523804 6.97519016265869 6.95185995101929 6.72081995010376 6.95092010498047 6.92760992050171 6.90494012832642 6.67398977279663 6.67389011383057 6.44360017776489 6.67358016967773 6.6739501953125 6.9042501449585 7.13487005233765 7.13470983505249 7.36553001403809 7.36504983901978 7.36512994766235 7.13462018966675 7.36466979980469 7.36487007141113 7.36509990692139 7.36469984054565 7.36486005783081 7.59513998031616 7.59504985809326
