ENMTML/All_vars/Predictors/EUR_b1_19/bio17.asc
NCOLS 411 
NROWS 214 
XLLCORNER -11.5 
YLLCORNER 35.666666666112 
CELLSIZE 0.166666666666667 
NODATA_value -3.4e+38 
[rows 42 to 62 of 214, columns 141 to 187 of 411]
235.104904174805 227.281097412109 226.868194580078 225.746597290039 224.708801269531 216.294998168945 214.1748046875 207.139205932617 194.191299438477 180.313705444336 169.368606567383 165.168701171875 162.749496459961 150.075805664062 137.09880065918 128.776596069336 118.807601928711 111.831001281738 106.270202636719 101.707702636719 100.142303466797 97.498908996582 95.4573287963867 96.9088134765625 93.8046112060547 90.0776901245117 89.363037109375 90.0693283081055 90.1784820556641 91.1552200317383 93.2685394287109 93.4209594726562 94.555419921875 97.436393737793 100.54940032959 102.543197631836 102.549896240234 103.57039642334 106.559799194336 105.274597167969 102.33570098877 102.027000427246 102.841903686523 102.835296630859 101.554000854492 101.607002258301 103.319602966309
220.524993896484 222.712295532227 221.88459777832 220.181701660156 215.905395507812 205.897201538086 199.39599609375 196.637603759766 191.333602905273 177.404098510742 163.108596801758 147.427505493164 137.082794189453 134.344100952148 132.771697998047 126.675903320312 120.673500061035 111.697402954102 106.142402648926 101.135597229004 98.4611282348633 97.4214935302734 96.6093597412109 91.8177871704102 91.9841232299805 89.9603500366211 90.0747299194336 90.1802825927734 91.1579895019531 93.1715316772461 92.2867584228516 93.262451171875 96.3074722290039 100.281600952148 102.565902709961 104.409797668457 104.448196411133 104.450103759766 105.281196594238 108.024200439453 108.025299072266 105.028297424316 103.798301696777 103.798202514648 104.549896240234 104.303596496582 104.305297851562
204.814895629883 208.902099609375 208.278793334961 204.532302856445 197.920593261719 187.653106689453 190.336502075195 183.104904174805 176.443801879883 169.765701293945 158.283798217773 142.310195922852 130.774002075195 120.218597412109 115.679496765137 114.112098693848 109.500900268555 106.449600219727 102.667900085449 99.3659515380859 94.6281204223633 94.8180923461914 92.8274078369141 91.9853286743164 90.8452529907227 89.9597930908203 88.8204879760742 90.0269622802734 91.1577529907227 94.1528701782227 92.2862167358398 95.1715087890625 99.414176940918 103.275100708008 106.271598815918 106.312698364258 107.293197631836 106.201301574707 105.032402038574 108.028396606445 106.795196533203 106.795402526855 106.793296813965 104.35710144043 104.35530090332 104.05419921875 103.074996948242
190.663101196289 189.491394042969 185.645294189453 187.617706298828 185.082397460938 173.411804199219 166.105895996094 164.105102539062 154.786499023438 146.30029296875 139.185592651367 134.078201293945 125.519996643066 116.448402404785 107.657096862793 101.659400939941 100.626197814941 97.5759887695312 96.7630920410156 94.8210372924805 94.7690200805664 92.8526763916016 92.8529891967773 91.7067565917969 90.8228912353516 90.9347381591797 88.933349609375 88.9297790527344 88.8860015869141 90.8874893188477 92.1327972412109 98.1661834716797 102.142402648926 105.02490234375 106.160301208496 109.04239654541 109.197601318359 109.195198059082 108.03150177002 109.042701721191 107.778602600098 106.548797607422 106.54239654541 107.302001953125 104.356498718262 103.075500488281 104.640098571777
179.756195068359 175.769805908203 173.775100708008 169.784805297852 167.452392578125 160.106094360352 154.78059387207 150.71760559082 143.155807495117 134.61799621582 125.083099365234 116.448600769043 111.852897644043 104.068199157715 99.876953125 96.8755264282227 94.864143371582 97.8110198974609 96.8298263549805 93.8331909179688 93.5603637695312 93.8271484375 93.9320602416992 93.6571578979492 92.681999206543 92.6803817749023 92.6375122070312 92.6351699829102 90.8832397460938 93.8844299316406 95.8804473876953 100.01309967041 102.027198791504 104.912200927734 106.929901123047 107.00789642334 109.746200561523 109.74829864502 111.731498718262 108.738403320312 109.545501708984 109.543701171875 107.05460357666 106.072402954102 102.638298034668 101.642402648926 101.64330291748
162.671401977539 162.671203613281 160.66960144043 155.67790222168 151.697402954102 153.571197509766 150.029403686523 137.611801147461 133.452499389648 125.66089630127 116.842002868652 110.00129699707 101.984100341797 94.8060684204102 89.6761779785156 89.6813507080078 91.5463180541992 92.7952499389648 94.8067016601562 94.5353622436523 93.6644821166992 94.5235595703125 94.6348495483398 96.6491928100586 98.7809600830078 97.62841796875 95.7833099365234 94.6307220458984 95.6291809082031 96.7644500732422 99.9189910888672 105.895599365234 107.909896850586 110.910003662109 110.950897216797 110.708702087402 110.708801269531 110.507698059082 109.497398376465 111.261100769043 109.295700073242 108.012199401855 105.056297302246 103.619102478027 -3.4e+38 -3.4e+38 -3.4e+38
147.000793457031 150.438995361328 147.997299194336 146.438507080078 145.759902954102 145.704299926758 136.686706542969 130.639602661133 124.865798950195 118.106903076172 110.974800109863 102.79810333252 94.7710266113281 87.5094985961914 81.9507064819336 83.8922119140625 90.1259002685547 90.4403228759766 90.435791015625 92.1039123535156 92.4108734130859 93.3955001831055 95.0891723632812 95.3961181640625 98.3932037353516 98.424201965332 100.620903015137 100.622802734375 97.78515625 99.6467132568359 100.782897949219 103.823699951172 107.795600891113 110.955703735352 113.709197998047 116.702301025391 116.447898864746 113.505897521973 111.014099121094 109.249099731445 108.017097473145 105.635398864746 104.617401123047 -3.4e+38 -3.4e+38 -3.4e+38 -3.4e+38
138.169692993164 146.180206298828 143.187393188477 151.665496826172 145.602096557617 136.363998413086 137.569702148438 137.590301513672 128.442306518555 122.444602966309 122.396896362305 106.803901672363 94.2474899291992 85.5607528686523 79.5644073486328 84.5233917236328 87.8673400878906 89.8861465454102 92.849853515625 92.8441009521484 94.8579788208008 96.1424331665039 97.0968017578125 97.1016235351562 98.3933334350586 98.3933334350586 99.3476104736328 103.503402709961 104.752296447754 105.680099487305 108.776100158691 110.794898986816 111.694602966309 112.450202941895 112.199203491211 119.20240020752 119.198501586914 116.198799133301 114.009696960449 110.009002685547 -3.4e+38 -3.4e+38 -3.4e+38 -3.4e+38 -3.4e+38 -3.4e+38 -3.4e+38
132.800094604492 133.783706665039 136.938201904297 134.653396606445 134.652893066406 136.670700073242 129.521499633789 123.377296447754 119.397102355957 117.37670135498 119.123901367188 107.570999145508 98.9873199462891 88.5498428344727 82.0385284423828 84.5222778320312 87.5188369750977 90.5178070068359 90.5130386352539 93.5085830688477 93.5005569458008 96.4960174560547 97.8390884399414 100.807502746582 100.090103149414 102.103698730469 106.365097045898 104.519203186035 109.538696289062 113.626602172852 116.669898986816 119.643501281738 120.68049621582 120.430702209473 117.996101379395 118.950897216797 117.971099853516 117.608001708984 114.607696533203 -3.4e+38 -3.4e+38 -3.4e+38 -3.4e+38 -3.4e+38 -3.4e+38 -3.4e+38 -3.4e+38
117.872100830078 123.866600036621 121.738998413086 123.58519744873 122.498802185059 120.483901977539 116.350898742676 114.108497619629 114.107398986816 108.863296508789 103.277702331543 98.9849319458008 96.5556716918945 91.5433120727539 87.0478591918945 88.0285034179688 89.5291595458984 91.0258483886719 92.9820098876953 94.0173416137695 94.9906387329102 98.5044937133789 98.5034866333008 101.502098083496 103.802001953125 103.055000305176 106.366203308105 109.262397766113 109.422996520996 116.397399902344 120.533599853516 122.442596435547 123.17749786377 124.970901489258 124.947601318359 122.584396362305 120.608200073242 -3.4e+38 -3.4e+38 -3.4e+38 -3.4e+38 -3.4e+38 -3.4e+38 -3.4e+38 -3.4e+38 -3.4e+38 -3.4e+38
110.825798034668 110.672302246094 108.415702819824 109.371002197266 115.435600280762 115.134902954102 111.132202148438 111.849098205566 111.568199157715 108.308197021484 105.342399597168 105.531898498535 99.5414962768555 95.0488891601562 90.5578689575195 93.0326690673828 92.0556564331055 94.0120468139648 94.529541015625 97.004508972168 97.0022888183594 97.005126953125 98.5060577392578 101.49870300293 102.814598083496 105.088798522949 106.262199401855 112.414901733398 115.415000915527 118.305397033691 120.098503112793 122.194999694824 122.997100830078 125.992599487305 125.565902709961 125.582298278809 -3.4e+38 -3.4e+38 -3.4e+38 -3.4e+38 -3.4e+38 -3.4e+38 -3.4e+38 -3.4e+38 -3.4e+38 -3.4e+38 -3.4e+38
96.1608200073242 101.146896362305 103.185600280762 102.85050201416 103.887100219727 105.591598510742 105.569602966309 106.315200805664 103.324600219727 101.036499023438 99.5412902832031 100.57740020752 106.045997619629 98.5611724853516 95.0487213134766 93.5541000366211 94.5312271118164 91.5338287353516 94.5272598266602 94.5266799926758 96.0218200683594 99.0175399780273 103.509696960449 104.491096496582 104.824401855469 107.07689666748 107.280502319336 111.254600524902 116.161003112793 119.091697692871 121.862098693848 123.594902038574 121.570602416992 122.556503295898 -3.4e+38 -3.4e+38 -3.4e+38 -3.4e+38 -3.4e+38 -3.4e+38 -3.4e+38 -3.4e+38 -3.4e+38 -3.4e+38 -3.4e+38 -3.4e+38 -3.4e+38
93.9314422607422 95.9203567504883 97.6557235717773 102.640098571777 102.642501831055 105.610298156738 107.392303466797 107.017799377441 105.357902526855 106.041198730469 100.054801940918 100.054298400879 97.0635299682617 101.553199768066 103.050598144531 101.551300048828 96.5408782958984 94.5235824584961 94.5251617431641 97.0606689453125 99.5331420898438 100.05249786377 104.023498535156 107.841102600098 108.876998901367 114.094299316406 115.378303527832 117.400299072266 118.330101013184 119.841400146484 120.878196716309 123.16609954834 122.715400695801 121.145301818848 -3.4e+38 -3.4e+38 -3.4e+38 -3.4e+38 -3.4e+38 -3.4e+38 -3.4e+38 -3.4e+38 -3.4e+38 -3.4e+38 -3.4e+38 -3.4e+38 -3.4e+38
90.3873672485352 92.3984832763672 96.3538284301758 93.9747085571289 98.0145263671875 101.010803222656 104.009902954102 108.04460144043 103.039901733398 103.557197570801 100.565200805664 100.053802490234 97.5783615112305 98.5594863891602 98.5555572509766 98.5567626953125 100.052200317383 98.0366973876953 97.0585708618164 98.0319900512695 100.047096252441 103.558601379395 102.527702331543 104.813400268555 108.126800537109 111.096099853516 114.063102722168 116.30290222168 118.172897338867 120.848503112793 121.884399414062 123.166397094727 121.14990234375 -3.4e+38 -3.4e+38 -3.4e+38 -3.4e+38 -3.4e+38 -3.4e+38 -3.4e+38 -3.4e+38 -3.4e+38 -3.4e+38 -3.4e+38 -3.4e+38 -3.4e+38 -3.4e+38
79.5030822753906 82.4987869262695 85.5036087036133 88.5020370483398 94.4932327270508 99.5070877075195 99.5113067626953 107.522903442383 106.545600891113 105.049598693848 103.558601379395 103.041397094727 102.066398620605 103.562202453613 103.563201904297 101.546699523926 102.583297729492 102.059997558594 102.060501098633 101.539596557617 100.564903259277 100.56420135498 101.545402526855 102.848701477051 106.153800964355 109.128303527832 109.171203613281 110.313598632812 113.352699279785 119.109497070312 117.621696472168 118.603401184082 -3.4e+38 -3.4e+38 -3.4e+38 -3.4e+38 -3.4e+38 -3.4e+38 -3.4e+38 -3.4e+38 -3.4e+38 -3.4e+38 -3.4e+38 -3.4e+38 -3.4e+38 -3.4e+38 -3.4e+38
85.9994506835938 86.0090026855469 89.0080413818359 92.0076065063477 92.0124282836914 92.0194931030273 94.0401916503906 97.0395126342773 103.031196594238 104.06770324707 106.026802062988 107.066802978516 105.574600219727 105.575698852539 107.070602416992 106.094398498535 105.055198669434 103.094802856445 102.054397583008 103.55590057373 103.551803588867 103.553100585938 102.875198364258 103.182800292969 104.114402770996 107.302101135254 111.279800415039 112.21199798584 113.110900878906 114.899803161621 114.618896484375 116.185699462891 116.184898376465 -3.4e+38 -3.4e+38 -3.4e+38 -3.4e+38 -3.4e+38 -3.4e+38 -3.4e+38 -3.4e+38 -3.4e+38 -3.4e+38 -3.4e+38 -3.4e+38 -3.4e+38 -3.4e+38
83.0043563842773 91.9900817871094 94.9917373657227 100.00479888916 101.510696411133 95.5265426635742 94.0353088378906 97.0372085571289 99.0526962280273 104.064102172852 107.060302734375 110.578498840332 112.078498840332 110.062202453613 112.080596923828 109.084503173828 108.563598632812 104.069198608398 102.574501037598 100.552101135254 100.989501953125 105.563201904297 104.933403015137 107.233703613281 109.486396789551 108.391899108887 110.455703735352 115.472297668457 115.363296508789 113.163497924805 111.957099914551 -3.4e+38 -3.4e+38 -3.4e+38 -3.4e+38 -3.4e+38 -3.4e+38 -3.4e+38 -3.4e+38 -3.4e+38 -3.4e+38 -3.4e+38 -3.4e+38 -3.4e+38 -3.4e+38 -3.4e+38 -3.4e+38
84.5042190551758 86.5248870849609 92.513801574707 94.0196914672852 99.0314483642578 97.5382690429688 94.5498886108398 97.5517120361328 101.069297790527 102.565696716309 106.08219909668 108.560096740723 108.043601989746 112.073600769043 110.579696655273 111.554901123047 109.597602844238 104.584098815918 101.590400695801 103.982398986816 102.568099975586 101.297203063965 103.205299377441 103.177200317383 103.46369934082 107.409797668457 107.458602905273 112.359497070312 112.175399780273 110.972801208496 110.6416015625 -3.4e+38 -3.4e+38 -3.4e+38 -3.4e+38 -3.4e+38 -3.4e+38 -3.4e+38 -3.4e+38 -3.4e+38 -3.4e+38 -3.4e+38 -3.4e+38 -3.4e+38 -3.4e+38 -3.4e+38 -3.4e+38
90.489860534668 87.5041427612305 90.5041122436523 93.4995422363281 94.5402069091797 100.534202575684 101.056098937988 100.540702819824 101.063697814941 102.568000793457 103.088096618652 104.065101623535 103.08869934082 106.082801818848 108.558601379395 107.583503723145 105.56079864502 104.584396362305 101.584396362305 104.316703796387 103.018898010254 103.945602416992 104.258201599121 106.505599975586 106.78589630127 106.67960357666 105.591201782227 107.501502990723 109.179901123047 108.983001708984 109.217597961426 -3.4e+38 -3.4e+38 -3.4e+38 -3.4e+38 -3.4e+38 -3.4e+38 -3.4e+38 -3.4e+38 -3.4e+38 -3.4e+38 -3.4e+38 -3.4e+38 -3.4e+38 -3.4e+38 -3.4e+38 -3.4e+38
90.4934463500977 93.4897308349609 92.5183029174805 93.5009613037109 97.5391387939453 101.053497314453 104.570198059082 104.054000854492 105.55460357666 103.078796386719 104.063003540039 106.082099914551 106.081199645996 104.585403442383 101.591499328613 101.017601013184 105.070999145508 106.046798706055 105.036399841309 104.310897827148 106.319297790527 104.277297973633 104.596000671387 109.841499328613 111.796699523926 111.690498352051 113.599899291992 111.649803161621 108.193702697754 108.981300354004 107.63809967041 -3.4e+38 -3.4e+38 -3.4e+38 -3.4e+38 -3.4e+38 -3.4e+38 -3.4e+38 -3.4e+38 -3.4e+38 -3.4e+38 -3.4e+38 -3.4e+38 -3.4e+38 -3.4e+38 -3.4e+38 -3.4e+38
94.9919509887695 95.5119705200195 94.5369491577148 97.5362930297852 100.529899597168 101.05419921875 104.566703796387 106.070701599121 106.074401855469 109.070999145508 106.0791015625 104.583702087402 107.580200195312 107.579803466797 107.037200927734 102.047996520996 102.285400390625 104.290199279785 104.284103393555 104.308898925781 104.618202209473 104.591003417969 103.840400695801 110.555603027344 110.841300964355 109.822898864746 110.599403381348 108.439102172852 107.241500854492 107.045303344727 106.662002563477 106.222702026367 -3.4e+38 -3.4e+38 -3.4e+38 -3.4e+38 -3.4e+38 -3.4e+38 -3.4e+38 -3.4e+38 -3.4e+38 -3.4e+38 -3.4e+38 -3.4e+38 -3.4e+38 -3.4e+38 -3.4e+38
