ENMTML/All_vars/Predictors/EUR_b1_19/bio14.asc
NCOLS 411 
NROWS 214 
XLLCORNER -11.5 
YLLCORNER 35.666666666112 
CELLSIZE 0.166666666666667 
NODATA_value -3.4e+38 
[rows 126 to 146 of 214, columns 141 to 187 of 411]
10.1422004699707 9.44738960266113 8.75329971313477 8.75183963775635 8.28954982757568 8.28917026519775 9.67335033416748 8.28897953033447 6.9047999382019 6.67360019683838 6.67331981658936 6.21130990982056 5.28911018371582 4.59808015823364 4.59758996963501 4.59735012054443 4.8277702331543 5.0579400062561 5.28809022903442 5.51822996139526 5.74811983108521 5.97822999954224 6.20793008804321 5.9771900177002 5.76861000061035 6.22828006744385 8.04662990570068 6.91742992401123 7.12484979629517 8.04574966430664 7.81547021865845 7.5857400894165 7.58616018295288 6.89643001556396 6.89716005325317 6.89781999588013 6.89821004867554 6.89853000640869 7.12881994247437 7.35909986495972 7.35915994644165 7.35934019088745 7.35974979400635 7.35959005355835 7.58933019638062 7.81918001174927 7.81922006607056
9.44820022583008 8.52287006378174 7.36749982833862 8.52066993713379 9.90464019775391 9.44256019592285 9.21175003051758 8.28859996795654 7.82705020904541 7.36521005630493 6.90340995788574 6.21107006072998 5.51913022994995 4.82742977142334 4.36700010299683 4.59723997116089 5.0578498840332 5.05743980407715 5.28774976730347 5.51794004440308 5.74814987182617 5.74797010421753 5.74749994277954 5.7469801902771 5.74640989303589 5.76816987991333 6.20515012741089 6.66504001617432 7.355140209198 7.35512018203735 7.81590986251831 8.96751022338867 7.81573009490967 7.58633995056152 7.12644004821777 6.89706993103027 6.89713001251221 6.89736986160278 7.12757015228271 7.35805988311768 7.5887598991394 7.58889007568359 7.58921003341675 7.35908985137939 7.35880994796753 7.35844993591309 7.12819004058838
9.6781702041626 8.52192974090576 8.75170993804932 8.9815502166748 8.75030994415283 8.98089027404785 8.74993991851807 8.5190601348877 7.82687997817993 7.36518001556396 7.1341700553894 6.44200992584229 5.7494101524353 5.28856992721558 5.05771017074585 5.28785991668701 5.74835014343262 5.74832010269165 6.20872020721436 5.97849988937378 5.74782991409302 6.20819997787476 6.20777988433838 5.7695198059082 5.97673988342285 5.76866006851196 6.20552015304565 5.97528982162476 6.43499994277954 5.97495985031128 6.66514015197754 7.58562994003296 7.81591987609863 7.81564998626709 7.35601997375488 7.12595987319946 6.91863012313843 6.68892002105713 6.91943979263306 7.58773994445801 7.81857013702393 8.04893016815186 8.04901027679443 8.04885005950928 7.81857013702393 7.58805990219116 7.12758016586304
8.75308990478516 8.52155017852783 9.90565967559814 8.98122978210449 8.2887601852417 8.28831005096436 8.05842018127441 7.82745981216431 7.59656000137329 8.05782032012939 8.28794002532959 8.28715991973877 6.90260982513428 6.21048021316528 5.74892997741699 5.97892999649048 6.20966005325317 6.20910978317261 6.43916988372803 6.89981985092163 6.89959001541138 6.89913988113403 7.35970020294189 7.58945989608765 7.58847999572754 6.89745998382568 6.66670989990234 6.43594980239868 6.2055401802063 5.74539995193481 5.74546003341675 6.20533990859985 7.81583023071289 8.04572010040283 7.81563997268677 7.37812995910645 6.71031999588013 6.71090984344482 7.37928009033203 7.83998012542725 8.76119995117188 10.1197996139526 10.1197996139526 9.65935039520264 9.88885021209717 8.73787975311279 8.73717975616455
8.52095031738281 8.75107002258301 9.21275043487549 9.44312000274658 8.7504301071167 8.51974010467529 8.52007007598877 8.52003955841064 8.98138046264648 8.75037956237793 9.67243957519531 8.74843978881836 7.8250298500061 7.13254976272583 7.36253023147583 7.36203002929688 7.13112020492554 7.36116981506348 7.36090993881226 7.13037014007568 7.36028003692627 7.12978982925415 7.35986995697021 7.61192989349365 7.8191499710083 7.35848999023438 6.89767980575562 6.20655012130737 6.43649005889893 6.43602991104126 5.74582004547119 5.975830078125 6.89582014083862 7.58610010147095 7.35601997375488 6.94052982330322 7.60834980010986 8.32145023345947 9.47297954559326 11.0846996307373 10.1646003723145 11.3156003952026 11.2709999084473 11.961199760437 11.7298002243042 11.7293996810913 9.65672969818115
8.75039005279541 8.75016975402832 9.21183967590332 9.67329978942871 10.3664999008179 9.44307041168213 9.90520000457764 9.44384956359863 10.1358003616333 9.90458965301514 9.44229984283447 8.97984027862549 8.51702976226807 8.05523014068604 8.05408954620361 7.82328987121582 7.59231996536255 8.28363990783691 8.28310966491699 8.05241012573242 8.07454013824463 7.61343002319336 7.59067010879517 7.38255977630615 7.35967016220093 6.89865016937256 6.43797016143799 5.97741985321045 6.89749002456665 6.89706993103027 5.97652006149292 5.97652006149292 6.20608997344971 6.89656019210815 7.83879995346069 7.86139011383057 8.78209018707275 10.1858997344971 11.1070995330811 10.8774995803833 10.6252002716064 11.5466003417969 12.2142000198364 12.4439001083374 11.499400138855 10.1175003051758 9.65606021881104
8.74915981292725 8.74930000305176 9.21115970611572 9.44227981567383 9.67362976074219 10.5975999832153 11.983699798584 12.9077997207642 12.2143001556396 11.0593996047974 10.5965003967285 9.90324020385742 9.20971965789795 8.97795009613037 8.51564025878906 8.51488971710205 8.0534496307373 8.51430034637451 8.51377010345459 8.74394035339355 8.30515956878662 8.30490970611572 7.82161998748779 7.38349008560181 6.92249011993408 6.90002012252808 6.20878982543945 5.74814987182617 6.20801019668579 6.20757007598877 6.20724010467529 6.66740989685059 6.66703987121582 7.12724018096924 7.83997011184692 8.76031017303467 9.24322032928467 10.1645002365112 10.395299911499 9.7052698135376 9.9361400604248 11.5249996185303 12.9061002731323 11.9846000671387 11.2701997756958 12.190299987793 15.1857004165649
8.74771022796631 9.44003963470459 10.1333999633789 10.5954999923706 11.2889003753662 11.520899772644 13.8312997817993 14.5244998931885 15.5520000457764 15.4462995529175 13.5980997085571 12.2112998962402 10.8247995376587 9.90048980712891 9.43807983398438 9.43698978424072 8.53703022003174 8.53684043884277 8.76651000976562 8.9972095489502 8.07534980773926 8.07505035400391 7.84491014480591 7.38402986526489 6.92347002029419 6.46261978149414 6.20969009399414 5.7492299079895 5.74857997894287 6.20842981338501 6.66828012466431 7.35828018188477 7.12779998779297 7.35812997817993 8.04823017120361 8.76130962371826 9.45186996459961 8.78419017791748 9.24543952941895 10.3970003128052 12.2391996383667 10.8583002090454 11.5482997894287 11.9856004714966 11.0413999557495 10.349100112915 10.8086996078491
9.20792007446289 9.20781993865967 9.43920040130615 9.67094993591309 10.3642997741699 12.2126998901367 13.599100112915 13.8311996459961 15.6784000396729 16.2210998535156 15.5338001251221 14.3781003952026 13.7061996459961 12.0662002563477 10.5909004211426 10.1288003921509 9.25121974945068 8.78979969024658 9.22795963287354 8.76679039001465 8.09805965423584 7.86771011352539 7.63749980926514 7.38515996932983 6.9246997833252 6.67180013656616 6.44132995605469 6.44086980819702 6.4403600692749 6.66992998123169 6.8995099067688 7.12892007827759 7.58934020996094 8.50975036621094 9.20042037963867 8.97002983093262 8.53271961212158 9.66158962249756 10.8577003479004 11.274299621582 11.0894002914429 11.3201999664307 13.8298997879028 13.3458995819092 14.0368003845215 14.2665004730225 12.4224996566772
9.89783000946045 9.89852046966553 10.3607997894287 10.362099647522 10.5939998626709 11.0567998886108 11.9816999435425 13.3695001602173 13.6014003753662 14.5232000350952 15.3031997680664 15.3229999542236 14.1669998168945 13.0110998153687 12.1091995239258 11.6461000442505 11.0726003646851 9.73414993286133 9.48097038269043 9.0197696685791 8.78919982910156 8.12082004547119 7.86828994750977 7.40810012817383 6.94781017303467 6.92605018615723 6.92569017410278 7.36336994171143 7.13213014602661 7.13135004043579 7.36075019836426 7.82072019577026 8.51074981689453 8.74081039428711 8.30286979675293 8.51093006134033 9.20207023620605 8.55677032470703 9.66361045837402 9.47879028320312 11.0462999343872 12.4279003143311 11.5296001434326 10.3782997131348 11.2746000289917 10.1443996429443 9.68255043029785
10.1266002655029 10.3584003448486 10.8200998306274 11.2826995849609 11.7454996109009 12.2087001800537 12.6729001998901 13.5986995697021 14.0628004074097 14.5235004425049 15.0490999221802 14.1465997695923 14.1883001327515 13.978099822998 12.8226003646851 13.0745000839233 13.3037004470825 11.7630996704102 10.402099609375 9.50308990478516 8.81196975708008 8.120849609375 7.66105985641479 7.43156003952026 7.43220996856689 7.64057016372681 7.84844017028809 7.8253698348999 7.82421016693115 7.59305000305176 7.82215023040771 8.05154037475586 8.51163005828857 8.51173973083496 8.05142974853516 8.51189041137695 8.28254985809326 8.28293991088867 8.97404003143311 10.8166999816895 10.1272001266479 10.3582000732422 10.1284999847412 9.92033004760742 10.378399848938 10.5840997695923 9.22389030456543
10.5859003067017 10.8177003860474 11.2796001434326 11.7417001724243 12.4350004196167 13.1288995742798 13.8233995437622 14.0567998886108 14.5200996398926 15.0045003890991 14.8165998458862 13.9362001419067 13.2642002105713 13.7461004257202 12.8212995529175 11.8312997817993 12.246600151062 12.4542999267578 11.992600440979 10.8622999191284 9.0419397354126 7.68290996551514 7.20032978057861 7.22389984130859 7.45550012588501 7.89488983154297 8.10346984863281 8.07950973510742 8.07857036590576 8.05465030670166 8.51342964172363 9.20400047302246 8.51284027099609 8.28265953063965 7.82189989089966 7.82250022888184 7.82276010513306 8.51397037506104 8.51473999023438 9.66676998138428 9.89778995513916 10.5893001556396 10.1290998458862 10.8182001113892 9.89640998840332 8.07614994049072 7.15369987487793
11.0450000762939 11.2763996124268 11.2774000167847 11.7395000457764 12.4322996139526 13.3562002182007 14.0496997833252 14.9752998352051 15.8999996185303 15.9455003738403 15.0659999847412 14.163200378418 12.6143999099731 11.0892000198364 10.3520002365112 9.63755989074707 9.59243011474609 9.77733993530273 9.75473022460938 8.39478015899658 7.93451976776123 7.68246984481812 7.2224497795105 7.45408010482788 7.91598987579346 8.37810039520264 8.12656021118164 8.10299968719482 8.07911968231201 8.28602981567383 8.97568988800049 8.51496982574463 8.28423976898193 8.05346012115479 7.59299993515015 7.36279010772705 7.36311006546021 7.36355018615723 7.82483005523682 7.82526016235352 8.51714038848877 8.74765014648438 8.97786045074463 9.20765018463135 8.2856502532959 7.59367990493774 7.15457010269165
11.2741003036499 11.274299621582 11.9666004180908 12.4281997680664 12.8900995254517 13.5829000473022 14.9680995941162 16.5849990844727 17.9710006713867 17.6004009246826 16.4466991424561 15.105299949646 13.6976003646851 11.9195995330811 10.7891998291016 10.3052997589111 9.38337993621826 8.89988040924072 8.41650009155273 8.16396999359131 8.16431045532227 8.14231967926025 8.37324047088623 8.60429000854492 8.58318042755127 8.14618015289307 7.89475011825562 7.87177991867065 7.87108993530273 8.07849979400635 8.07828998565674 7.87045001983643 8.05504035949707 7.59389019012451 7.13304996490479 6.9028000831604 6.90325021743774 6.90328979492188 7.36448001861572 7.36522006988525 7.59611988067627 7.82660007476807 8.05673027038574 7.82646989822388 7.59556007385254 7.59462022781372 7.36321020126343
11.0426998138428 11.5031995773315 11.9645004272461 12.6562004089355 13.117600440979 13.5790004730225 15.4252004623413 17.2724990844727 18.8894996643066 18.9806003570557 18.3101997375488 17.6613998413086 16.3505992889404 14.7579002380371 13.6493997573853 12.5186004638672 11.3887996673584 11.1353998184204 10.8823003768921 11.0906000137329 10.6524000167847 9.75345993041992 9.96195030212402 9.27140045166016 8.58178043365479 7.66173982620239 7.66266012191772 7.87047004699707 7.61750984191895 7.61754989624023 7.82542991638184 7.82583999633789 7.59489011764526 7.13357019424438 6.9031400680542 6.67300987243652 6.44265985488892 6.67359018325806 7.13479995727539 7.36585998535156 7.59657001495361 8.7482795715332 8.05737972259521 7.82653999328613 7.59549999237061 7.59499979019165 7.59409999847412
11.5020999908447 12.4236001968384 12.6540002822876 13.8067998886108 14.7293996810913 14.7295999526978 15.6521997451782 18.1921005249023 19.3467998504639 20.5020008087158 20.5018005371094 20.0408000946045 18.6562004089355 16.8096008300781 16.1173000335693 14.2715997695923 13.3718996047974 12.9104995727539 13.5799999237061 12.6803998947144 12.4503002166748 12.6808996200562 11.7822999954224 9.73145008087158 8.12018966674805 7.89046001434326 7.430260181427 7.1781702041626 6.92559003829956 7.13350009918213 7.13334989547729 7.36386013031006 7.13325023651123 6.90239000320435 6.44195985794067 6.44223022460938 6.44288015365601 6.67396020889282 7.13524007797241 7.36639022827148 7.59742021560669 8.28814029693604 7.59730005264282 7.36633014678955 7.13557004928589 6.90471982955933 6.90395021438599
11.7307996749878 12.4222002029419 12.652099609375 14.4974002838135 15.1893997192383 16.5743007659912 17.7292995452881 18.4216995239258 19.3437995910645 20.0377998352051 20.0384998321533 19.3458995819092 18.8850994110107 17.5006999969482 16.1156997680664 15.6549997329712 14.50119972229 14.7320995330811 14.5017995834351 13.3711996078491 12.2187004089355 10.858699798584 11.9889001846313 11.5511999130249 9.03979969024658 8.55720996856689 7.63647985458374 6.92369985580444 6.69384002685547 6.67182016372681 6.67182016372681 6.67192983627319 6.67160987854004 6.90141010284424 6.67152976989746 6.67248010635376 6.90367984771729 6.90451002120972 7.59598016738892 7.59718990325928 7.59745979309082 8.05873012542725 7.13712978363037 7.13638019561768 7.13557004928589 6.6746997833252 6.44403982162476
11.4993000030518 12.4209003448486 13.3430995941162 14.0350999832153 14.726300239563 16.573600769043 17.4974002838135 17.2640991210938 18.4183006286621 19.5750007629395 19.5762004852295 18.6525993347168 18.1916007995605 18.6541004180908 17.7311000823975 17.0391006469727 15.8853998184204 13.6007995605469 11.3404998779297 10.4412002563477 10.649299621582 11.7800998687744 9.95907020568848 9.70664978027344 8.34807968139648 8.09580039978027 7.61332988739014 6.69221019744873 6.43981981277466 6.4403600692749 6.44086980819702 6.21045017242432 5.97988986968994 6.21031999588013 6.90185022354126 7.3633599281311 7.36448001861572 7.59568023681641 7.5967001914978 7.36700010299683 7.36761999130249 7.59845018386841 6.90680980682373 6.67549991607666 6.67552995681763 6.67514991760254 6.44475984573364
14.2683000564575 13.8058004379272 13.805100440979 14.2662000656128 15.4194002151489 15.4179000854492 16.1100997924805 17.033899307251 18.4218997955322 18.8845996856689 19.3465003967285 19.3469009399414 18.6543006896973 17.4995994567871 16.1147003173828 14.9616003036499 13.1389999389648 12.0086002349854 13.1619997024536 10.210000038147 9.97982025146484 9.28901958465576 8.36810970306396 7.88603019714355 7.42637014389038 7.17407989501953 6.92179012298584 6.23094987869263 6.43929004669189 6.44000005722046 6.440110206604 6.21022987365723 5.97968006134033 6.67113018035889 7.82324981689453 8.05447959899902 8.05601024627686 7.59645986557007 7.36659002304077 7.36731004714966 7.36779022216797 7.13762998580933 6.90666007995605 6.67598009109497 6.67574977874756 6.67573976516724 6.44510984420776
16.8092994689941 18.8894004821777 18.4263000488281 17.0396995544434 19.3507995605469 17.5009002685547 17.0375003814697 18.1935005187988 18.4253005981445 17.7290000915527 17.4971008300781 17.4979000091553 17.0368003845215 15.8829002380371 14.4991998672485 16.1156997680664 13.6001996994019 14.2924995422363 9.97914028167725 8.61917018890381 7.92810010910034 7.69832992553711 7.6769700050354 7.8633599281311 7.6115198135376 7.38165998458862 6.92174005508423 6.66902017593384 6.66931009292603 6.67005014419556 6.67048978805542 6.67115020751953 6.67102003097534 7.36268997192383 7.82420015335083 7.59500980377197 7.59645986557007 7.59699010848999 7.5972900390625 7.36715984344482 7.36778020858765 7.13720989227295 6.90721988677979 6.67658996582031 6.6760401725769 6.67607021331787 6.67601013183594
15.4236001968384 15.885199546814 14.9604997634888 13.8044996261597 16.3456993103027 14.9575004577637 15.6738004684448 15.927300453186 16.3894004821777 16.3878993988037 16.6460990905762 16.8535995483398 15.8829002380371 13.8522996902466 12.2388000488281 14.315299987793 13.161600112915 12.9314002990723 12.7230997085571 8.82676029205322 7.90556001663208 7.90620994567871 8.3228702545166 8.53190994262695 8.27980041503906 8.05012989044189 7.58975982666016 7.35988998413086 7.36035013198853 7.36132001876831 7.36159992218018 7.36216020584106 7.36274003982544 7.59375 7.59473991394043 7.36559009552002 7.59721994400024 7.82797002792358 7.82836008071899 7.59813976287842 7.59825992584229 7.36808013916016 7.13727998733521 6.90716981887817 6.67674016952515 6.67674016952515 6.67673015594482
