ENMTML/All_vars/Predictors/EUR_b1_19/bio17.asc
NCOLS 411 
NROWS 214 
XLLCORNER -11.5 
YLLCORNER 35.666666666112 
CELLSIZE 0.166666666666667 
NODATA_value -3.4e+38 
[rows 189 to 209 of 214, columns 282 to 328 of 411]
39.5243606567383 37.6384391784668 38.8589096069336 40.0769004821777 40.0732917785645 42.2180786132812 40.3724212646484 36.0512809753418 39.25244140625 36.3144493103027 37.5732192993164 37.8334999084473 37.9639282226562 38.1951293945312 39.6113700866699 38.5161895751953 36.6682815551758 36.8013381958008 37.0723190307617 39.3876914978027 38.1463813781738 39.6736793518066 41.7261085510254 37.0331001281738 42.7621307373047 52.4009208679199 50.4196014404297 45.5317306518555 43.4053688049316 46.8389091491699 52.7639198303223 58.902271270752 62.6188507080078 63.3973999023438 74.8994979858398 70.1848526000977 72.165657043457 70.8100128173828 73.8120422363281 79.1283874511719 81.3371505737305 81.2343673706055 72.9245529174805 66.8232192993164 61.7601013183594 60.9064788818359 68.6596527099609
38.6674118041992 42.1475791931152 43.1624488830566 44.509880065918 41.1988716125488 35.9495811462402 35.0276184082031 38.13037109375 37.4067611694336 35.3234786987305 35.7273406982422 38.166618347168 38.2949104309082 36.0755386352539 35.3174018859863 33.4987487792969 32.5382881164551 31.02001953125 31.0706405639648 32.5607681274414 33.1995315551758 37.8123817443848 38.0780906677246 44.2476692199707 42.3810386657715 40.9365081787109 40.030330657959 42.5151710510254 43.2750015258789 49.1846313476562 49.9008598327637 52.8187789916992 53.2620010375977 62.9401206970215 61.7072792053223 61.3648681640625 63.3480911254883 62.2630004882812 65.4309387207031 65.4279708862305 65.4249420166016 62.5504913330078 60.3414688110352 57.4090385437012 59.4917411804199 58.4656600952148 64.2870635986328
38.894660949707 42.391300201416 44.4026412963867 44.3028106689453 39.1870994567871 37.0072708129883 37.3378715515137 36.5141410827637 36.4160499572754 36.4482307434082 38.0357284545898 37.2763595581055 34.1044082641602 30.9929294586182 28.7908897399902 28.6392002105713 27.7005004882812 28.5949306488037 29.1364593505859 32.8379096984863 45.1862297058105 46.2475318908691 37.2260818481445 38.4786491394043 45.7458992004395 39.5924491882324 38.1474990844727 43.1191291809082 40.4834213256836 40.0589981079102 45.657470703125 47.7920112609863 53.158088684082 52.9186515808105 58.4029808044434 64.3443069458008 57.8210182189941 52.9009284973145 57.5869216918945 53.3918418884277 52.1606216430664 53.6107788085938 48.161750793457 50.1709098815918 56.7950286865234 64.7231216430664 74.3388214111328
38.9905090332031 42.3891716003418 39.0543899536133 35.9847717285156 38.231861114502 38.3633995056152 39.5835189819336 38.4959297180176 38.7578201293945 37.7056083679199 35.9931602478027 35.0351791381836 32.0615882873535 32.020320892334 31.3932590484619 27.8926696777344 24.5203990936279 27.8048801422119 26.9398002624512 33.1277694702148 35.4096984863281 30.1846103668213 32.5013809204102 32.4971084594727 37.1551284790039 34.520320892334 36.0580406188965 34.4183692932129 33.7302894592285 34.8017196655273 39.1999397277832 44.9564018249512 46.2305603027344 42.9839782714844 45.6758613586426 51.5913314819336 51.5922203063965 46.938419342041 50.1310997009277 45.7410011291504 43.4830017089844 45.919620513916 45.6378517150879 43.8887786865234 45.8186798095703 59.7916717529297 61.6508293151855
38.8826103210449 38.1598510742188 36.115291595459 38.1329498291016 40.3061294555664 41.5626792907715 39.6172409057617 39.7512016296387 38.8913192749023 36.8501205444336 33.8799285888672 33.9108390808105 33.0517501831055 28.7979698181152 32.4900894165039 32.5964813232422 25.783390045166 24.6518802642822 22.300350189209 22.1400699615479 24.5038604736328 26.7923698425293 30.3398704528809 28.4551105499268 28.7500095367432 30.6173992156982 27.7268505096436 28.2754306793213 33.5611610412598 33.3724594116211 36.0460510253906 35.501049041748 42.1661109924316 43.3473014831543 43.1129684448242 40.1912612915039 40.1917915344238 43.7018508911133 41.2150382995605 40.0238189697266 40.2468910217285 40.1994514465332 40.3804397583008 40.5673408508301 41.0417709350586 44.6263389587402 40.6843185424805
36.8975296020508 38.0573387145996 39.0787391662598 42.3814697265625 43.8786201477051 42.7222595214844 39.7512016296387 39.7869300842285 39.0302810668945 38.1731605529785 35.101131439209 31.9277992248535 28.5318603515625 25.6044101715088 24.4317798614502 25.9332103729248 22.5877990722656 21.4500503540039 20.0830307006836 17.584680557251 17.3906993865967 18.2622394561768 21.6230907440186 26.6262092590332 22.6901206970215 24.4436893463135 22.6884593963623 25.7967891693115 30.3236503601074 27.61741065979 26.770320892334 27.33909034729 28.3506202697754 32.8500099182129 31.6171798706055 33.3617706298828 35.3823204040527 38.4159507751465 38.4512596130371 38.4465408325195 40.9075698852539 43.0736312866211 44.1738204956055 49.5018692016602 43.3365211486816 34.1313400268555 32.5604705810547
34.9114990234375 40.1663818359375 41.4594116210938 41.4621315002441 42.8570289611816 42.7594909667969 42.8958206176758 43.3332290649414 38.9697914123535 35.8963508605957 31.9329891204834 28.5729007720947 27.5922908782959 25.6208400726318 22.1921691894531 19.0315895080566 17.5809001922607 17.1561794281006 17.4694805145264 17.8197593688965 17.666410446167 17.1595706939697 18.3017292022705 19.1112804412842 18.6983509063721 21.4838409423828 19.3185195922852 22.5584697723389 24.0626792907715 23.7978191375732 22.153980255127 27.6898307800293 35.8584213256836 30.957670211792 30.5199203491211 31.9381694793701 31.2729606628418 31.3535003662109 33.0029792785645 37.4617118835449 40.0504302978516 35.3369407653809 33.9869194030762 32.3722686767578 30.0778198242188 27.699390411377 30.5818901062012
40.4145812988281 39.2469100952148 40.3715591430664 41.4341888427734 42.5632095336914 43.0698089599609 41.9455413818359 40.0305786132812 35.9986381530762 36.1714897155762 32.0499000549316 26.1039905548096 22.673620223999 24.2084808349609 21.007869720459 16.5421504974365 15.0961904525757 15.1371297836304 16.7179508209229 19.8508396148682 19.9671096801758 16.1779804229736 15.2608098983765 16.270450592041 19.4312191009521 17.7299194335938 20.7799892425537 23.306360244751 19.4854297637939 17.7419605255127 20.5590991973877 22.5642509460449 24.405309677124 25.1935901641846 29.0547199249268 32.3372497558594 32.4152908325195 30.767110824585 30.3712692260742 30.369010925293 37.7294692993164 30.7603797912598 29.3053798675537 27.4615306854248 26.8844299316406 26.4656200408936 26.0389995574951
36.0865287780762 38.0625305175781 40.2479095458984 41.8480491638184 43.0451507568359 41.9184684753418 41.2327690124512 37.524600982666 30.4317207336426 29.6384906768799 26.4382495880127 25.9186401367188 22.7184104919434 20.78005027771 18.7660808563232 15.2503099441528 14.8264102935791 14.6379499435425 14.4472398757935 15.7545700073242 16.3754196166992 17.7565593719482 19.8572902679443 18.8724994659424 17.7262096405029 16.7583904266357 12.9088296890259 13.32666015625 13.4703502655029 13.8884696960449 14.3048601150513 14.863639831543 15.8941602706909 17.2873992919922 20.10498046875 23.5378608703613 29.024450302124 25.9697799682617 28.3683109283447 30.8167705535889 32.1650009155273 34.2174606323242 29.3660297393799 29.3505191802979 26.0677299499512 22.6344890594482 24.0432395935059
34.9070701599121 37.0895881652832 39.5410003662109 41.9342308044434 38.8492088317871 40.3090782165527 41.2825813293457 34.1869583129883 26.5877208709717 24.6036396026611 22.3163299560547 22.0280704498291 22.5338802337646 25.297420501709 18.3092594146729 17.3636093139648 17.4049606323242 19.969310760498 17.5646095275879 17.3727798461914 14.8914604187012 14.9697799682617 15.0494804382324 15.0912399291992 10.9233102798462 10.9263601303101 10.9270896911621 10.5079803466797 11.0677795410156 11.0667600631714 11.9024295806885 13.88623046875 14.8642902374268 14.4434900283813 14.4425897598267 17.7090301513672 19.6937198638916 20.2572708129883 23.1290607452393 24.10791015625 27.3844394683838 24.5106296539307 28.3983993530273 35.1753883361816 33.6341590881348 31.3054790496826 28.9645099639893
36.11669921875 39.5560989379883 39.4859390258789 38.1112594604492 37.9618797302246 37.7717208862305 34.1495094299316 31.3403301239014 29.1259002685547 22.4462699890137 23.8999691009521 26.054859161377 23.6120090484619 20.1777896881104 16.1807899475098 20.925220489502 18.4746398925781 17.7611904144287 15.049690246582 15.0886402130127 15.4376201629639 12.7204704284668 11.9252004623413 10.0862503051758 10.0887403488159 9.52847290039062 7.48904323577881 8.04986667633057 8.04878902435303 8.04834747314453 8.0479850769043 8.60922718048096 10.0309295654297 11.0096397399902 12.0414304733276 11.009690284729 11.9909601211548 11.9927101135254 12.9737701416016 16.4089603424072 20.2557506561279 19.6902198791504 21.6930503845215 24.5541305541992 33.8481712341309 28.9064292907715 30.2892398834229
35.9831085205078 36.8209991455078 36.4874992370605 36.2979393005371 36.1036911010742 35.3487281799316 33.1778411865234 29.7434597015381 26.7748508453369 28.3824005126953 25.1374397277832 19.7198905944824 17.4336395263672 16.4784698486328 18.168399810791 15.7645397186279 13.7464399337769 12.907600402832 9.47376441955566 12.3453798294067 9.05454444885254 9.10816669464111 10.5314598083496 10.5330400466919 9.94647979736328 8.49564933776855 7.07155799865723 7.0703239440918 6.65106010437012 6.65132713317871 6.65096092224121 7.21205282211304 7.62906408309937 7.62796688079834 8.60899257659912 9.61486530303955 10.5957803726196 10.1794500350952 10.5984401702881 11.1611099243164 13.0285797119141 15.0094404220581 16.4565105438232 18.290210723877 23.1645793914795 25.6121292114258 30.0682506561279
35.9152297973633 38.7853317260742 38.6399383544922 35.1572418212891 34.2124099731445 32.7681083679199 29.3036804199219 21.6668395996094 18.2312202453613 23.53782081604 22.7424297332764 15.4800596237183 13.0796699523926 11.485969543457 11.0704402923584 10.6553201675415 9.20507717132568 9.20495986938477 8.22359657287598 8.22261333465576 7.24134397506714 7.65906620025635 8.69259738922119 9.11097431182861 9.94719696044922 12.3506097793579 11.3174200057983 7.07113790512085 5.61860799789429 5.20046901702881 5.20037698745728 6.23385906219482 6.2332501411438 7.21307611465454 7.63155221939087 7.63203382492065 7.63301992416382 7.77800416946411 8.19672584533691 10.1822204589844 12.6113004684448 14.8654899597168 19.3277702331543 13.0235996246338 19.3221893310547 25.617790222168 26.6030807495117
41.5859603881836 43.379581451416 44.3018608093262 39.3804512023926 34.3422698974609 30.4944496154785 24.663890838623 19.2736701965332 17.675329208374 18.088249206543 16.1011791229248 11.6881399154663 11.6875600814819 10.2370500564575 8.81485366821289 6.80124807357788 6.80187892913818 6.80174922943115 6.238694190979 6.23823308944702 6.23757982254028 5.67457914352417 6.68006896972656 7.09807777404785 8.07807159423828 9.33232498168945 11.3181495666504 7.07228422164917 6.6538348197937 5.62004804611206 5.62027597427368 5.6203670501709 6.65455007553101 7.63461208343506 7.6344051361084 7.63451910018921 8.19666767120361 6.18305587768555 5.76546287536621 8.19733810424805 9.20257663726807 7.77841281890869 7.36061811447144 11.2119398117065 17.9312591552734 15.4778995513916 19.349739074707
47.3650016784668 53.4575881958008 52.6499099731445 48.6411018371582 39.9345283508301 29.6982402801514 26.0869903564453 19.2749805450439 14.4418001174927 11.420069694519 10.8560600280762 10.8549203872681 7.83493995666504 7.83554697036743 6.80183696746826 6.38344621658325 6.38395214080811 5.82165908813477 5.82152891159058 5.82100296020508 5.6763072013855 5.67570781707764 5.67499399185181 5.67491292953491 5.67455291748047 6.09253120422363 6.09229612350464 4.63981485366821 7.07270812988281 8.07913684844971 6.62771320343018 5.62183713912964 6.18393087387085 5.62141513824463 5.20302677154541 5.20321798324585 5.20339679718018 4.78550100326538 4.36752414703369 4.78607702255249 4.36828422546387 4.78540277481079 6.38119077682495 5.40129709243774 9.81627464294434 9.81662559509277 13.1061697006226
45.254451751709 50.9570083618164 54.6452217102051 52.3120613098145 41.6772499084473 30.8252906799316 22.8328399658203 17.4371204376221 13.0184698104858 11.4204196929932 10.8565502166748 7.83567905426025 7.83608818054199 6.38345384597778 5.82138395309448 5.82163619995117 5.82157182693481 5.82180213928223 5.25933790206909 5.25927400588989 5.25857782363892 5.25812482833862 5.2572979927063 5.257080078125 5.25655603408813 5.25632810592651 3.80366206169128 3.38519191741943 2.3793261051178 3.80396389961243 3.38590097427368 2.3799250125885 3.80489206314087 4.22343397140503 4.22347593307495 4.78558301925659 4.78591203689575 4.36769199371338 3.38708901405334 2.38091397285461 1.96280205249786 0.981410384178162 0.981450080871582 1.544193983078 4.98419713973999 1.96259200572968 4.98449993133545
41.6902198791504 47.6953506469727 55.8709487915039 56.2018013000488 43.3632888793945 27.3973903656006 20.4073104858398 15.0219497680664 12.4037199020386 11.8389501571655 9.82311058044434 7.83594417572021 5.82128286361694 5.40326023101807 4.39662408828735 4.3967981338501 4.39681482315063 3.83447790145874 4.84104681015015 2.79953503608704 2.79908990859985 2.79886198043823 4.22317600250244 4.22281503677368 3.8043360710144 3.80401206016541 2.37956190109253 1.81725800037384 1.39900100231171 0.980666816234589 0.980762183666229 0.980887889862061 0.981061398983002 1.39980804920197 1.39990699291229 1.3999400138855 1.39985501766205 1.96233201026917 1.96237003803253 1.9622950553894 0.98126208782196 0.981475710868835 0.562876224517822 0.562955677509308 0.563085317611694 0.563089787960052 1.54467296600342
37.7282295227051 47.1542015075684 57.750431060791 65.9060974121094 46.5598602294922 26.224250793457 19.0234394073486 13.9886198043823 8.96460914611816 8.40106010437012 6.80333423614502 5.82187509536743 5.40353298187256 3.97871398925781 3.97813391685486 2.94300508499146 2.79909610748291 2.38062596321106 2.79927706718445 2.79911589622498 2.79885697364807 2.79843091964722 2.79846501350403 2.79829406738281 2.2358500957489 1.81755399703979 1.81747496128082 1.39902997016907 1.39909303188324 0.980772018432617 0.980823814868927 0.980885207653046 0.981130182743073 0.981280326843262 0.981446921825409 0.981452584266663 0.981375515460968 0.981410622596741 0.981304109096527 0.981261909008026 0.981256127357483 0.562851071357727 0.56310111284256 0.563263714313507 0.563229620456696 0.563226103782654 0.563215970993042
37.3219795227051 46.4563598632812 -3.4e+38 -3.4e+38 40.5398788452148 25.3661403656006 19.3534908294678 10.9693698883057 7.91787004470825 6.38580322265625 5.96694183349609 3.97939705848694 2.49565410614014 2.4875819683075 2.94279098510742 2.94217896461487 2.38017988204956 2.38039398193359 2.38035988807678 2.38018298149109 2.79802799224854 2.23592901229858 2.23595905303955 1.81766605377197 1.81755304336548 1.81761503219604 1.39922201633453 1.39917898178101 1.39911198616028 0.98079240322113 0.980878114700317 0.980977118015289 0.98111480474472 0.981289684772491 0.981423676013947 0.981477916240692 0.981469392776489 0.981479287147522 0.555273294448853 0.547729074954987 0.532749712467194 0.540385127067566 0.563273787498474 0 0 0.563460290431976 0.563456773757935
36.3384895324707 -3.4e+38 -3.4e+38 50.3483581542969 33.4845504760742 28.4871406555176 16.9411392211914 8.91434574127197 5.88631916046143 4.51255178451538 2.48817205429077 2.4881420135498 2.48814988136292 2.47999811172485 1.96154701709747 1.96129405498505 1.96144199371338 1.96167004108429 2.37992191314697 1.81757295131683 1.81754803657532 1.81761598587036 1.81764101982117 1.81767904758453 1.81758499145508 1.39928102493286 1.39926898479462 1.39932203292847 1.39934599399567 0.980901122093201 0.980950713157654 0.981022894382477 0.981136381626129 0.981302797794342 0.981433570384979 0.981497406959534 0.562868177890778 0.56288069486618 0.555374622344971 0.540359973907471 0.52534407377243 0.525463581085205 0 0 0 0.563459098339081 0.563415884971619
-3.4e+38 -3.4e+38 46.3992195129395 38.3822593688965 34.8463592529297 26.2989292144775 13.3548603057861 5.94034004211426 4.50458478927612 2.48087906837463 2.47342705726624 2.47360706329346 1.96311295032501 1.96238100528717 1.96151900291443 1.96116197109222 1.9612250328064 1.96142995357513 1.39926695823669 1.39929294586182 1.39920604228973 1.39930701255798 1.39935696125031 1.39952194690704 1.3994380235672 1.39945197105408 1.81785094738007 2.82395005226135 2.82413601875305 1.399453997612 0.981049478054047 0.981046080589294 0.981243789196014 0.981368124485016 0.981454014778137 0.981622576713562 0.562878310680389 0.562870383262634 0.562919318675995 0.562980711460114 0.533019721508026 0.533141195774078 0 0 0.563436508178711 0.563311398029327 0.555719375610352
