ENMTML/All_vars/Predictors/EUR_b1_19/bio2.asc
NCOLS 411 
NROWS 214 
XLLCORNER -11.5 
YLLCORNER 35.666666666112 
CELLSIZE 0.166666666666667 
NODATA_value -3.4e+38 
[rows 168 to 188 of 214, columns 47 to 93 of 411]
7.29023599624634 6.79552507400513 6.81257009506226 6.56963682174683 6.53552198410034 6.81967401504517 7.3713550567627 7.67183017730713 7.97223520278931 8.11352920532227 8.3550910949707 8.63890838623047 8.8053674697876 9.08050346374512 9.27951908111572 9.57108592987061 9.86249256134033 10.086669921875 10.3027000427246 10.4270801544189 10.4602403640747 10.3937101364136 10.4103498458862 10.353630065918 10.2547702789307 10.1723499298096 10.0979604721069 9.99850177764893 9.89920902252197 9.79111671447754 9.66634178161621 9.59181308746338 9.47541236877441 9.40045738220215 9.37545490264893 9.34229373931885 9.37534809112549 9.43325996398926 9.50758743286133 9.59021854400635 9.67338275909424 9.68976879119873 9.76403427124023 -3.4e+38 -3.4e+38 -3.4e+38 -3.4e+38
8.21887874603271 7.92558479309082 7.54903507232666 7.36453580856323 7.46462202072144 7.99145078659058 8.08279895782471 8.32457828521729 8.53353977203369 8.76709365844727 9.16831398010254 9.31827926635742 9.38431835174561 9.56760406494141 9.59994411468506 9.62496185302734 9.88161182403564 9.93925476074219 9.90543842315674 9.86300086975098 9.92909622192383 10.0866003036499 9.99539947509766 10.0794095993042 9.99689865112305 10.0391302108765 9.99821090698242 9.90665340423584 9.74896907806396 9.59913444519043 9.50833225250244 9.37496566772461 9.283447265625 9.16702461242676 9.09177207946777 9.08348560333252 9.00854110717773 9.11657047271729 9.24045944213867 9.31508827209473 9.41428661346436 -3.4e+38 -3.4e+38 -3.4e+38 -3.4e+38 -3.4e+38 -3.4e+38
8.30196380615234 8.20975685119629 8.41051387786865 8.42709636688232 8.51026058197021 8.54360771179199 8.73558330535889 9.09514427185059 9.27823257446289 9.4874095916748 9.61239719390869 9.77902889251709 9.87058925628662 9.8365650177002 9.76895523071289 9.66820335388184 9.50931453704834 8.97478294372559 9.24055767059326 8.74840641021729 8.464599609375 8.97242641448975 8.12239170074463 8.45554447174072 9.03930473327637 9.28130340576172 9.15702438354492 8.99042224884033 9.15736675262451 9.23274707794189 8.77458953857422 8.95821189880371 8.74140453338623 8.77490234375 8.69974708557129 8.7662935256958 8.63330459594727 8.73254108428955 8.89837741851807 9.02273654937744 -3.4e+38 -3.4e+38 -3.4e+38 -3.4e+38 -3.4e+38 -3.4e+38 -3.4e+38
9.01326942443848 8.73677444458008 8.76980113983154 8.78622913360596 8.76938724517822 9.04531097412109 9.36323165893555 9.63051319122314 9.78060817718506 9.87245082855225 10.0137500762939 10.1551904678345 10.2382497787476 10.212420463562 10.1280097961426 9.96902847290039 9.86014366149902 9.47574424743652 8.92457389831543 8.32377147674561 8.0060510635376 7.74756908416748 7.63012790679932 7.93862915039062 7.88875293731689 8.28074169158936 8.41482734680176 7.67249584197998 7.71438789367676 8.07362365722656 7.88186502456665 8.10747146606445 8.09952545166016 7.93261480331421 8.05798435211182 8.10765838623047 8.37421989440918 8.61483955383301 8.76403713226318 8.8716516494751 -3.4e+38 -3.4e+38 -3.4e+38 -3.4e+38 -3.4e+38 -3.4e+38 -3.4e+38
9.31404685974121 9.15514278411865 9.20477676391602 9.24629211425781 9.19590854644775 9.49670791625977 9.78933906555176 9.97295570373535 10.0896997451782 10.1893196105957 10.2557401657104 10.3809900283813 10.4062404632568 10.3880500793457 10.312029838562 10.1863403320312 10.0937900543213 9.97657775878906 9.78450202941895 9.50876426696777 9.15761089324951 8.94903564453125 8.8067102432251 8.52299118041992 8.03911018371582 7.6969518661499 7.59699201583862 7.33071422576904 7.83964490890503 8.04023838043213 7.28956079483032 7.36489200592041 7.19839906692505 7.13191795349121 7.43235921859741 7.6908278465271 7.96573495864868 8.10668087005615 8.38883209228516 8.50442028045654 8.48725700378418 -3.4e+38 -3.4e+38 -3.4e+38 -3.4e+38 -3.4e+38 -3.4e+38
9.7407751083374 9.74894237518311 9.74859714508057 9.79028034210205 9.82280826568604 9.88120079040527 10.1232595443726 10.2566003799438 10.3488101959229 10.3898696899414 10.4645299911499 10.513819694519 10.5306100845337 10.5384998321533 10.4126796722412 10.23756980896 10.0279703140259 10.0440101623535 9.8766622543335 9.81775665283203 9.56718158721924 9.45008373260498 9.91651630401611 9.67444610595703 9.27392196655273 8.77395725250244 8.89074897766113 8.22307872772217 8.35672569274902 8.02359390258789 8.24046516418457 7.656662940979 7.56503391265869 7.78219413757324 7.26508617401123 7.10659885406494 7.38229084014893 7.76508617401123 7.90558195114136 8.01305484771729 8.11185455322266 -3.4e+38 -3.4e+38 -3.4e+38 -3.4e+38 -3.4e+38 -3.4e+38
10.0330095291138 10.1584701538086 10.2673196792603 10.3006401062012 10.4257097244263 10.5000200271606 10.7172498703003 10.7926597595215 10.8252296447754 10.7156000137329 10.6480798721313 10.5889501571655 10.6051902770996 10.554759979248 10.5294198989868 10.4457302093506 10.2699604034424 10.2610597610474 10.052209854126 9.81844043731689 9.65948009490967 9.70918846130371 9.98391628265381 10.1419496536255 9.99984359741211 9.63281059265137 9.46623229980469 9.32450485229492 8.6739559173584 8.43194007873535 8.42377758026123 7.70683908462524 7.66548299789429 7.67363214492798 7.65670680999756 7.5733847618103 7.63112115859985 7.63101816177368 7.66333484649658 7.81207418441772 7.9526572227478 7.98580503463745 -3.4e+38 -3.4e+38 -3.4e+38 -3.4e+38 -3.4e+38
10.2752704620361 10.3002796173096 10.4504699707031 10.5845203399658 10.6677703857422 10.7594604492188 10.8678398132324 11.0177202224731 11.0674600601196 11.0332298278809 10.8737096786499 10.6888704299927 10.6380701065063 10.6461400985718 10.5872898101807 10.4953603744507 10.3946695327759 10.3448896408081 10.2856903076172 10.2109603881836 10.1604204177856 10.3098402023315 10.4926996231079 10.4589900970459 10.125470161438 10.025110244751 9.66617870330811 9.63254070281982 9.11567211151123 8.88227653503418 8.47359466552734 8.17347812652588 7.91461992263794 7.89811706542969 7.70642995834351 7.54761219024658 7.42259979248047 7.36426019668579 7.31321620941162 7.46206712722778 7.66874694824219 -3.4e+38 -3.4e+38 -3.4e+38 -3.4e+38 -3.4e+38 -3.4e+38
10.4252595901489 10.5254201889038 10.6005096435547 10.776180267334 10.9178600311279 11.059889793396 11.2598104476929 11.4012403488159 11.2425098419189 11.1998300552368 11.0321102142334 10.8639898300171 10.7047595977783 10.6202697753906 10.6203298568726 10.5200300216675 10.3864603042603 10.4197196960449 10.3025302886963 10.352029800415 10.3929901123047 10.5261602401733 10.7673196792603 10.8755798339844 10.6756296157837 10.5256795883179 10.0998001098633 9.85761642456055 9.53201198577881 9.05652523040771 8.55619239807129 8.2476053237915 8.01396560668945 7.77193117141724 7.52195310592651 7.38898801803589 7.25571584701538 7.14696407318115 7.02190780639648 7.13701200485229 7.37675285339355 -3.4e+38 -3.4e+38 -3.4e+38 -3.4e+38 -3.4e+38 -3.4e+38
10.4413900375366 10.5081796646118 10.6587896347046 10.8589000701904 11.076000213623 11.3265600204468 11.5600004196167 11.6427602767944 11.4584798812866 11.2659997940063 10.9565696716309 10.797269821167 10.7209901809692 10.6533002853394 10.5697498321533 10.5696296691895 10.4944400787354 10.4607601165771 10.2768898010254 10.2428703308105 10.4758195877075 10.6753301620483 10.8998603820801 11.058159828186 11.2334003448486 11.2173099517822 10.9001197814941 10.2572498321533 9.52276611328125 8.93099594116211 8.43010902404785 8.06358528137207 7.78816223144531 7.58799600601196 7.37178516387939 7.1966290473938 7.0801100730896 6.9629921913147 6.93751001358032 7.02013778686523 -3.4e+38 -3.4e+38 -3.4e+38 -3.4e+38 -3.4e+38 -3.4e+38 -3.4e+38
10.4910402297974 10.5493803024292 10.65797996521 10.8164596557617 11.0420703887939 11.2505397796631 11.4756898880005 11.5505800247192 11.4662799835205 11.2568397521973 11.072660446167 10.8376502990723 10.6862096786499 10.5774097442627 10.5270099639893 10.4269399642944 10.4600696563721 10.4512796401978 10.4090404510498 10.3836297988892 10.3666801452637 10.532509803772 10.7819795608521 11.0068998336792 11.2240104675293 11.3664197921753 10.8491897583008 10.0227499008179 9.24659824371338 8.60476303100586 8.17947483062744 7.85384702682495 7.57044792175293 7.35339689254761 7.19519996643066 7.06206321716309 6.96217679977417 6.9459228515625 -3.4e+38 -3.4e+38 -3.4e+38 -3.4e+38 -3.4e+38 -3.4e+38 -3.4e+38 -3.4e+38 -3.4e+38
10.4907703399658 10.5576601028442 10.7162199020386 10.849889755249 11.0334596633911 11.2085103988647 11.3330001831055 11.4327402114868 11.3232498168945 11.1971101760864 11.0125303268433 10.7859401702881 10.5853004455566 10.4343395233154 10.3587303161621 10.2752304077148 10.1581802368164 10.2583103179932 10.3410797119141 10.3567600250244 10.3813400268555 10.505539894104 10.6800403594971 10.7797803878784 10.9131097793579 10.7217502593994 10.1051502227783 9.41267013549805 8.83730792999268 8.31999969482422 7.95327186584473 7.58665704727173 7.31019401550293 7.16895198822021 7.06063890457153 7.0356969833374 -3.4e+38 -3.4e+38 -3.4e+38 -3.4e+38 -3.4e+38 -3.4e+38 -3.4e+38 -3.4e+38 -3.4e+38 -3.4e+38 -3.4e+38
10.4907398223877 10.7333297729492 10.8334197998047 10.9669704437256 11.0164098739624 11.141019821167 11.3155202865601 11.3485498428345 11.230580329895 11.1043395996094 10.9194898605347 10.7183904647827 10.508810043335 10.2574901580811 10.0734796524048 9.97334957122803 9.98135089874268 10.0566396713257 10.1475095748901 10.2220497131348 10.3044900894165 10.403510093689 10.4864196777344 10.5020999908447 10.4685697555542 10.2764797210693 9.62729263305664 8.99459934234619 8.41895198822021 7.65865612030029 7.39240789413452 7.22600793838501 7.142991065979 7.07690906524658 7.03528213500977 -3.4e+38 -3.4e+38 -3.4e+38 -3.4e+38 -3.4e+38 -3.4e+38 -3.4e+38 -3.4e+38 -3.4e+38 -3.4e+38 -3.4e+38 -3.4e+38
10.5659198760986 10.6998596191406 10.715950012207 10.8242197036743 10.9153900146484 11.0568199157715 11.2736797332764 11.289870262146 11.2640895843506 11.1630802154541 10.9694404602051 10.6924695968628 10.3992795944214 10.1141300201416 9.8719367980957 9.77206039428711 9.75508499145508 9.72996425628662 9.87975788116455 9.92930126190186 10.0116901397705 10.1107597351074 10.0933904647827 10.1088600158691 9.98362159729004 9.85641193389893 9.36580753326416 8.75756359100342 7.94809198379517 7.24847602844238 -3.4e+38 -3.4e+38 -3.4e+38 -3.4e+38 -3.4e+38 -3.4e+38 -3.4e+38 -3.4e+38 -3.4e+38 -3.4e+38 -3.4e+38 -3.4e+38 -3.4e+38 -3.4e+38 -3.4e+38 -3.4e+38 -3.4e+38
10.347559928894 10.4310998916626 10.4727897644043 10.5225896835327 10.8062896728516 11.0731000900269 11.2314500808716 11.3139896392822 11.2887496948242 11.1875095367432 11.0024299621582 10.7091398239136 10.3819398880005 10.0295600891113 9.74530696868896 9.67172813415527 9.57992362976074 9.57939338684082 9.57081890106201 9.58724498748779 9.70244789123535 9.66041564941406 9.70932483673096 9.65868663787842 9.68880844116211 9.5048942565918 9.10436820983887 -3.4e+38 -3.4e+38 -3.4e+38 -3.4e+38 -3.4e+38 -3.4e+38 -3.4e+38 -3.4e+38 -3.4e+38 -3.4e+38 -3.4e+38 -3.4e+38 -3.4e+38 -3.4e+38 -3.4e+38 -3.4e+38 -3.4e+38 -3.4e+38 -3.4e+38 -3.4e+38
10.2883796691895 10.3889999389648 10.3468799591064 10.4967002868652 10.873140335083 11.0811796188354 11.2305698394775 11.3721504211426 11.4051904678345 11.2872200012207 11.085880279541 10.8016500473022 10.5079402923584 10.0634803771973 9.83876991271973 9.7222318649292 9.58067893981934 9.47205924987793 9.36318969726562 9.38749504089355 9.41907978057861 9.36052894592285 9.26871299743652 9.17629337310791 9.45319843292236 9.30119132995605 8.87663555145264 -3.4e+38 -3.4e+38 -3.4e+38 -3.4e+38 -3.4e+38 -3.4e+38 -3.4e+38 -3.4e+38 -3.4e+38 -3.4e+38 -3.4e+38 -3.4e+38 -3.4e+38 -3.4e+38 -3.4e+38 -3.4e+38 -3.4e+38 -3.4e+38 -3.4e+38 -3.4e+38
10.4045696258545 10.6140298843384 10.5137195587158 10.7055902481079 10.9972696304321 11.172269821167 11.3804502487183 11.5051898956299 11.5551595687866 11.4210901260376 11.1787700653076 10.936559677124 10.6347198486328 10.2657604217529 9.89738845825195 9.71391868591309 9.59785079956055 9.48072338104248 9.36425113677979 9.28017234802246 9.23620700836182 9.19411754608154 9.12584686279297 9.19690990447998 9.18584823608398 9.0437593460083 -3.4e+38 -3.4e+38 -3.4e+38 -3.4e+38 -3.4e+38 -3.4e+38 -3.4e+38 -3.4e+38 -3.4e+38 -3.4e+38 -3.4e+38 -3.4e+38 -3.4e+38 -3.4e+38 -3.4e+38 -3.4e+38 -3.4e+38 -3.4e+38 -3.4e+38 -3.4e+38 -3.4e+38
10.5042600631714 10.9059801101685 10.9145002365112 10.989239692688 11.1476802825928 11.2885303497314 11.5471296310425 11.654990196228 11.7798700332642 11.6552000045776 11.3628301620483 11.0453796386719 10.7769203186035 10.4254398345947 9.97377967834473 9.7398509979248 9.7069616317749 9.57347774505615 9.42424583435059 9.28090667724609 9.16182899475098 9.07699871063232 8.99059677124023 8.94653224945068 8.93594455718994 -3.4e+38 -3.4e+38 -3.4e+38 -3.4e+38 -3.4e+38 -3.4e+38 -3.4e+38 -3.4e+38 -3.4e+38 -3.4e+38 -3.4e+38 -3.4e+38 -3.4e+38 -3.4e+38 -3.4e+38 -3.4e+38 -3.4e+38 -3.4e+38 -3.4e+38 -3.4e+38 -3.4e+38 -3.4e+38
10.7624597549438 10.9972696304321 11.1560897827148 11.2391796112061 11.3560400009155 11.5641498565674 11.8055095672607 11.9639301300049 12.0809497833252 11.9386396408081 11.5629997253418 11.2372703552246 10.9358797073364 10.6098699569702 10.1832799911499 9.84064674377441 9.72339916229248 9.52236652374268 9.43926811218262 9.27146339416504 9.07745742797852 8.87463855743408 8.73986053466797 8.69642353057861 -3.4e+38 -3.4e+38 -3.4e+38 -3.4e+38 -3.4e+38 -3.4e+38 -3.4e+38 -3.4e+38 -3.4e+38 -3.4e+38 -3.4e+38 -3.4e+38 -3.4e+38 -3.4e+38 -3.4e+38 -3.4e+38 -3.4e+38 -3.4e+38 -3.4e+38 -3.4e+38 -3.4e+38 -3.4e+38 -3.4e+38
11.0546503067017 11.2306995391846 11.3386898040771 11.4640798568726 11.6394901275635 11.8397598266602 12.0313997268677 12.2151203155518 12.3810596466064 12.2555103302002 11.8129196166992 11.5038204193115 11.1112499237061 10.7517099380493 10.3248195648193 10.1588697433472 9.89942455291748 9.5887565612793 9.37876892089844 9.11933422088623 8.82519054412842 8.59057521820068 8.52271175384521 -3.4e+38 -3.4e+38 -3.4e+38 -3.4e+38 -3.4e+38 -3.4e+38 -3.4e+38 -3.4e+38 -3.4e+38 -3.4e+38 -3.4e+38 -3.4e+38 -3.4e+38 -3.4e+38 -3.4e+38 -3.4e+38 -3.4e+38 -3.4e+38 -3.4e+38 -3.4e+38 -3.4e+38 -3.4e+38 7.26209497451782 7.20408391952515
11.4058303833008 11.514289855957 11.6064596176147 11.7062902450562 11.8567199707031 12.0148496627808 12.1729803085327 12.3232002258301 12.4060401916504 12.3473501205444 12.0380001068115 11.6786699295044 11.26123046875 10.9098300933838 10.525580406189 10.2326498031616 10.0324802398682 9.74787139892578 9.3450288772583 9.11873054504395 8.65007495880127 8.30708122253418 -3.4e+38 -3.4e+38 -3.4e+38 -3.4e+38 -3.4e+38 -3.4e+38 -3.4e+38 -3.4e+38 -3.4e+38 -3.4e+38 -3.4e+38 -3.4e+38 -3.4e+38 -3.4e+38 -3.4e+38 -3.4e+38 -3.4e+38 7.67823600769043 7.73582315444946 -3.4e+38 -3.4e+38 -3.4e+38 -3.4e+38 7.2957592010498 7.20441579818726
