ENMTML/All_vars/Predictors/EUR_b1_19/bio2.asc
NCOLS 411 
NROWS 214 
XLLCORNER -11.5 
YLLCORNER 35.666666666112 
CELLSIZE 0.166666666666667 
NODATA_value -3.4e+38 
[rows 147 to 167 of 214, columns 329 to 375 of 411]
9.27781581878662 9.28641414642334 9.32845306396484 9.38714027404785 9.40458679199219 9.446364402771 9.47990703582764 9.53794860839844 9.5625638961792 9.59555053710938 9.64547252655029 9.72013854980469 9.74462985992432 9.82771968841553 9.88548374176025 9.91893005371094 9.97649383544922 10.0430097579956 10.1010398864746 10.1508102416992 10.2170896530151 10.3002901077271 10.3835000991821 10.4580297470093 10.5330295562744 10.599479675293 10.6909399032593 10.707480430603 10.7825698852539 10.7909002304077 10.782509803772 10.7661104202271 10.7243404388428 10.7249097824097 10.7331304550171 10.7167596817017 10.71702003479 10.6918001174927 10.6920900344849 10.7173299789429 10.7010698318481 10.7343797683716 10.7180500030518 10.7596101760864 10.7929096221924 10.7933502197266 10.8267498016357
9.36922454833984 9.37838554382324 9.40390396118164 9.44596195220947 9.47996139526367 9.48860168457031 9.5302734375 9.57193088531494 9.59597110748291 9.62911415100098 9.67899608612061 9.720290184021 9.78634929656982 9.827880859375 9.85223865509033 9.9185619354248 9.9685115814209 10.0346298217773 10.0759201049805 10.1422595977783 10.2087497711182 10.2832803726196 10.3664302825928 10.4163799285889 10.4911203384399 10.5991697311401 10.6404600143433 10.7239904403687 10.7821702957153 10.7740201950073 10.7491397857666 10.7240800857544 10.6994495391846 10.6830196380615 10.6831502914429 10.6501302719116 10.6503400802612 10.6421403884888 10.6338996887207 10.6423501968384 10.6591100692749 10.6675996780396 10.676230430603 10.7098903656006 10.7346296310425 10.743390083313 10.7514801025391
9.41929340362549 9.47013092041016 9.48733139038086 9.5125617980957 9.55511569976807 9.5222053527832 9.54728507995605 9.60518074035645 9.62124156951904 9.65404510498047 9.69543933868408 9.72834777832031 9.77817821502686 9.81100273132324 9.84385776519775 9.90172290802002 9.94334125518799 9.98435020446777 10.059289932251 10.1172399520874 10.175479888916 10.2335901260376 10.3081502914429 10.3662204742432 10.4492101669312 10.5573596954346 10.6236295700073 10.7319402694702 10.7653799057007 10.7571897506714 10.732250213623 10.690770149231 10.6241703033447 10.6244096755981 10.6162004470825 10.5917596817017 10.5832796096802 10.5833501815796 10.57546043396 10.5756196975708 10.5923204421997 10.5927000045776 10.6261396408081 10.6264600753784 10.6596298217773 10.6764297485352 10.7101001739502
9.49398040771484 9.50295352935791 9.51163673400879 9.54600811004639 9.58006858825684 9.63070106506348 9.61388301849365 9.62968158721924 9.64611339569092 9.70390605926514 9.71203136444092 9.72819328308105 9.77798175811768 9.81065845489502 9.83559989929199 9.88512134552002 9.94315338134766 9.97592926025391 10.0337896347046 10.0588703155518 10.108229637146 10.1831197738647 10.2411203384399 10.3077602386475 10.3905200958252 10.4906797409058 10.5736703872681 10.6568603515625 10.7481698989868 10.6905603408813 10.640419960022 10.607310295105 10.5740699768066 10.5495500564575 10.5246696472168 10.5082302093506 10.4918098449707 10.4917402267456 10.4921398162842 10.5089101791382 10.5175104141235 10.5426197052002 10.5592098236084 10.5679302215576 10.5847396850586 10.6014604568481 10.6352500915527
9.56883811950684 9.56985187530518 9.57830333709717 9.60379219055176 9.62939071655273 9.6631383895874 9.67155456542969 9.67963123321533 9.70421886444092 9.71223163604736 9.72817039489746 9.76137256622314 9.78570175170898 9.80221557617188 9.82694911956787 9.88481616973877 9.89294815063477 9.9424934387207 9.99253082275391 10.0085000991821 10.0834302902222 10.1160898208618 10.1910495758057 10.2657899856567 10.3239097595215 10.3988399505615 10.473690032959 10.5320196151733 10.5814895629883 10.5653600692749 10.5403604507446 10.4905099868774 10.4909200668335 10.457799911499 10.4413795471191 10.4082298278809 10.433349609375 10.441780090332 10.4169301986694 10.4255800247192 10.4589004516602 10.451189994812 10.4763803482056 10.5096502304077 10.5179395675659 10.5680503845215 10.576189994812
9.66006946563721 9.63616752624512 9.65299606323242 9.64505195617676 9.63735771179199 9.69564247131348 9.69591522216797 9.72089576721191 9.72037506103516 9.7449426651001 9.74458026885986 9.78607559204102 9.79396724700928 9.79384708404541 9.85144519805908 9.84317493438721 9.86772632598877 9.90921020507812 9.9254150390625 9.95821857452393 10.0078496932983 10.0412197113037 10.0991697311401 10.148889541626 10.2239799499512 10.2904396057129 10.3318300247192 10.3737001419067 10.4234199523926 10.4066801071167 10.4153499603271 10.373649597168 10.3488702774048 10.3577499389648 10.3244304656982 10.3331298828125 10.3083295822144 10.3168201446533 10.3423404693604 10.3424396514893 10.36732006073 10.3758602142334 10.3847503662109 10.4262800216675 10.4348402023315 10.4516801834106 10.518349647522
9.74312019348145 9.70173740386963 9.71091365814209 9.73616790771484 9.73613929748535 9.74532794952393 9.75344944000244 9.74502468109131 9.81172561645508 9.78649711608887 9.7780065536499 9.77773761749268 9.77706146240234 9.81831932067871 9.82660102844238 9.85132884979248 9.84273433685303 9.87575340270996 9.89201354980469 9.92516231536865 9.91617488861084 9.96608066558838 9.99077224731445 10.0487699508667 10.0904302597046 10.1405200958252 10.1984996795654 10.206859588623 10.265419960022 10.2487297058105 10.2409000396729 10.2492303848267 10.2328195571899 10.2163496017456 10.2163801193237 10.2168798446655 10.216890335083 10.2090997695923 10.2505197525024 10.2589502334595 10.2761497497559 10.284330368042 10.3180704116821 10.3596000671387 10.3765096664429 10.4099397659302 10.4351196289062
9.80919933319092 9.7849292755127 9.76851272583008 9.7606258392334 9.76062679290771 9.76107883453369 9.76961231231689 9.81120204925537 9.79445171356201 9.82766819000244 9.79404354095459 9.78530120849609 9.81026268005371 9.8100414276123 9.80147266387939 9.80951404571533 9.83399772644043 9.81698894500732 9.84178829193115 9.83325958251953 9.8413143157959 9.84915828704834 9.89083957672119 9.89040279388428 9.95696544647217 9.99887943267822 10.0483999252319 10.0651397705078 10.0567998886108 10.1070203781128 10.0905704498291 10.0824403762817 10.0744800567627 10.0660600662231 10.0750503540039 10.0836095809937 10.0834102630615 10.1087598800659 10.1426000595093 10.1592397689819 10.1594104766846 10.2098197937012 10.2432899475098 10.2764596939087 10.2932500839233 10.3104801177979 10.3433399200439
9.88398265838623 9.85891246795654 9.85958480834961 9.84307289123535 9.81850337982178 9.83531284332275 9.81063079833984 9.82690143585205 9.81068229675293 9.81861591339111 9.80166625976562 9.80146503448486 9.80124568939209 9.80110263824463 9.80134010314941 9.76720809936523 9.7589111328125 9.74182510375977 9.75832939147949 9.75785636901855 9.73303699493408 9.72429752349854 9.7487154006958 9.7904224395752 9.79854393005371 9.82355785369873 9.84866428375244 9.87355899810791 9.89870262145996 9.8902759552002 9.92400741577148 9.93262481689453 9.94102668762207 9.92453956604004 9.94968318939209 9.95838260650635 9.98395729064941 9.98410034179688 10.0175104141235 10.0264701843262 10.0681800842285 10.093150138855 10.1265001296997 10.1599798202515 10.1850700378418 10.2349500656128 10.3104801177979
9.93331909179688 9.91664505004883 9.90869808197021 9.89228343963623 9.89262008666992 9.88485240936279 9.86808586120605 9.86833190917969 9.87644386291504 9.8351354598999 9.83477878570557 9.81817054748535 9.79305076599121 9.78430557250977 9.75081539154053 9.72574520111084 9.73359680175781 9.69997978210449 9.67468452453613 9.67448043823242 9.64097309112549 9.64917659759521 9.63210010528564 9.62357997894287 9.66513633728027 9.69014453887939 9.69023132324219 9.69001293182373 9.68166732788086 9.72357654571533 9.73204517364502 9.7324104309082 9.77437591552734 9.76609039306641 9.80810070037842 9.81677341461182 9.85058403015137 9.86722278594971 9.8925256729126 9.88428783416748 9.94309139251709 9.98505592346191 10.0432996749878 10.0851802825928 10.0938196182251 10.1439599990845 10.1937103271484
9.95763778686523 9.9411792755127 9.93315982818604 9.96675586700439 9.93368530273438 9.91743755340576 9.92618370056152 9.91768932342529 9.90950775146484 9.88462162017822 9.85121631622314 9.8430347442627 9.7841911315918 9.77580547332764 9.75047397613525 9.70879745483398 9.6670036315918 9.64155578613281 9.61623477935791 9.57424259185791 9.54875659942627 9.51543807983398 9.53191471099854 9.48996162414551 9.47328567504883 9.49819087982178 9.48148155212402 9.49786376953125 9.53196334838867 9.53999137878418 9.56532669067383 9.60727024078369 9.61603736877441 9.63272571563721 9.65817165374756 9.68339252471924 9.73376560211182 9.75084972381592 9.76776504516602 9.80997085571289 9.83487606048584 9.89326095581055 9.90193271636963 9.98533821105957 10.0108499526978 10.0440196990967 10.1271696090698
10.0152702331543 9.99845409393311 9.97438812255859 9.98307418823242 9.97504329681396 9.95003223419189 9.95067501068115 9.93383026123047 9.92568206787109 9.86755561828613 9.85931205749512 9.80922508239746 9.80050373077393 9.76736068725586 9.7418384552002 9.68327903747559 9.64971923828125 9.57460021972656 9.54906940460205 9.49041652679443 9.43191814422607 9.41503429412842 9.36476993560791 9.33971309661865 9.3395414352417 9.30643653869629 9.33148765563965 9.33980274200439 9.44863033294678 9.46518993377686 9.47376823425293 9.49912738800049 9.51595497131348 9.51655101776123 9.48347187042236 9.5502290725708 9.59257984161377 9.63462162017822 9.65987491607666 9.69288444519043 9.7350378036499 9.78531265258789 9.82712936401367 9.8522777557373 9.935546875 9.9524450302124 10.0110397338867
10.0229396820068 10.0237598419189 10.0153198242188 9.99929618835449 9.99107646942139 9.99955177307129 9.95837783813477 9.96709442138672 9.92558288574219 9.9336576461792 9.89225292205811 9.85074996948242 9.81694316864014 9.79163265228271 9.69992542266846 9.63307094573975 9.59127140045166 9.54063034057617 9.4657039642334 9.37342643737793 9.34857559204102 9.26473236083984 9.23133659362793 9.17272853851318 9.15593147277832 9.14765167236328 9.13918590545654 9.12268543243408 -3.4e+38 -3.4e+38 -3.4e+38 -3.4e+38 -3.4e+38 9.32494735717773 9.36698436737061 9.40866661071777 9.45896434783936 9.46770191192627 9.51806926727295 9.57666683197021 9.64348030090332 9.66044330596924 9.74400520324707 9.80217933654785 9.83561325073242 9.86092090606689 9.92760276794434
10.0638599395752 10.0809698104858 10.0312900543213 10.0316295623779 10.0322198867798 10.0324401855469 10.0078096389771 10.0161800384521 9.96649265289307 9.94139766693115 9.9252462387085 9.89169502258301 9.8335542678833 9.77472591400146 9.70813846588135 9.64101696014404 9.56557273864746 9.47419166564941 9.35709476470947 9.29839897155762 9.20629215240479 9.13945484161377 9.08100318908691 9.01409530639648 8.98895168304443 8.95578670501709 8.93087482452393 8.94757843017578 -3.4e+38 -3.4e+38 -3.4e+38 -3.4e+38 -3.4e+38 9.19979476928711 9.21702480316162 9.2425365447998 9.30117416381836 9.37619876861572 9.41826438903809 9.4769115447998 9.5269775390625 9.58573246002197 9.66911506652832 9.71073246002197 9.77746295928955 9.80269145965576 9.84451675415039
10.1211795806885 10.0883302688599 10.0559196472168 10.089469909668 10.0896701812744 10.0738296508789 10.0738296508789 10.0657396316528 10.0327997207642 9.98310565948486 9.94974613189697 9.90813446044922 9.84144973754883 9.7914342880249 9.70761585235596 9.60752964019775 9.50727653503418 9.39903831481934 9.28993511199951 9.20629501342773 9.09774971008301 8.99754619598389 8.91369724273682 8.85538959503174 8.78878593444824 8.7804594039917 8.7804126739502 8.76419353485107 -3.4e+38 -3.4e+38 -3.4e+38 -3.4e+38 -3.4e+38 9.03314781188965 9.07528209686279 9.11751461029053 9.18421459197998 9.243408203125 9.31025791168213 9.36032676696777 9.44393634796143 9.49379730224609 9.57727146148682 9.64453887939453 9.70278739929199 9.77787685394287 9.8113260269165
10.1291198730469 10.1294403076172 10.1218700408936 10.1304197311401 10.1390199661255 10.1067199707031 10.0984601974487 10.0823602676392 10.0491800308228 10.0243902206421 9.97459888458252 9.93290042877197 9.87440013885498 9.79940414428711 9.68271732330322 9.58233547210693 9.47354125976562 9.34023284912109 9.23951244354248 9.089430809021 8.95570278167725 8.84689331054688 8.77189540863037 8.67985439300537 8.60496616363525 8.58839702606201 8.55504989624023 8.58066272735596 -3.4e+38 -3.4e+38 -3.4e+38 -3.4e+38 -3.4e+38 8.89187812805176 8.90924453735352 8.98410129547119 9.06828117370605 9.1101598739624 9.1771993637085 9.26914882659912 9.3107385635376 9.36948299407959 9.44426155090332 9.51971912384033 9.58641815185547 9.64467239379883 9.75281238555908
10.1868495941162 10.1873598098755 10.1543302536011 10.1798095703125 10.1640100479126 10.1558103561401 10.1481399536133 10.1065902709961 10.0984296798706 10.0823698043823 10.0160799026489 9.9744348526001 9.91618061065674 9.83286952972412 9.74102115631104 9.5903377532959 9.43209266662598 9.2899284362793 9.15611457824707 8.99706935882568 8.87187671661377 8.70478534698486 8.58799743652344 8.4961462020874 8.44615840911865 8.36279582977295 8.371506690979 8.35512447357178 -3.4e+38 -3.4e+38 -3.4e+38 -3.4e+38 -3.4e+38 8.7506685256958 8.79229545593262 8.86786556243896 8.95963191986084 9.01902484893799 9.09420204162598 9.16088581085205 9.22772598266602 9.2945556640625 9.3363733291626 9.41145801544189 9.48672771453857 9.56143665313721 9.64478969573975
10.2446603775024 10.2367696762085 10.2371301651001 10.2129898071289 10.2134895324707 10.1972103118896 10.1893501281738 10.1813097000122 10.1569995880127 10.1238498687744 10.074049949646 10.0076103210449 9.94918727874756 9.86578369140625 9.74919509887695 9.61541843414307 9.44841194152832 9.25600719451904 9.0890007019043 8.92216110229492 8.72119045257568 8.56259727478027 8.42910194396973 8.32068920135498 8.23748397827148 8.17061138153076 8.13769626617432 8.15461730957031 -3.4e+38 -3.4e+38 -3.4e+38 -3.4e+38 -3.4e+38 8.66731452941895 8.72584629058838 8.80987930297852 8.87672233581543 8.96046733856201 9.04409885406494 9.08631610870361 9.12015247344971 9.18662357330322 9.27822589874268 9.34544658660889 9.38673305511475 9.46980476379395 9.53635787963867
10.3443202972412 10.2780895233154 10.2452297210693 10.2291202545166 10.2378902435303 10.2217998504639 10.1966800689697 10.2144403457642 10.1729402542114 10.1399297714233 10.1071395874023 10.0659799575806 10.0075998306274 9.92450332641602 9.79076385498047 9.63209438323975 9.42356872558594 9.21440601348877 9.01379585266113 8.80458545684814 8.62930393218994 8.41206836700439 8.26185894012451 8.12820053100586 7.99516820907593 7.96187877655029 7.93727588653564 7.93811798095703 -3.4e+38 -3.4e+38 -3.4e+38 -3.4e+38 -3.4e+38 -3.4e+38 -3.4e+38 -3.4e+38 -3.4e+38 -3.4e+38 -3.4e+38 8.99530601501465 9.04526996612549 9.08681201934814 9.18676090240479 9.220383644104 9.31172752380371 9.38693904876709 9.47029972076416
10.477840423584 10.3613195419312 10.3116703033447 10.2868995666504 10.2956399917603 10.3131504058838 10.2968397140503 10.2976398468018 10.2729501724243 10.2397203445435 10.2065601348877 10.1406497955322 10.0822801589966 9.9828929901123 9.83257865905762 9.64021587371826 9.41502666473389 9.18062210083008 8.95544719696045 8.73745155334473 8.48725128173828 8.27790546417236 8.08575439453125 7.91888380050659 7.81905794143677 7.72758007049561 7.71143198013306 7.74542999267578 -3.4e+38 -3.4e+38 -3.4e+38 -3.4e+38 -3.4e+38 -3.4e+38 -3.4e+38 -3.4e+38 -3.4e+38 -3.4e+38 -3.4e+38 8.91250228881836 8.93749046325684 9.03730487823486 9.0957498550415 9.17055702209473 9.24560165405273 9.30380821228027 9.38656044006348
10.6864204406738 10.527850151062 10.4198303222656 10.3866300582886 10.3455400466919 10.3626499176025 10.4215202331543 10.3966903686523 10.3388004302979 10.2808198928833 10.256329536438 10.2237501144409 10.1488199234009 10.0824899673462 9.93222332000732 9.67356872558594 9.41436290740967 9.17198371887207 8.92946720123291 8.66221046447754 8.37799453735352 8.1441125869751 7.93554401397705 7.71846914291382 7.5680980682373 7.47720193862915 7.52785491943359 7.55333280563354 -3.4e+38 -3.4e+38 -3.4e+38 -3.4e+38 -3.4e+38 -3.4e+38 -3.4e+38 -3.4e+38 -3.4e+38 -3.4e+38 -3.4e+38 8.85393619537354 8.90459823608398 8.96237754821777 9.01263427734375 9.10430908203125 9.17903423309326 9.2291898727417 9.32853984832764
