ENMTML/All_vars/Predictors/EUR_b1_19/bio2.asc
NCOLS 411 
NROWS 214 
XLLCORNER -11.5 
YLLCORNER 35.666666666112 
CELLSIZE 0.166666666666667 
NODATA_value -3.4e+38 
[rows 21 to 41 of 214, columns 282 to 328 of 411]
6.69905376434326 6.68256187438965 6.67423486709595 6.68261623382568 6.69066286087036 6.68299007415771 6.72434711456299 6.7246150970459 6.7246150970459 6.74149179458618 6.77470397949219 6.77491617202759 6.79139709472656 6.80806303024292 6.84986877441406 6.89149522781372 6.89986610412598 6.90818214416504 6.95822286605835 6.9750018119812 6.98315811157227 7.05817413330078 7.08312702178955 7.1249098777771 7.19150400161743 7.21649503707886 7.24144601821899 7.26601791381836 7.2828369140625 7.32456922531128 7.34108209609985 7.39107799530029 7.42403697967529 -3.4e+38 -3.4e+38 -3.4e+38 -3.4e+38 -3.4e+38 -3.4e+38 -3.4e+38 -3.4e+38 -3.4e+38 -3.4e+38 -3.4e+38 -3.4e+38 -3.4e+38 -3.4e+38
6.74097108840942 6.74093723297119 6.72439002990723 6.70770406723022 6.70754289627075 6.71589422225952 6.69967794418335 6.74984216690063 6.7579779624939 6.78302192687988 6.78278398513794 6.80825901031494 6.83299684524536 6.85005187988281 6.89994716644287 6.94169521331787 6.92505979537964 6.95819997787476 6.97513914108276 7.00826787948608 7.05008697509766 7.11673021316528 7.14157485961914 7.14997816085815 7.20803308486938 7.25008487701416 7.2666711807251 7.29988288879395 7.3330249786377 7.37507295608521 7.38328504562378 7.4329400062561 7.46604776382446 -3.4e+38 -3.4e+38 -3.4e+38 -3.4e+38 -3.4e+38 -3.4e+38 -3.4e+38 -3.4e+38 -3.4e+38 -3.4e+38 -3.4e+38 -3.4e+38 -3.4e+38 -3.4e+38
6.79920482635498 6.76595020294189 6.74941301345825 6.74898719787598 6.75741195678711 6.76600503921509 6.75754880905151 6.77435111999512 6.78309488296509 6.7910327911377 6.79956197738647 6.84987688064575 6.84968185424805 6.87479400634766 6.89959096908569 6.9332480430603 6.94975519180298 6.9837908744812 7.00880479812622 7.04991292953491 7.07522392272949 7.14201498031616 7.1751708984375 7.1834020614624 7.23330402374268 7.24992513656616 7.30832099914551 7.32527303695679 7.36659002304077 7.40002393722534 7.42476177215576 7.441162109375 7.49119997024536 7.5329761505127 -3.4e+38 -3.4e+38 -3.4e+38 -3.4e+38 -3.4e+38 -3.4e+38 -3.4e+38 -3.4e+38 -3.4e+38 -3.4e+38 -3.4e+38 -3.4e+38 -3.4e+38
6.84075117111206 6.79950904846191 6.82416391372681 6.80777978897095 6.80759906768799 6.79130601882935 6.80799293518066 6.80783319473267 6.79971408843994 6.82459402084351 6.83317708969116 6.86626577377319 6.87468385696411 6.90852689743042 6.94158792495728 6.9665699005127 6.99169015884399 7.01693820953369 7.04191017150879 7.09149980545044 7.10042476654053 7.14180088043213 7.18363094329834 7.22526597976685 7.25813579559326 7.30032587051392 7.33358001708984 7.34166479110718 7.40037679672241 7.43346118927002 7.48321390151978 7.51648712158203 7.54967308044434 7.58320379257202 7.61624479293823 -3.4e+38 -3.4e+38 -3.4e+38 -3.4e+38 -3.4e+38 -3.4e+38 -3.4e+38 -3.4e+38 -3.4e+38 -3.4e+38 -3.4e+38 -3.4e+38
6.84892702102661 6.84069681167603 6.83239889144897 6.81587696075439 6.83280801773071 6.82446718215942 6.82452201843262 6.832839012146 6.85823678970337 6.85798597335815 6.85026884078979 6.90800809860229 6.91632318496704 6.90847587585449 6.93356704711914 6.98358917236328 7.01664018630981 7.0337061882019 7.08345985412598 7.13360595703125 7.13355207443237 7.17547988891602 7.2169771194458 7.242103099823 7.3003249168396 7.30850505828857 7.3586311340332 7.37522077560425 7.43354511260986 7.45840692520142 7.50837898254395 7.52493095397949 7.55829000473022 7.61662006378174 7.6662859916687 -3.4e+38 -3.4e+38 -3.4e+38 -3.4e+38 -3.4e+38 -3.4e+38 -3.4e+38 -3.4e+38 -3.4e+38 -3.4e+38 -3.4e+38 -3.4e+38
6.87373495101929 6.84892606735229 6.86556100845337 6.85742616653442 6.84091091156006 6.86608505249023 6.84936714172363 6.88299417495728 6.88305282592773 6.8916392326355 6.90023517608643 6.90844297409058 6.93352890014648 6.96747398376465 6.97531223297119 7.00839805603027 7.05034923553467 7.05890512466431 7.10847282409668 7.14219808578491 7.15879678726196 7.20911407470703 7.2588939666748 7.27572584152222 7.32570219039917 7.37574291229248 7.39208793640137 7.44186878204346 7.47514677047729 7.5005030632019 7.58348798751831 7.58343887329102 7.62525796890259 7.63355779647827 7.66652822494507 -3.4e+38 -3.4e+38 -3.4e+38 -3.4e+38 -3.4e+38 -3.4e+38 -3.4e+38 -3.4e+38 -3.4e+38 -3.4e+38 -3.4e+38 -3.4e+38
6.92404413223267 6.89048910140991 6.88219499588013 6.88240718841553 6.89108180999756 6.88289499282837 6.90771722793579 6.9078369140625 6.91623497009277 6.91640377044678 6.95010089874268 6.95837306976318 7.00029516220093 6.98341703414917 7.01734590530396 7.04220676422119 7.0842080116272 7.12511777877808 7.12588500976562 7.18404912948608 7.18400621414185 7.24220609664917 7.26715898513794 7.31751823425293 7.35078001022339 7.40067911148071 7.42582607269287 7.45907211303711 7.49201583862305 7.55046796798706 7.56717586517334 7.62540006637573 7.66685390472412 7.66671991348267 -3.4e+38 -3.4e+38 -3.4e+38 -3.4e+38 -3.4e+38 -3.4e+38 -3.4e+38 -3.4e+38 7.98254585266113 -3.4e+38 -3.4e+38 -3.4e+38 -3.4e+38
6.92355585098267 6.94059991836548 6.91592121124268 6.91567611694336 6.9072060585022 6.91623020172119 6.90775299072266 6.94137907028198 6.92503499984741 6.95004606246948 6.95855712890625 6.95856189727783 6.9920449256897 7.01735496520996 7.03405380249023 7.08369588851929 7.10887289047241 7.13400506973267 7.16731119155884 7.21749591827393 7.20904397964478 7.26748704910278 7.32605600357056 7.34251022338867 7.37580394744873 7.42567110061646 7.47575998306274 7.48400020599365 7.55057096481323 7.55861520767212 7.60855102539062 7.63339805603027 -3.4e+38 -3.4e+38 -3.4e+38 -3.4e+38 -3.4e+38 -3.4e+38 -3.4e+38 -3.4e+38 -3.4e+38 -3.4e+38 -3.4e+38 -3.4e+38 -3.4e+38 -3.4e+38 -3.4e+38
6.93200778961182 6.94030094146729 6.92392587661743 6.93228578567505 6.91581296920776 6.93277502059937 6.92444086074829 6.94953584671021 6.9748592376709 6.94162511825562 6.97533893585205 7.00037097930908 7.04220199584961 7.02532482147217 7.06732177734375 7.0839638710022 7.11777496337891 7.15894222259521 7.18424415588379 7.21787023544312 7.26765298843384 7.29241514205933 7.33429718017578 7.38415098190308 7.40902519226074 7.44254493713379 7.48400020599365 7.50907611846924 7.55882883071899 7.57522678375244 -3.4e+38 -3.4e+38 -3.4e+38 -3.4e+38 -3.4e+38 -3.4e+38 -3.4e+38 -3.4e+38 -3.4e+38 7.94957876205444 7.98296499252319 8.01655864715576 8.06624698638916 8.09981346130371 8.14969730377197 8.16623592376709 8.21615123748779
-3.4e+38 -3.4e+38 -3.4e+38 -3.4e+38 -3.4e+38 6.94110488891602 6.9333438873291 6.94995880126953 6.97466897964478 6.97505283355713 7.00022602081299 7.04214715957642 7.02572679519653 7.05051898956299 7.10094213485718 7.11758422851562 7.13406801223755 7.16764211654663 7.21762704849243 7.25129985809326 7.26769399642944 7.32609796524048 7.33438014984131 7.37607192993164 7.40065288543701 7.44259023666382 7.47570419311523 7.5505838394165 -3.4e+38 -3.4e+38 -3.4e+38 -3.4e+38 -3.4e+38 -3.4e+38 -3.4e+38 -3.4e+38 -3.4e+38 7.94165706634521 7.9667592048645 8.0247917175293 8.04995822906494 8.08347034454346 8.07496452331543 8.12480068206787 8.15812492370605 8.19124889373779 8.24113655090332
-3.4e+38 -3.4e+38 -3.4e+38 -3.4e+38 -3.4e+38 -3.4e+38 -3.4e+38 -3.4e+38 -3.4e+38 -3.4e+38 -3.4e+38 -3.4e+38 -3.4e+38 7.07572078704834 7.10078001022339 7.12603998184204 7.13414478302002 7.21757221221924 7.22605323791504 7.25954389572144 7.27626419067383 7.31765985488892 -3.4e+38 -3.4e+38 -3.4e+38 -3.4e+38 -3.4e+38 -3.4e+38 -3.4e+38 -3.4e+38 -3.4e+38 -3.4e+38 -3.4e+38 -3.4e+38 7.86737585067749 7.90040683746338 7.94220113754272 7.95851898193359 7.98350715637207 8.05003929138184 8.08358192443848 8.09975719451904 8.13327598571777 8.16656398773193 8.21671676635742 8.23324680328369 8.25819873809814
-3.4e+38 -3.4e+38 -3.4e+38 -3.4e+38 -3.4e+38 -3.4e+38 -3.4e+38 -3.4e+38 -3.4e+38 -3.4e+38 -3.4e+38 -3.4e+38 -3.4e+38 -3.4e+38 -3.4e+38 -3.4e+38 -3.4e+38 -3.4e+38 -3.4e+38 -3.4e+38 -3.4e+38 -3.4e+38 -3.4e+38 -3.4e+38 -3.4e+38 -3.4e+38 -3.4e+38 -3.4e+38 -3.4e+38 -3.4e+38 7.78443479537964 7.77587509155273 7.80938816070557 7.86732912063599 7.89239883422852 7.93386507034302 7.97578287124634 8.03405284881592 8.06700325012207 8.07556533813477 8.11688804626465 8.15844917297363 8.18353652954102 8.22508811950684 8.23362922668457 8.30012130737305 8.30827713012695
-3.4e+38 -3.4e+38 -3.4e+38 -3.4e+38 -3.4e+38 -3.4e+38 -3.4e+38 -3.4e+38 -3.4e+38 -3.4e+38 -3.4e+38 -3.4e+38 -3.4e+38 -3.4e+38 -3.4e+38 -3.4e+38 -3.4e+38 -3.4e+38 -3.4e+38 -3.4e+38 -3.4e+38 -3.4e+38 -3.4e+38 -3.4e+38 -3.4e+38 -3.4e+38 -3.4e+38 -3.4e+38 7.73433017730713 7.77631711959839 7.77604818344116 7.83446407318115 7.88430976867676 7.90091896057129 7.95917081832886 7.97586393356323 8.01720333099365 8.05052852630615 8.06746006011963 8.12571620941162 8.15088272094727 8.2008171081543 8.22553634643555 8.25886058807373 8.29228019714355 8.31713485717773 8.3416748046875
-3.4e+38 -3.4e+38 -3.4e+38 -3.4e+38 -3.4e+38 -3.4e+38 -3.4e+38 -3.4e+38 -3.4e+38 -3.4e+38 -3.4e+38 -3.4e+38 -3.4e+38 -3.4e+38 -3.4e+38 -3.4e+38 -3.4e+38 -3.4e+38 -3.4e+38 -3.4e+38 -3.4e+38 -3.4e+38 -3.4e+38 -3.4e+38 -3.4e+38 7.63507699966431 7.6516318321228 7.70190191268921 7.75169515609741 7.80116415023804 7.81815910339355 7.88466882705688 7.90938520431519 7.95935392379761 8.00122356414795 8.04275703430176 8.04237747192383 8.10098743438721 8.13417816162109 8.16741561889648 8.20926856994629 8.23422145843506 8.25070285797119 8.29225254058838 8.30873584747314 8.35056781768799 8.40009117126465
-3.4e+38 -3.4e+38 -3.4e+38 -3.4e+38 -3.4e+38 -3.4e+38 -3.4e+38 -3.4e+38 -3.4e+38 -3.4e+38 -3.4e+38 -3.4e+38 -3.4e+38 -3.4e+38 -3.4e+38 -3.4e+38 -3.4e+38 -3.4e+38 -3.4e+38 -3.4e+38 -3.4e+38 -3.4e+38 -3.4e+38 -3.4e+38 -3.4e+38 7.68535900115967 7.70993709564209 7.72673797607422 7.7769889831543 7.85137510299683 7.85953187942505 7.90140581130981 7.95988988876343 7.97630977630615 8.0345287322998 8.06807518005371 8.1181058883667 8.13439273834229 8.14295387268066 8.19226932525635 8.23415660858154 8.27574062347412 8.33413982391357 8.34255123138428 8.36755180358887 8.40113353729248 8.42575645446777
-3.4e+38 -3.4e+38 -3.4e+38 -3.4e+38 -3.4e+38 -3.4e+38 -3.4e+38 -3.4e+38 -3.4e+38 -3.4e+38 -3.4e+38 -3.4e+38 -3.4e+38 -3.4e+38 -3.4e+38 -3.4e+38 -3.4e+38 -3.4e+38 -3.4e+38 -3.4e+38 -3.4e+38 -3.4e+38 -3.4e+38 -3.4e+38 -3.4e+38 -3.4e+38 7.72695302963257 7.76868200302124 7.81842708587646 7.84319019317627 7.93529987335205 7.96833419799805 7.98480701446533 8.01826763153076 8.10944175720215 8.10949420928955 8.13439655303955 8.17623329162598 8.20941066741943 8.24308586120605 8.27611923217773 8.30122852325439 8.34263801574707 8.376145362854 8.40901565551758 8.42570304870605 8.43363380432129
7.09026384353638 7.0822229385376 -3.4e+38 -3.4e+38 -3.4e+38 -3.4e+38 -3.4e+38 -3.4e+38 7.14259004592896 7.15974998474121 7.15997314453125 7.19331502914429 7.20168113708496 -3.4e+38 -3.4e+38 -3.4e+38 -3.4e+38 -3.4e+38 -3.4e+38 -3.4e+38 -3.4e+38 -3.4e+38 -3.4e+38 -3.4e+38 -3.4e+38 -3.4e+38 -3.4e+38 7.80192804336548 7.84342908859253 7.910325050354 7.95206499099731 8.01013946533203 8.02681255340576 8.07665920257568 8.10163974761963 8.14314842224121 8.16796493530273 8.2012882232666 8.25140857696533 8.26788330078125 8.31800270080566 8.35956573486328 8.38446617126465 8.38443660736084 8.44271373748779 8.45889472961426 8.48430633544922
-3.4e+38 -3.4e+38 -3.4e+38 -3.4e+38 -3.4e+38 -3.4e+38 7.14249992370605 7.15925788879395 7.15952587127686 7.17639684677124 7.1932520866394 7.20168209075928 7.23516988754272 7.21901607513428 7.26076984405518 -3.4e+38 -3.4e+38 -3.4e+38 -3.4e+38 -3.4e+38 -3.4e+38 -3.4e+38 -3.4e+38 -3.4e+38 -3.4e+38 -3.4e+38 -3.4e+38 -3.4e+38 -3.4e+38 7.95203399658203 7.99339294433594 8.05189228057861 8.07682323455811 8.11837959289551 8.13517379760742 8.18476295471191 8.2184886932373 8.21800708770752 8.28508281707764 8.30158710479736 8.31825256347656 8.32619476318359 8.38483905792236 8.42600440979004 8.44270896911621 8.46806716918945 8.48454761505127
-3.4e+38 -3.4e+38 -3.4e+38 -3.4e+38 -3.4e+38 -3.4e+38 7.18388319015503 7.1842942237854 7.18453979492188 7.210205078125 7.23540687561035 7.23565196990967 7.23544979095459 7.2609429359436 7.25262689590454 7.31088590621948 7.31070518493652 7.36913394927979 7.41105604171753 7.46136379241943 7.50256109237671 -3.4e+38 -3.4e+38 -3.4e+38 -3.4e+38 -3.4e+38 -3.4e+38 -3.4e+38 7.95202493667603 7.98559617996216 8.01063442230225 8.06840038299561 8.12707233428955 8.1518383026123 8.18538856506348 8.21830177307129 8.24333953857422 8.26818561553955 8.30195999145508 8.32653999328613 8.36008358001709 8.37656593322754 8.42651653289795 8.45117092132568 8.50128841400146 8.51816558837891 8.53451156616211
-3.4e+38 -3.4e+38 -3.4e+38 -3.4e+38 -3.4e+38 -3.4e+38 -3.4e+38 -3.4e+38 7.217933177948 7.24366998672485 7.22732496261597 7.26869821548462 7.26910018920898 7.2609429359436 7.30294322967529 7.3279390335083 7.36107301712036 7.38642978668213 7.42829704284668 7.4947829246521 7.53636980056763 7.56967782974243 7.63600587844849 7.69431209564209 7.75282192230225 7.82765197753906 7.827232837677 7.90237903594971 7.96903800964355 8.01868152618408 8.06858158111572 8.11878204345703 8.12716007232666 8.17691516876221 8.202073097229 8.2435884475708 8.27650165557861 8.29370021820068 8.34339237213135 8.37677574157715 8.40207672119141 8.43501377105713 8.46011066436768 8.47637176513672 8.52681255340576 8.54312705993652 8.58470916748047
-3.4e+38 -3.4e+38 -3.4e+38 -3.4e+38 -3.4e+38 -3.4e+38 -3.4e+38 -3.4e+38 -3.4e+38 7.26035785675049 7.24375820159912 7.26104497909546 7.26954984664917 7.29424381256104 7.29478883743286 7.31974792480469 7.39527797698975 7.40390014648438 7.46169519424438 7.50334501266479 7.56138181686401 7.61993312835693 7.6865348815918 7.71134901046753 7.76939105987549 7.84442901611328 7.88570594787598 7.9271240234375 8.00260543823242 8.06088829040527 8.1105260848999 8.14371871948242 8.16883563995361 8.20226764678955 8.23547554016113 8.26870918273926 8.30231475830078 8.31897830963135 8.3687162399292 8.39357280731201 8.43511390686035 8.44383335113525 8.50153732299805 8.50985431671143 8.53516387939453 8.56818866729736 8.58479690551758
