ENMTML/All_vars/Predictors/EUR_b1_19/bio2.asc
NCOLS 411 
NROWS 214 
XLLCORNER -11.5 
YLLCORNER 35.666666666112 
CELLSIZE 0.166666666666667 
NODATA_value -3.4e+38 
[rows 42 to 62 of 214, columns 235 to 281 of 411]
8.43243026733398 8.36575412750244 8.28219413757324 8.24015140533447 8.19058990478516 8.15701675415039 8.12334442138672 8.08146667480469 8.06474876403809 7.98920202255249 7.96415281295776 7.91374588012695 7.85560607910156 7.82203102111816 7.78826284408569 7.71322393417358 7.67161989212036 7.60456800460815 7.56262493133545 7.53746223449707 7.51286315917969 7.52141094207764 7.53820085525513 7.53827619552612 7.55515193939209 7.51382780075073 7.53052186965942 7.54728078842163 7.53091621398926 7.49734210968018 7.47276401519775 7.45607614517212 7.43934679031372 7.42334079742432 7.40640687942505 7.35621023178101 7.35646820068359 7.31476497650146 7.31476402282715 7.24790382385254 7.24813222885132 7.24829196929932 7.22357702255249 7.20700979232788 7.20724678039551 7.19891881942749 7.20764017105103
8.26596736907959 8.25763130187988 8.20728588104248 8.15743446350098 8.11565780639648 8.08187294006348 8.03180122375488 8.0319938659668 7.98133087158203 7.9396858215332 7.93931293487549 7.88072395324707 7.83066701889038 7.76400899887085 7.71366500854492 7.66373491287231 7.59654998779297 7.52963495254517 7.471351146698 7.4630651473999 7.45483207702637 7.46334886550903 7.47163009643555 7.49688291549683 7.51373100280762 7.4888801574707 7.5056471824646 7.50591421127319 7.50593614578247 7.48949003219604 7.46446800231934 7.47279787063599 7.43966913223267 7.43108320236206 7.3896689414978 7.36504697799683 7.35679721832275 7.33159112930298 7.29024600982666 7.27349901199341 7.27346420288086 7.24857378005981 7.25750589370728 7.26560878753662 7.26561689376831 7.23273801803589 7.24148082733154
8.14921569824219 8.12402534484863 8.08262252807617 8.0491771697998 8.0322904586792 7.99905014038086 7.97385406494141 7.97362279891968 7.94026279449463 7.92333221435547 7.88161277770996 7.82305097579956 7.81455421447754 7.74729108810425 7.73044395446777 7.63038206100464 7.57183885574341 7.47173309326172 7.42957305908203 7.38821506500244 7.41299200057983 7.44671297073364 7.45541095733643 7.47185611724854 7.47241687774658 7.48073387145996 7.47249507904053 7.50588703155518 7.46476411819458 7.46469688415527 7.44805192947388 7.45660781860352 7.43171405792236 7.42324781417847 7.39034605026245 7.36503601074219 7.34886503219604 7.33197784423828 7.32386207580566 7.30733299255371 7.29909896850586 7.29067611694336 7.28274488449097 7.27482604980469 7.28299188613892 7.29979419708252 7.29177904129028
8.01611137390137 8.00782203674316 7.95757293701172 7.94110012054443 7.94954586029053 7.89898586273193 7.90749979019165 7.91578197479248 7.8986668586731 7.86527013778687 7.84849500656128 7.83161783218384 7.78958082199097 7.73945283889771 7.70593309402466 7.60548782348633 7.53853511810303 7.49684381484985 7.42971515655518 7.37150812149048 7.40485906600952 7.4135308265686 7.45551919937134 7.48078584671021 7.47263097763062 7.46434783935547 7.46462392807007 7.48965978622437 7.46465587615967 7.45644378662109 7.45664882659912 7.41521120071411 7.43184614181519 7.4068078994751 7.39032506942749 7.38244009017944 7.36556196212769 7.35743808746338 7.34942579269409 7.32452201843262 7.30751705169678 7.30783700942993 7.30831813812256 7.33341503143311 7.33352708816528 7.3337140083313 7.33379220962524
7.86665678024292 7.84966993331909 7.8162989616394 7.83286094665527 7.83298492431641 7.8162989616394 7.81570911407471 7.84907007217407 7.83269691467285 7.84050703048706 7.82374095916748 7.79826879501343 7.78156614303589 7.73952913284302 7.68954706192017 7.60586023330688 7.56369400024414 7.4885950088501 7.42185401916504 7.40527582168579 7.44688701629639 7.43872690200806 7.4469051361084 7.48087310791016 7.46451807022095 7.45626878738403 7.47282600402832 7.4650731086731 7.45673513412476 7.46529293060303 7.45678186416626 7.43187522888184 7.40741682052612 7.40716695785522 7.40742301940918 7.40787887573242 7.36604785919189 7.34932518005371 7.35769414901733 7.34932088851929 7.34994077682495 7.34986019134521 7.34180784225464 7.3583722114563 7.3834400177002 7.39247798919678 7.37608909606934
7.69134712219238 7.67497491836548 7.69182682037354 7.69182586669922 7.70839214324951 7.74992179870605 7.77503490447998 7.77469110488892 7.7993950843811 7.81575489044189 7.83205413818359 7.80707311630249 7.7733998298645 7.70664119720459 7.70650815963745 7.62310123443604 7.58119106292725 7.53098583221436 7.49740600585938 7.45523691177368 7.44739818572998 7.43911504745483 7.46432590484619 7.42281484603882 7.46482801437378 7.48150587081909 7.46539211273193 7.44877099990845 7.47370910644531 7.44051599502563 7.44901609420776 7.42394399642944 7.41578817367554 7.39911317825317 7.42457580566406 7.39934110641479 7.36637687683105 7.39153909683228 7.38338088989258 7.37528800964355 7.35860776901245 7.36709785461426 7.36720323562622 7.39228582382202 7.41764116287231 7.42583608627319 7.41784477233887
7.52521181106567 7.51692199707031 7.52531623840332 7.5672550201416 7.63361215591431 7.65879106521606 7.68369913101196 7.7332649230957 7.76645612716675 7.79948282241821 7.79116582870483 7.79912710189819 7.75708913803101 7.74029016494751 7.70699596405029 7.65662813186646 7.62301921844482 7.56471490859985 7.50614595413208 7.49779176712036 7.48113012313843 7.46443605422974 7.43992185592651 7.48164176940918 7.46519088745117 7.49019002914429 7.45699691772461 7.44876003265381 7.45742177963257 7.4493088722229 7.44919395446777 7.44112014770508 7.43302822113037 7.424880027771 7.40810394287109 7.41658401489258 7.38315200805664 7.39210796356201 7.40042591094971 7.40917110443115 7.40908813476562 7.41745901107788 7.40941905975342 7.43415021896362 7.43459320068359 7.4682879447937 7.46822500228882
7.2922887802124 7.32602500915527 7.39260482788086 7.48429012298584 7.51726579666138 7.56720113754272 7.6754732131958 7.68360376358032 7.7419581413269 7.74992799758911 7.7829761505127 7.81638383865356 7.7912220954895 7.77418279647827 7.7072172164917 7.66567611694336 7.61534786224365 7.59008884429932 7.54847717285156 7.50636100769043 7.48980283737183 7.4816107749939 7.48992919921875 7.47377490997314 7.48203992843628 7.4821982383728 7.47403907775879 7.47427177429199 7.46611309051514 7.44976377487183 7.45794916152954 7.44156122207642 7.41640090942383 7.4416880607605 7.42509317398071 7.43359899520874 7.4004077911377 7.40070915222168 7.40901899337769 7.41747283935547 7.42626714706421 7.4096040725708 7.42634296417236 7.46814107894897 7.4682240486145 7.51015996932983 7.53510808944702
7.10985612869263 7.21835279464722 7.3015022277832 7.384596824646 7.45113515853882 7.53412485122681 7.57614183425903 7.65079402923584 7.70066595077515 7.7421932220459 7.76674795150757 7.82482099533081 7.82435512542725 7.75806283950806 7.73273086547852 7.67400312423706 7.62398386001587 7.6153450012207 7.5736608505249 7.53205680847168 7.51513481140137 7.50676584243774 7.54040193557739 7.49033403396606 7.48252105712891 7.48236703872681 7.49956512451172 7.47457599639893 7.45788812637329 7.46645593643188 7.46659803390503 7.45005083084106 7.44996118545532 7.43360900878906 7.44185590744019 7.43402004241943 7.44275379180908 7.43459510803223 7.4343581199646 7.4263482093811 7.41835784912109 7.44323301315308 7.48491096496582 7.518394947052 7.52704095840454 7.56056118011475 7.56888008117676
7.08519315719604 7.1603422164917 7.21853399276733 7.2849440574646 7.40143013000488 7.45140886306763 7.53471183776855 7.61791706085205 7.65929794311523 7.74247598648071 7.78376388549805 7.84208822250366 7.83331489562988 7.76654481887817 7.74932718276978 7.6913161277771 7.6408429145813 7.62420797348022 7.60759496688843 7.56594896316528 7.55757904052734 7.52423906326294 7.53272914886475 7.51598596572876 7.53259897232056 7.49948310852051 7.49148082733154 7.50822401046753 7.49145984649658 7.50026178359985 7.47512578964233 7.49192905426025 7.46729898452759 7.47569608688354 7.4594931602478 7.41797780990601 7.44281482696533 7.44303703308105 7.44345712661743 7.44296884536743 7.46017122268677 7.4850640296936 7.49344396591187 7.52698707580566 7.55192804336548 7.59397792816162 7.6108832359314
7.11041879653931 7.17727279663086 7.23556280136108 7.28572416305542 7.35208606719971 7.44343519210815 7.51005983352661 7.57651996612549 7.64308500289917 7.71797180175781 7.75916576385498 7.79245805740356 7.79202699661255 7.78365802764893 7.74175214767456 7.70833015441895 7.65837001800537 7.64959287643433 7.62470102310181 7.59941577911377 7.57463216781616 7.55777311325073 7.54953098297119 7.52445411682129 7.50813913345337 7.53312921524048 7.53313016891479 7.52480983734131 7.50865983963013 7.48364877700806 7.49205017089844 7.48412895202637 7.46740818023682 7.47609519958496 7.46788597106934 7.47640800476074 7.45988321304321 7.45169305801392 7.47692394256592 7.46009302139282 7.46879005432129 7.5020899772644 7.52745485305786 7.58586597442627 7.61079120635986 7.66059494018555 7.67750978469849
7.14411878585815 7.16888618469238 7.2360200881958 7.27749300003052 7.32719278335571 7.41066312789917 7.44371795654297 7.53520488739014 7.60171222686768 7.65987586975098 7.72611904144287 7.74241781234741 7.74242782592773 7.74251317977905 7.71707391738892 7.68345785140991 7.66663980484009 7.65022420883179 7.62499713897705 7.60863399505615 7.59972906112671 7.58321189880371 7.5669322013855 7.57491588592529 7.55844211578369 7.55021190643311 7.55049419403076 7.54224491119385 7.52559089660645 7.53401517868042 7.53425121307373 7.5174560546875 7.51777410507202 7.50984811782837 7.48470687866211 7.48500776290894 7.47682523727417 7.50190401077271 7.4522819519043 7.47749280929565 7.49406099319458 7.52745389938354 7.56896686553955 7.6277289390564 7.66127920150757 7.67777109146118 7.74465799331665
7.17783212661743 7.2029128074646 7.21944093704224 7.28603601455688 7.33607006072998 7.38587522506714 7.4107928276062 7.50261306762695 7.53563022613525 7.61865091323853 7.65179395675659 7.68490600585938 7.69331121444702 7.67613315582275 7.6593918800354 7.684326171875 7.65057516098022 7.63387584686279 7.63366222381592 7.63369798660278 7.60863876342773 7.59197378158569 7.58394384384155 7.56717491149902 7.55059194564819 7.55071783065796 7.55058479309082 7.55060720443726 7.55904817581177 7.54276990890503 7.5260181427002 7.55944299697876 7.54315996170044 7.5267071723938 7.51015520095825 7.51889896392822 7.49407386779785 7.49417591094971 7.47755002975464 7.50287199020386 7.53611516952515 7.56939220428467 7.61167001724243 7.66970300674438 7.69489812850952 7.76169395446777 7.8032021522522
7.20315313339233 7.21166181564331 7.23640203475952 7.26935005187988 7.3447527885437 7.36113691329956 7.39424800872803 7.46881484985352 7.50251913070679 7.52695989608765 7.57694387435913 7.61016082763672 7.63503313064575 7.63468503952026 7.64268398284912 7.65949201583862 7.64292287826538 7.61727380752563 7.64249515533447 7.62577199935913 7.61740398406982 7.6087441444397 7.58417892456055 7.56759691238403 7.55878210067749 7.56754112243652 7.57585716247559 7.58420515060425 7.58432579040527 7.56761407852173 7.56783008575439 7.57653999328613 7.54304790496826 7.56058120727539 7.51849699020386 7.52762413024902 7.5192551612854 7.51935720443726 7.51962089538574 7.51160621643066 7.55345582962036 7.58691692352295 7.63683414459229 7.70369386672974 7.769935131073 7.8037371635437 7.87816905975342
7.20347690582275 7.22819995880127 7.27015113830566 7.27847194671631 7.29476404190063 7.35317707061768 7.36970376968384 7.4276909828186 7.46100378036499 7.5027289390564 7.54400014877319 7.56061506271362 7.58526420593262 7.57681083679199 7.60978507995605 7.61004686355591 7.6343240737915 7.62619876861572 7.61774206161499 7.62593221664429 7.61764621734619 7.60914278030396 7.60096311569214 7.60126209259033 7.60101222991943 7.59264993667603 7.58480882644653 7.60950422286987 7.60134506225586 7.60145998001099 7.61043787002563 7.60193395614624 7.59373903274536 7.57702398300171 7.5855541229248 7.59465503692627 7.56127595901489 7.54465007781982 7.51983880996704 7.52873611450195 7.58712005615234 7.64523792266846 7.67019081115723 7.74488878250122 7.82855987548828 7.86215686798096 7.92038011550903
7.22900915145874 7.26233196258545 7.27064800262451 7.27902889251709 7.31204700469971 7.32028818130493 7.36164808273315 7.39489698410034 7.42801380157471 7.45296716690063 7.47784185409546 7.48591613769531 7.53582000732422 7.54371023178101 7.56034278869629 7.57677221298218 7.59355783462524 7.59303092956543 7.61813497543335 7.61792993545532 7.58465003967285 7.60958003997803 7.60948896408081 7.59291219711304 7.60111284255981 7.60965299606323 7.61787986755371 7.61002492904663 7.61823081970215 7.63483381271362 7.60169792175293 7.62686395645142 7.62742376327515 7.6108341217041 7.61116409301758 7.59478616714478 7.60345220565796 7.59511184692383 7.59543180465698 7.59572601318359 7.63737201690674 7.67030382156372 7.74554777145386 7.81218910217285 7.8451452255249 7.90350484848022 7.99554395675659
7.25428819656372 7.25457286834717 7.27072715759277 7.28761100769043 7.30420017242432 7.32081985473633 7.34540891647339 7.35359001159668 7.37876081466675 7.40323114395142 7.3948860168457 7.45278596878052 7.46941614151001 7.46074819564819 7.5026969909668 7.53537321090698 7.55203819274902 7.5766429901123 7.57652711868286 7.58512020111084 7.57633781433105 7.5932240486145 7.6014552116394 7.60969686508179 7.6017050743103 7.60989618301392 7.62674188613892 7.65181112289429 7.61844682693481 7.65226221084595 7.67733907699585 7.68571090698242 7.66923379898071 7.66960906982422 7.67001485824585 7.65308284759521 7.66188287734985 7.66192722320557 7.67088985443115 7.67082023620605 7.70461177825928 7.77077198028564 7.8289361000061 7.87879514694214 7.93745517730713 7.98724794387817 8.05366897583008
7.25468587875366 7.26315307617188 7.2712287902832 7.3047251701355 7.32121086120605 7.32944917678833 7.34576416015625 7.3292818069458 7.36201810836792 7.36205005645752 7.38678979873657 7.4032998085022 7.3865909576416 7.41952419281006 7.46121215820312 7.44425392150879 7.50232410430908 7.49371576309204 7.53542613983154 7.53516817092896 7.56019020080566 7.55189990997314 7.58486604690552 7.59334897994995 7.59372520446777 7.62660503387451 7.65180683135986 7.63522291183472 7.66913890838623 7.69376087188721 7.71891021728516 7.71901798248291 7.71130990982056 7.71935319900513 7.70307683944702 7.72807502746582 7.71173000335693 7.74557113647461 7.72056818008423 7.74567699432373 7.80418014526367 7.82076787948608 7.879075050354 7.9291090965271 7.99570178985596 8.05422782897949 8.10400867462158
7.25512599945068 7.25544786453247 7.27993202209473 7.29650402069092 7.27168416976929 7.28796577453613 7.28775215148926 7.3296070098877 7.29601001739502 7.28747987747192 7.33707809448242 7.32880306243896 7.3453049659729 7.37831497192383 7.38670921325684 7.38609409332275 7.4528489112854 7.43616199493408 7.47716093063354 7.50224208831787 7.52734184265137 7.56875419616699 7.58531379699707 7.60182905197144 7.61035823822021 7.65234708786011 7.65218687057495 7.67713403701782 7.71074676513672 7.73559379577637 7.74401998519897 7.76103687286377 7.77787685394287 7.77804613113403 7.79493999481201 7.77844905853271 7.77843523025513 7.79561281204224 7.82056999206543 7.84566116333008 7.88743305206299 7.91254997253418 7.94612312316895 7.9958758354187 8.09595012664795 8.13790416717529 8.1795825958252
7.24668884277344 7.27209997177124 7.27215480804443 7.29714012145996 7.27173614501953 7.26368618011475 7.28818988800049 7.26333379745483 7.27949380874634 7.25421810150146 7.28783798217773 7.28741598129272 7.28715896606445 7.29541301727295 7.30372476577759 7.33678102493286 7.3697772026062 7.39478492736816 7.43627500534058 7.4780158996582 7.49443483352661 7.53612899780273 7.5859580039978 7.61090421676636 7.64406394958496 7.69410276412964 7.66914892196655 7.71898794174194 7.73579120635986 7.76940202713013 7.77754497528076 7.78615093231201 7.81942510604858 7.81974315643311 7.82823801040649 7.85336303710938 7.87042903900146 7.8786678314209 7.88735198974609 7.90395879745483 7.96227121353149 7.97091722488403 8.01235008239746 8.05439281463623 8.10439014434814 8.19610023498535 8.22928905487061
7.21385383605957 7.25536918640137 7.25582599639893 7.25536823272705 7.24713611602783 7.238609790802 7.24687004089355 7.23842000961304 7.22977876663208 7.22153997421265 7.22140502929688 7.21250581741333 7.23779582977295 7.22060585021973 7.24541807174683 7.27888298034668 7.31181001663208 7.35341596603394 7.38703584671021 7.41150712966919 7.46111583709717 7.51923418045044 7.56961297988892 7.6110692024231 7.66089391708374 7.68593692779541 7.73587608337402 7.76112794876099 7.77768802642822 7.81106901168823 7.8444972038269 7.8613018989563 7.86149883270264 7.87808322906494 7.90331220626831 7.93683815002441 7.91204595565796 7.95367383956909 7.95368719100952 7.97924280166626 8.01248264312744 8.07101058959961 8.09612846374512 8.12106895446777 8.19599342346191 8.2299222946167 8.32114791870117
