ENMTML/All_vars/Predictors/EUR_b1_19/bio5.asc
NCOLS 411 
NROWS 214 
XLLCORNER -11.5 
YLLCORNER 35.666666666112 
CELLSIZE 0.166666666666667 
NODATA_value -3.4e+38 
[rows 189 to 209 of 214, columns 329 to 375 of 411]
24.0226001739502 23.5419006347656 25.1805992126465 24.2805995941162 27.9741992950439 21.9612998962402 27.2742004394531 33.9096984863281 34.3838996887207 30.7096996307373 28.5354995727539 28.2226009368896 27.0354995727539 25.3612995147705 21.8805999755859 19.4612998962402 19.06130027771 23.7870998382568 26.1483993530273 24.3999996185303 26.0870990753174 27.2999992370605 29.3805999755859 30.5226001739502 30.7257995605469 30.6096992492676 30.3064994812012 29.8064994812012 30.1032009124756 30.8031997680664 31.3064994812012 31.7451992034912 31.9806003570557 32.4355010986328 32.4838981628418 32.1581001281738 31.7451992034912 31.4193992614746 31.0193996429443 30.8064994812012 -3.4e+38 -3.4e+38 -3.4e+38 -3.4e+38 -3.4e+38 -3.4e+38 -3.4e+38
26.6418991088867 26.6613006591797 26.7805995941162 27.8742008209229 28.1613006591797 26.5741996765137 26.1870994567871 30.6226005554199 33.9838981628418 34.3838996887207 32.4838981628418 25.1742000579834 25.6613006591797 23.5 21.9806003570557 23.9871006011963 23.1000003814697 21.9612998962402 26.2870998382568 27.3871002197266 24.9032001495361 26.783899307251 29.4451999664307 30.7031993865967 30.9934997558594 30.9871006011963 30.6839008331299 30.2805995941162 30.4773998260498 30.9871006011963 31.3967990875244 31.6257991790771 31.7805995941162 32.4967994689941 32.4452018737793 32.032299041748 31.6194000244141 31.2064990997314 30.9934997558594 30.6935005187988 -3.4e+38 -3.4e+38 -3.4e+38 -3.4e+38 -3.4e+38 -3.4e+38 -3.4e+38
22.3418998718262 25.06130027771 23.6613006591797 23.8805999755859 25.2999992370605 26.8742008209229 29.5484008789062 29.5484008789062 30.9225997924805 34.4838981628418 34.1710014343262 31.0967998504639 30.4097003936768 28.7355003356934 24.0870990753174 23.2999992370605 24.3999996185303 25.6805992126465 27.8999996185303 29.4806003570557 28.5839004516602 28.7226009368896 30.5032005310059 31.5902996063232 31.7742004394531 31.6548004150391 31.7387008666992 31.8257999420166 31.9225997924805 31.7483997344971 31.6742000579834 31.5032005310059 31.4612998962402 31.8225994110107 31.8581008911133 31.6194000244141 31.3064994812012 30.9934997558594 30.7805995941162 30.5806007385254 -3.4e+38 -3.4e+38 -3.4e+38 -3.4e+38 -3.4e+38 -3.4e+38 -3.4e+38
24.3612995147705 21.6418991088867 24.06130027771 24.8805999755859 24.7805995941162 25.6870994567871 26.8871002197266 29.6613006591797 33.6096992492676 34.2967987060547 34.8838996887207 34.7709999084473 33.9710006713867 31.1096992492676 27.3742008209229 22.7612991333008 21.8418998718262 24.3418998718262 28.7612991333008 30.1032009124756 31.3451995849609 31.6065006256104 32.0903015136719 31.9645004272461 32.2387008666992 32.6128997802734 32.9774017333984 33.7452011108398 33.9483985900879 33.4742012023926 32.2419013977051 31.4902992248535 31.0226001739502 30.9484004974365 31.0709991455078 31.0193996429443 30.8064994812012 30.6935005187988 30.4934997558594 30.3805999755859 -3.4e+38 -3.4e+38 -3.4e+38 -3.4e+38 -3.4e+38 -3.4e+38 -3.4e+38
28.3999996185303 25.9806003570557 26.5 26.7870998382568 26 23.9806003570557 27.3871002197266 27.0870990753174 28.1742000579834 32.0354995727539 33.7097015380859 33.896800994873 33.5968017578125 32.9096984863281 31.1354999542236 26.3805999755859 21.1418991088867 24.2226009368896 26.9839000701904 30.8645000457764 32.1128997802734 31.5967998504639 30.9773998260498 31.6483993530273 32.5161018371582 33.3871002197266 33.7452011108398 34.8064994812012 35.480598449707 35.8741989135742 34.1483993530273 31.4710006713867 30.5032005310059 30.2483997344971 30.371000289917 30.432300567627 30.4064998626709 30.2935009002686 30.1935005187988 30.1805992126465 -3.4e+38 -3.4e+38 -3.4e+38 -3.4e+38 -3.4e+38 -3.4e+38 -3.4e+38
29.7742004394531 28.7870998382568 27.8999996185303 25.1805992126465 26.3805999755859 24.8805999755859 25.4806003570557 25.8805999755859 28.4871006011963 30.8612995147705 32.7484016418457 31.3612995147705 31.0484008789062 33.6226005554199 33.3354988098145 32.0741996765137 28.4806003570557 30.1226005554199 30.2644996643066 31.0323009490967 30.1257991790771 28.8194007873535 29.1000003814697 28.7870998382568 31.5289993286133 32.4934997558594 31.1000003814697 30.4032001495361 28.8323001861572 33.9000015258789 35.5741996765137 32.4065017700195 29.8225994110107 29.5354995727539 29.7581005096436 29.932300567627 30.0065002441406 29.9934997558594 29.9934997558594 29.8934993743896 -3.4e+38 -3.4e+38 -3.4e+38 -3.4e+38 -3.4e+38 -3.4e+38 -3.4e+38
28.2870998382568 27.5870990753174 26.9806003570557 26.3805999755859 27.0806007385254 25.4806003570557 23.6613006591797 26.1805992126465 26.8805999755859 28.8999996185303 31.7742004394531 33.4483985900879 31.56130027771 29.5870990753174 26.8805999755859 27.06130027771 29.7612991333008 30.4032001495361 27.6709995269775 27.4612998962402 26.0580997467041 25.4547996520996 27.8225994110107 27.809700012207 31.5354995727539 31.8129005432129 30.5258007049561 31.1000003814697 28.2581005096436 26.783899307251 30.2031993865967 31.9871006011963 29.6257991790771 29.0967998504639 29.3581008911133 29.5323009490967 29.7064990997314 29.7064990997314 29.7064990997314 29.7064990997314 -3.4e+38 -3.4e+38 -3.4e+38 -3.4e+38 -3.4e+38 -3.4e+38 -3.4e+38
27.5870990753174 26.8999996185303 26.4806003570557 26.7805995941162 26.3612995147705 25.4806003570557 23.8612995147705 23.9419002532959 28.7805995941162 32 32.5999984741211 32.8871002197266 31.5870990753174 30.7999992370605 29.8805999755859 25.5419006347656 24.9032001495361 28.3838996887207 27.3773994445801 27.1676998138428 27.0580997467041 27.6418991088867 27.8290004730225 29.0032005310059 31.3516006469727 33.396800994873 33.0839004516602 32.777400970459 30.716100692749 28.8581008911133 27.0935001373291 29.6387004852295 30.2870998382568 29.3838996887207 29.4451999664307 29.5323009490967 29.6065006256104 29.6065006256104 29.6065006256104 29.6065006256104 -3.4e+38 -3.4e+38 -3.4e+38 -3.4e+38 -3.4e+38 -3.4e+38 -3.4e+38
26.8999996185303 25.8805999755859 25.56130027771 25.7805995941162 24.6613006591797 24.6613006591797 25.2612991333008 25.2612991333008 28.56130027771 31.7612991333008 30.4612998962402 28.3805999755859 29.9806003570557 29.6805992126465 30.0806007385254 29.2418994903564 27.5032005310059 26.3871002197266 25.4806003570557 26.5741996765137 27.3645000457764 28.7418994903564 29.0226001739502 29.7999992370605 31.8547992706299 32.2355003356934 29.5709991455078 27.3031997680664 29.5645008087158 30.0515995025635 29.2677001953125 29.56130027771 30.3999996185303 29.7968006134033 29.6581001281738 29.6322994232178 29.5323009490967 29.5193996429443 29.5193996429443 29.432300567627 -3.4e+38 -3.4e+38 -3.4e+38 -3.4e+38 -3.4e+38 -3.4e+38 -3.4e+38
26.2999992370605 24.7805995941162 25.7805995941162 24.9612998962402 22.9612998962402 25.1613006591797 23.8418998718262 26.56130027771 30.0419006347656 31.0419006347656 31.3418998718262 31.6613006591797 30.5806007385254 27.7612991333008 27.8612995147705 30.3612995147705 30.0226001739502 29.690299987793 28.3805999755859 28.7709999084473 28.56130027771 29.7418994903564 27.9451999664307 26.1515998840332 25.8451995849609 25.1483993530273 21.6644992828369 22.4612998962402 28.6032009124756 30.2709999084473 29.9741992950439 29.1870994567871 29.6935005187988 29.9612998962402 29.8838996887207 29.6709995269775 29.6452007293701 29.5452003479004 29.4451999664307 29.3581008911133 -3.4e+38 -3.4e+38 -3.4e+38 -3.4e+38 -3.4e+38 -3.4e+38 -3.4e+38
25.8999996185303 24.4806003570557 24.3805999755859 22.4612998962402 26.0806007385254 24.8805999755859 24.4419002532959 27.8418998718262 28.6418991088867 29.4419002532959 30.5419006347656 31.7612991333008 31.8612995147705 31.6613006591797 31.56130027771 31.4612998962402 31.3225994110107 30.6226005554199 29.5839004516602 29.5709991455078 29.7581005096436 29.9484004974365 29.9354991912842 29.0323009490967 27.5387001037598 26.8418998718262 25.4515991210938 27.5289993286133 29.5032005310059 29.6000003814697 29.4032001495361 26.3418998718262 29.2096996307373 30.1613006591797 30.0354995727539 29.809700012207 29.6839008331299 29.5709991455078 29.4710006713867 29.371000289917 -3.4e+38 -3.4e+38 -3.4e+38 -3.4e+38 -3.4e+38 -3.4e+38 -3.4e+38
26.1000003814697 25.8999996185303 23.3612995147705 24.3612995147705 26.5 24.2612991333008 24.4612998962402 26.2612991333008 27.0419006347656 28.7418994903564 31.8418998718262 32.0419006347656 31.4612998962402 31.56130027771 31.7612991333008 31.6418991088867 30.3225994110107 28.6032009124756 27.6805992126465 27.6774005889893 28.567699432373 29.2548007965088 29.5452003479004 30.0323009490967 29.9258003234863 29.9193992614746 28.6322994232178 27.7387008666992 28.628999710083 29.3194007873535 28.3323001861572 25.8516006469727 29.6161003112793 30.5226001739502 30.2612991333008 30.0354995727539 29.7226009368896 29.5967998504639 29.4839000701904 29.3838996887207 29.2968006134033 29.2968006134033 29.2968006134033 29.309700012207 29.309700012207 29.3225994110107 -3.4e+38
24.5 23.6805992126465 23.4806003570557 25.1805992126465 26.5 24.2612991333008 23.6613006591797 26.4612998962402 27.8612995147705 28.8418998718262 31.5419006347656 31.9612998962402 31.7612991333008 31.7612991333008 31.9612998962402 31.2612991333008 28.6418991088867 25.2226009368896 23.8031997680664 25.4839000701904 28.4676990509033 28.8581008911133 28.1581001281738 28.5515995025635 27.4515991210938 27.1515998840332 27.0515995025635 29.1322994232178 28.3451995849609 30.2226009368896 28.7418994903564 27.2548007965088 30.2226009368896 30.783899307251 30.5870990753174 30.1613006591797 29.9354991912842 29.6354999542236 29.5226001739502 29.4097003936768 29.3225994110107 29.3225994110107 29.3225994110107 29.3225994110107 29.3355007171631 29.2483997344971 -3.4e+38
26.3999996185303 27.6870994567871 27.3871002197266 25.2805995941162 25.4806003570557 26.2805995941162 25.1805992126465 24.8612995147705 27.1613006591797 29.2418994903564 31.6418991088867 31.8612995147705 32.1418991088867 32.1418991088867 31.8612995147705 30.5419006347656 28.1418991088867 27.1226005554199 26.4032001495361 27.1839008331299 29.2644996643066 29.7581005096436 29.7516002655029 30.4419002532959 30.6354999542236 31.128999710083 31.5226001739502 31.4193992614746 30.2355003356934 31.2226009368896 29.3484001159668 28.3547992706299 29.4419002532959 30.6387004852295 30.7418994903564 30.3871002197266 30.06130027771 29.7483997344971 29.5484008789062 29.4484004974365 29.4354991912842 29.4354991912842 29.4354991912842 29.3484001159668 29.3484001159668 29.3612995147705 -3.4e+38
29.0870990753174 30.0870990753174 26.8999996185303 27 27.3999996185303 25.3805999755859 26.7612991333008 25.56130027771 25.2612991333008 28.8612995147705 30.3612995147705 31.9612998962402 32.1613006591797 32.1613006591797 32.3613014221191 32.3418998718262 31.5226001739502 30.7226009368896 29.6032009124756 29.3838996887207 30.3612995147705 30.9547996520996 30.9484004974365 30.3484001159668 30.93869972229 32.2257995605469 32.8161010742188 31.7257995605469 30.6387004852295 31.628999710083 30.3451995849609 27.2644996643066 28.6581001281738 30.4451999664307 30.8838996887207 30.6805992126465 30.1870994567871 29.7870998382568 29.6613006591797 29.6613006591797 29.6613006591797 29.6483993530273 29.56130027771 29.5484008789062 29.4741992950439 29.4741992950439 -3.4e+38
32.9742012023926 34.5741996765137 31.2000007629395 31.7870998382568 32.5999984741211 29.1805992126465 30.4612998962402 28.2612991333008 26.06130027771 29.4419002532959 28.3612995147705 29.9612998962402 32.2612991333008 32.4612998962402 32.5612983703613 32.7419013977051 32.5419006347656 31.1418991088867 30.6226005554199 30.3031997680664 29.783899307251 30.3581008911133 30.3547992706299 30.6515998840332 31.3451995849609 31.8386993408203 32.6290016174316 32.1355018615723 30.9484004974365 31.3418998718262 32.0354995727539 30.8484001159668 30.0548000335693 29.3581008911133 30.9547996520996 31.0419006347656 30.4806003570557 29.8999996185303 29.7999992370605 29.8871002197266 29.8742008209229 29.8742008209229 29.8612995147705 29.7742004394531 29.6742000579834 29.6000003814697 -3.4e+38
35.3871002197266 35.7871017456055 35.5 35.980598449707 32.8805999755859 32.8613014221191 33.2612991333008 28.3805999755859 27.3612995147705 26.4612998962402 29.1613006591797 29.9612998962402 31.7612991333008 32.6613006591797 32.8613014221191 32.980598449707 33.0612983703613 32.3613014221191 31.5419006347656 29.8225994110107 28.9225997924805 29.1032009124756 30.4645004272461 31.0515995025635 32.0452003479004 32.7387008666992 33.1355018615723 32.8354988098145 31.9451999664307 30.4612998962402 30.4580993652344 31.6483993530273 31.9484004974365 29.8612995147705 30.3612995147705 31.2612991333008 31.0226001739502 30.6226005554199 30.3612995147705 30.3418998718262 30.1805992126465 30.1870994567871 30.1742000579834 30.0741996765137 29.8999996185303 29.8805999755859 -3.4e+38
36.087100982666 36.2871017456055 37.1870994567871 37.2000007629395 36.7806015014648 36.980598449707 36.9612998962402 34.7419013977051 30.56130027771 26.0806007385254 29.9806003570557 31.1613006591797 31.6613006591797 32.2806015014648 32.980598449707 32.8805999755859 33.3805999755859 33.2612991333008 32.5806007385254 30.9612998962402 29.4612998962402 28.3418998718262 28.4419002532959 29.1226005554199 31.5645008087158 32.5452003479004 32.3484001159668 32.1515998840332 32.3484001159668 31.6839008331299 29.6226005554199 28.5226001739502 32.0547981262207 32.6515998840332 31.0645008087158 30.6644992828369 31.5645008087158 31.3838996887207 30.8031997680664 30.9032001495361 30.5032005310059 30.3418998718262 29.3612995147705 30.3805999755859 30.2805995941162 30.3418998718262 30.3225994110107
40.4742012023926 40.7871017456055 39.8871002197266 39.2999992370605 38.7806015014648 38.3805999755859 36.5612983703613 35.9612998962402 31.06130027771 27.0806007385254 29.6805992126465 31.9806003570557 30.3999996185303 30.7999992370605 31.9806003570557 31.1000003814697 33.2000007629395 33.2000007629395 33.2000007629395 32.480598449707 29.4806003570557 27.6805992126465 28.1613006591797 27.6613006591797 28.3612995147705 30.9419002532959 31.6032009124756 29.8418998718262 30.7418994903564 32.1418991088867 31.6805992126465 30.06130027771 29.6418991088867 31.7031993865967 32.6645011901855 32.5612983703613 32.3676986694336 31.5839004516602 31.4032001495361 30.5419006347656 29.9419002532959 29.5419006347656 27.7805995941162 29.4612998962402 30.7418994903564 30.8225994110107 30.8225994110107
41.5741996765137 41.8741989135742 41.2871017456055 41.1870994567871 40.7999992370605 40.1805992126465 37.5612983703613 35.4612998962402 34.5612983703613 30.4806003570557 28.2999992370605 31.9806003570557 29.7000007629395 31.2999992370605 31.7870998382568 31.4871006011963 33.3871002197266 33.587100982666 32.4870986938477 33 30.7870998382568 29.5 30.6805992126465 29.0806007385254 28.8805999755859 31.7612991333008 32.5419006347656 31.4612998962402 30.4806003570557 31.0806007385254 31.2000007629395 31.6000003814697 31.2000007629395 30.1613006591797 30.4612998962402 31.9032001495361 33.0644989013672 32.967700958252 32.7032012939453 32.222599029541 32.222599029541 30.8418998718262 28.0806007385254 26.7000007629395 29.0806007385254 30.0419006347656 30.9419002532959
41.8741989135742 42.1741981506348 41.9870986938477 41.8871002197266 40.7999992370605 38.9612998962402 37.6613006591797 35.2612991333008 33.980598449707 32.7806015014648 31.4806003570557 31.2000007629395 32.3871002197266 31.3871002197266 32.4870986938477 33.3741989135742 33.6741981506348 33.2612991333008 33.3613014221191 33.2742004394531 32.2742004394531 31.5741996765137 31.6870994567871 29 28.7999992370605 31.0806007385254 31.6805992126465 32.3805999755859 31.5 32.2871017456055 31.5870990753174 30.7999992370605 31.3999996185303 31.5806007385254 30.3805999755859 31.56130027771 32.8226013183594 33.0225982666016 32.5419006347656 32.1613006591797 31.6613006591797 32.0419006347656 32.0419006347656 30.3612995147705 28 25.6613006591797 27.4871006011963
