ENMTML/All_vars/Predictors/EUR_b1_19/bio5.asc
NCOLS 411 
NROWS 214 
XLLCORNER -11.5 
YLLCORNER 35.666666666112 
CELLSIZE 0.166666666666667 
NODATA_value -3.4e+38 
[rows 84 to 104 of 214, columns 235 to 281 of 411]
21.7800006866455 21.8799991607666 21.9799995422363 22.0699996948242 21.9799995422363 21.9799995422363 21.9799995422363 21.8799991607666 21.8799991607666 21.7700004577637 21.7900009155273 21.9799995422363 22.0799999237061 22.0900001525879 22.0799999237061 22.0900001525879 22.1800003051758 22.1900005340576 22.1900005340576 22.2800006866455 22.2900009155273 22.3799991607666 22.2900009155273 22.2900009155273 22.2900009155273 22.1900005340576 21.8899993896484 21.6900005340576 21.6900005340576 21.8899993896484 21.8899993896484 21.8899993896484 21.9899997711182 21.9899997711182 21.8899993896484 21.9799995422363 21.8899993896484 21.6900005340576 21.8799991607666 21.9899997711182 21.9899997711182 22.2800006866455 22.4699993133545 22.4699993133545 22.3799991607666 22.3700008392334 22.3700008392334
21.8799991607666 21.9699993133545 21.9799995422363 21.9799995422363 21.9899997711182 21.9899997711182 22.0799999237061 21.9799995422363 22.0799999237061 22.0799999237061 22.0900001525879 22.1800003051758 22.1800003051758 22.0900001525879 22.0900001525879 22.1800003051758 22.1900005340576 22.2800006866455 22.2800006866455 22.3799991607666 22.3899993896484 22.3899993896484 22.2900009155273 22.1900005340576 22.0900001525879 21.7900009155273 21.5900001525879 21.6800003051758 21.7800006866455 21.8799991607666 21.8799991607666 21.8899993896484 21.9899997711182 21.9899997711182 21.9899997711182 21.8899993896484 21.8899993896484 21.8899993896484 21.8899993896484 21.8899993896484 22.0799999237061 22.2800006866455 22.3799991607666 22.3799991607666 22.4799995422363 22.4799995422363 22.5699996948242
21.8799991607666 21.9699993133545 21.9699993133545 21.9799995422363 21.9799995422363 21.9899997711182 22.0799999237061 22.0799999237061 21.9799995422363 21.5799999237061 21.5799999237061 21.6800003051758 21.8899993896484 21.9899997711182 22.1800003051758 22.1900005340576 22.1900005340576 22.2900009155273 22.2900009155273 22.3899993896484 22.3899993896484 22.1900005340576 21.7900009155273 21.6900005340576 21.5900001525879 21.5900001525879 21.6900005340576 21.7800006866455 21.7900009155273 21.8899993896484 21.9899997711182 21.9899997711182 21.9899997711182 21.9899997711182 22.0900001525879 21.8999996185303 21.8899993896484 21.8899993896484 21.9799995422363 22.0799999237061 22.1800003051758 22.2800006866455 22.2800006866455 22.3799991607666 22.5699996948242 22.5799999237061 22.6700000762939
21.8799991607666 21.8799991607666 21.8799991607666 21.9799995422363 21.9899997711182 22.0799999237061 22.0799999237061 21.9799995422363 21.6900005340576 21.5799999237061 21.5799999237061 21.3899993896484 21.4899997711182 21.6900005340576 21.8899993896484 22.2000007629395 22.2900009155273 22.2999992370605 22.2999992370605 22.2999992370605 22.2999992370605 22.2000007629395 21.9899997711182 21.7900009155273 21.7900009155273 21.6800003051758 21.6900005340576 21.7900009155273 21.8899993896484 21.8899993896484 21.8899993896484 21.7900009155273 21.7900009155273 21.8899993896484 22.0900001525879 21.9899997711182 22.0799999237061 22.0799999237061 22.0900001525879 22.0799999237061 22.0799999237061 22.1800003051758 22.3799991607666 22.5699996948242 22.5799999237061 22.6700000762939 22.6800003051758
21.7800006866455 21.8799991607666 21.9799995422363 21.9899997711182 21.9899997711182 22.0799999237061 21.9799995422363 21.8899993896484 21.6900005340576 21.7800006866455 21.6800003051758 21.5900001525879 21.5900001525879 21.7900009155273 21.9899997711182 22.2900009155273 22.2999992370605 22.2999992370605 22.2999992370605 22.2999992370605 22.2999992370605 21.9899997711182 21.8899993896484 21.9799995422363 21.8899993896484 21.6900005340576 21.6900005340576 21.7900009155273 21.7900009155273 21.8899993896484 21.8899993896484 21.8799991607666 21.8899993896484 21.8899993896484 21.9899997711182 21.9899997711182 22.0900001525879 22.1800003051758 22.0799999237061 21.9799995422363 22.0799999237061 22.1800003051758 22.3799991607666 22.4799995422363 22.5799999237061 22.6700000762939 22.6700000762939
21.6800003051758 21.6900005340576 21.8899993896484 21.9899997711182 21.9899997711182 21.9799995422363 21.9799995422363 21.9799995422363 21.8899993896484 21.8899993896484 21.7900009155273 21.7900009155273 21.6900005340576 21.7900009155273 21.9899997711182 22.1900005340576 22.2900009155273 22.3999996185303 22.3899993896484 22.2999992370605 22.0900001525879 21.8899993896484 21.8899993896484 21.9899997711182 22 21.9899997711182 21.9899997711182 21.9899997711182 21.8899993896484 21.8899993896484 21.9799995422363 21.9799995422363 21.8899993896484 21.8899993896484 21.9899997711182 22.0799999237061 22.0900001525879 22.1900005340576 22.1900005340576 22.1800003051758 22.1900005340576 22.2800006866455 22.3799991607666 22.4799995422363 22.5799999237061 22.6700000762939 22.6800003051758
21.5900001525879 21.6900005340576 21.8799991607666 21.9799995422363 21.9799995422363 21.9799995422363 21.9799995422363 21.9799995422363 21.8899993896484 21.8899993896484 21.8899993896484 21.8899993896484 21.7900009155273 21.8899993896484 21.9899997711182 21.9899997711182 22.1900005340576 22.2000007629395 22.2000007629395 22.1900005340576 21.9899997711182 22.0900001525879 22.0900001525879 22.0900001525879 22.0900001525879 22.0900001525879 22.0900001525879 22.0900001525879 22.0799999237061 22.0900001525879 22.0900001525879 22.0900001525879 21.9899997711182 22.0900001525879 22.0799999237061 21.9899997711182 22.0900001525879 22.2800006866455 22.3799991607666 22.3899993896484 22.4799995422363 22.4799995422363 22.4799995422363 22.4799995422363 22.4799995422363 22.5799999237061 22.6800003051758
21.7800006866455 21.8799991607666 21.9899997711182 21.9899997711182 22.0900001525879 21.9899997711182 21.9899997711182 21.9799995422363 21.8899993896484 21.8999996185303 21.9899997711182 21.9899997711182 21.9799995422363 21.9899997711182 22.0900001525879 22.0900001525879 22.1900005340576 22.1900005340576 22.1900005340576 22.1900005340576 22.0900001525879 22.0900001525879 22.1000003814697 22.0900001525879 22.0900001525879 22.1900005340576 22.1900005340576 22.1900005340576 22.1900005340576 22.1900005340576 22.2900009155273 22.2900009155273 22.1900005340576 21.9899997711182 22.0799999237061 22.0900001525879 22.1800003051758 22.2800006866455 22.3799991607666 22.3899993896484 22.4799995422363 22.4799995422363 22.3799991607666 22.4699993133545 22.3799991607666 22.4699993133545 22.4799995422363
21.9799995422363 21.9899997711182 22.0900001525879 22.0900001525879 22.0900001525879 22.0900001525879 22.0900001525879 22.0799999237061 22.0799999237061 21.9899997711182 22.0900001525879 22.0900001525879 21.9899997711182 22.0900001525879 22 22.0900001525879 22.1900005340576 22.1900005340576 22.1900005340576 22.1900005340576 22.1900005340576 22.0900001525879 22.1000003814697 22.1000003814697 22.1000003814697 22.0900001525879 22.1900005340576 22.2800006866455 22.2800006866455 22.2900009155273 22.2800006866455 22.2800006866455 22.1900005340576 22.0900001525879 22.1800003051758 22.1800003051758 22.1800003051758 22.2800006866455 22.3799991607666 22.4799995422363 22.4799995422363 22.5699996948242 22.4799995422363 22.3799991607666 22.3799991607666 22.3799991607666 22.4799995422363
22.0900001525879 22.0900001525879 22.1900005340576 22.1900005340576 22.1900005340576 22.1900005340576 22.1900005340576 22.1900005340576 22.0900001525879 22.0900001525879 22.0900001525879 22.0900001525879 22.0900001525879 21.9899997711182 21.9899997711182 21.9899997711182 22.1000003814697 22.1900005340576 22.2000007629395 22.1900005340576 22.1900005340576 22.0900001525879 22.1900005340576 22.1900005340576 22.1800003051758 22.1900005340576 22.1900005340576 22.1900005340576 22.2800006866455 22.2800006866455 22.1900005340576 22.0900001525879 22.1800003051758 22.0900001525879 22.0799999237061 22.1800003051758 22.2800006866455 22.2800006866455 22.3799991607666 22.4799995422363 22.5799999237061 22.5799999237061 22.6800003051758 22.5799999237061 22.3799991607666 22.4699993133545 22.5699996948242
22.0967998504639 22.1900005340576 22.2000007629395 22.2900009155273 22.2900009155273 22.2900009155273 22.2900009155273 22.2900009155273 22.2900009155273 22.2900009155273 22.2900009155273 22.1900005340576 22.0900001525879 21.8899993896484 21.8899993896484 22 22.1000003814697 22.1900005340576 22.2000007629395 22.2000007629395 22.1900005340576 22.1900005340576 22.1900005340576 22.0900001525879 22.0799999237061 22.1900005340576 22.1800003051758 22.1800003051758 22.1800003051758 22.2800006866455 22.1900005340576 22.1900005340576 22.1800003051758 22.0900001525879 22.1800003051758 22.2800006866455 22.3799991607666 22.2800006866455 22.3799991607666 22.3899993896484 22.5799999237061 22.5799999237061 22.6800003051758 22.6800003051758 22.6700000762939 22.4699993133545 22.4699993133545
22.2000007629395 22.2000007629395 22.2900009155273 22.2900009155273 22.2900009155273 22.2900009155273 22.3899993896484 22.3899993896484 22.3899993896484 22.2900009155273 22.2999992370605 22.2900009155273 22.1900005340576 22.0900001525879 22.0900001525879 22.1900005340576 22.1900005340576 22.1900005340576 22.2900009155273 22.2900009155273 22.2900009155273 22.1900005340576 22.1000003814697 22.1900005340576 22.1900005340576 22.1800003051758 22.1800003051758 22.0799999237061 21.9899997711182 22.0900001525879 22.1900005340576 22.2800006866455 22.1800003051758 22.1800003051758 22.2800006866455 22.3799991607666 22.3799991607666 22.2800006866455 22.2800006866455 22.3799991607666 22.4699993133545 22.4799995422363 22.4799995422363 22.5799999237061 22.6700000762939 22.4799995422363 22.3700008392334
22.1900005340576 22.1900005340576 22.0967998504639 22.0967998504639 22.2900009155273 22.3899993896484 22.3899993896484 22.3999996185303 22.3999996185303 22.3999996185303 22.3899993896484 22.2999992370605 22.2900009155273 22.2900009155273 22.1900005340576 22.1900005340576 22.1000003814697 22.0900001525879 22.0900001525879 22.1000003814697 22.2900009155273 22.2900009155273 22.2900009155273 22.2900009155273 22.2900009155273 22.0900001525879 21.9799995422363 21.9799995422363 22.0900001525879 22.1800003051758 22.2800006866455 22.2800006866455 22.2800006866455 22.2800006866455 22.3799991607666 22.4799995422363 22.3700008392334 22.2800006866455 22.2800006866455 22.3799991607666 22.4699993133545 22.5699996948242 22.5799999237061 22.5699996948242 22.6700000762939 22.5699996948242 22.5699996948242
22.1000003814697 22.1900005340576 22.1968002319336 22.1900005340576 22.1900005340576 22.3899993896484 22.3899993896484 22.4899997711182 22.4899997711182 22.4899997711182 22.4899997711182 22.3899993896484 22.3899993896484 22.2900009155273 22.2900009155273 22.2900009155273 22.0900001525879 21.9899997711182 22.0900001525879 22.0900001525879 22.0900001525879 22.1900005340576 22.1900005340576 22.2900009155273 22.2900009155273 22.1900005340576 22.0900001525879 22.0900001525879 22.0900001525879 22.2800006866455 22.3799991607666 22.3799991607666 22.3700008392334 22.3799991607666 22.4799995422363 22.4799995422363 22.4699993133545 22.4699993133545 22.3700008392334 22.3700008392334 22.5699996948242 22.6700000762939 22.7700004577637 22.7700004577637 22.7700004577637 22.6800003051758 22.6700000762939
22.1968002319336 22.2000007629395 22.2968006134033 22.2968006134033 22.3899993896484 22.3899993896484 22.4899997711182 22.4899997711182 22.5 22.5 22.4899997711182 22.4899997711182 22.3899993896484 22.2999992370605 22.3899993896484 22.3899993896484 22.2900009155273 22.2900009155273 22.1900005340576 22.1000003814697 22.1900005340576 22.2900009155273 22.2900009155273 22.2900009155273 22.2900009155273 22.1900005340576 22.0799999237061 22.1800003051758 22.2800006866455 22.3799991607666 22.4799995422363 22.4799995422363 22.3799991607666 22.4699993133545 22.5699996948242 22.5699996948242 22.5699996948242 22.5699996948242 22.4699993133545 22.5699996948242 22.7700004577637 22.7700004577637 22.8600006103516 22.8799991607666 22.9699993133545 22.8700008392334 22.8700008392334
22.2968006134033 22.2968006134033 22.2999992370605 22.4899997711182 22.4967994689941 22.4899997711182 22.4899997711182 22.2900009155273 22.3999996185303 22.5900001525879 22.4899997711182 22.2900009155273 22.2900009155273 22.2900009155273 22.1900005340576 22.2900009155273 22.2900009155273 22.2999992370605 22.2900009155273 22.2900009155273 22.2999992370605 22.3899993896484 22.3799991607666 22.2800006866455 22.2900009155273 22.1900005340576 22.1900005340576 22.3899993896484 22.4799995422363 22.5799999237061 22.4799995422363 22.4799995422363 22.3799991607666 22.3700008392334 22.4799995422363 22.5699996948242 22.6700000762939 22.6700000762939 22.7700004577637 22.7700004577637 22.7700004577637 22.7700004577637 22.7700004577637 22.8700008392334 22.9799995422363 23.0699996948242 22.9799995422363
22.3999996185303 22.2096996307373 22.309700012207 22.5900001525879 22.5967998504639 22.4899997711182 22.4899997711182 22.4899997711182 22.5 22.4899997711182 22.3899993896484 22.2900009155273 22.1900005340576 22.1900005340576 22.1900005340576 22.1968002319336 22.2999992370605 22.2999992370605 22.2900009155273 22.2900009155273 22.3899993896484 22.3899993896484 22.2900009155273 22.2800006866455 22.2900009155273 22.2900009155273 22.2900009155273 22.3799991607666 22.3899993896484 22.4799995422363 22.4699993133545 22.3799991607666 22.4699993133545 22.4699993133545 22.5799999237061 22.6700000762939 22.6700000762939 22.6700000762939 22.7700004577637 22.7700004577637 22.6700000762939 22.6700000762939 22.7700004577637 22.9699993133545 23.0699996948242 23.0699996948242 23.0699996948242
22.3967990875244 22.2096996307373 22.4967994689941 22.5967998504639 22.6900005340576 22.5900001525879 22.5 22.5967998504639 22.5 22.5 22.3999996185303 22.2999992370605 22.3899993896484 22.2968006134033 22.2900009155273 22.3899993896484 22.3899993896484 22.2968006134033 22.2900009155273 22.2900009155273 22.2900009155273 22.2900009155273 22.2800006866455 22.3799991607666 22.3899993896484 22.3899993896484 22.4799995422363 22.4799995422363 22.4799995422363 22.5699996948242 22.4799995422363 22.4799995422363 22.5799999237061 22.4799995422363 22.5699996948242 22.5699996948242 22.6700000762939 22.6700000762939 22.6700000762939 22.7600002288818 22.7600002288818 22.7700004577637 22.7700004577637 22.8700008392334 22.9699993133545 23.0699996948242 23.0699996948242
22.309700012207 22.4967994689941 22.6968002319336 22.7900009155273 22.7000007629395 22.7000007629395 22.7000007629395 22.7000007629395 22.6000003814697 22.5900001525879 22.5 22.4899997711182 22.4899997711182 22.3999996185303 22.3967990875244 22.4967994689941 22.3967990875244 22.4899997711182 22.4899997711182 22.4899997711182 22.4899997711182 22.4899997711182 22.4799995422363 22.5799999237061 22.5799999237061 22.5799999237061 22.5799999237061 22.6800003051758 22.6700000762939 22.6700000762939 22.6700000762939 22.5699996948242 22.5799999237061 22.6700000762939 22.6700000762939 22.7600002288818 22.7600002288818 22.7600002288818 22.7700004577637 22.8700008392334 22.8700008392334 22.8700008392334 22.8700008392334 22.9599990844727 22.9699993133545 23.0599994659424 23.1700000762939
22.4967994689941 22.7096996307373 22.7968006134033 22.7999992370605 22.7999992370605 22.7999992370605 22.7999992370605 22.7999992370605 22.7900009155273 22.6968002319336 22.6000003814697 22.6000003814697 22.6000003814697 22.5967998504639 22.5 22.5 22.5967998504639 22.4967994689941 22.5900001525879 22.5900001525879 22.6000003814697 22.3967990875244 22.4899997711182 22.5799999237061 22.5900001525879 22.6800003051758 22.6800003051758 22.6800003051758 22.6800003051758 22.7700004577637 22.7700004577637 22.7700004577637 22.6800003051758 22.6800003051758 22.8700008392334 22.8600006103516 22.9599990844727 22.8600006103516 22.8600006103516 22.9599990844727 23.0599994659424 22.9599990844727 22.9699993133545 22.9699993133545 23.0699996948242 23.0699996948242 23.1599998474121
22.6096992492676 22.7968006134033 22.7000007629395 22.7999992370605 22.8999996185303 22.8967990875244 22.8967990875244 22.8999996185303 22.8999996185303 22.7999992370605 22.7096996307373 22.7000007629395 22.7968006134033 22.6968002319336 22.6096992492676 22.6968002319336 22.7000007629395 22.6968002319336 22.6968002319336 22.6968002319336 22.6968002319336 22.6900005340576 22.5967998504639 22.6900005340576 22.7800006866455 22.7800006866455 22.7800006866455 22.7700004577637 22.7700004577637 22.7700004577637 22.6800003051758 22.7800006866455 22.8700008392334 22.6700000762939 22.7700004577637 22.9699993133545 23.0599994659424 22.9599990844727 22.9599990844727 23.0499992370605 23.1599998474121 23.0599994659424 23.1599998474121 23.2600002288818 23.2700004577637 23.2600002288818 23.2700004577637
