ENMTML/All_vars/Predictors/EUR_b1_19/bio5.asc
NCOLS 411 
NROWS 214 
XLLCORNER -11.5 
YLLCORNER 35.666666666112 
CELLSIZE 0.166666666666667 
NODATA_value -3.4e+38 
[rows 63 to 83 of 214, columns 94 to 140 of 411]
-3.4e+38 -3.4e+38 -3.4e+38 -3.4e+38 17.0065002441406 17.0226001739502 16.9419002532959 15.1612997055054 15.1999998092651 15.3871002197266 13.8741998672485 13.8741998672485 12.56130027771 14.3484001159668 14.5483999252319 13.5354995727539 12.7355003356934 12.4225997924805 11.4097003936768 11.0096998214722 11.5967998504639 11.6968002319336 12.871000289917 12.9709997177124 12.9709997177124 14.1581001281738 15.3451995849609 16.9400005340576 17.4400005340576 16.8500003814697 15.7399997711182 16.75 18.1499996185303 18.8500003814697 18.3500003814697 18.8500003814697 19.75 18.9500007629395 19.4400005340576 20.1499996185303 20.4500007629395 20.5499992370605 20.25 19.6399993896484 19.2600002288818 19.6599998474121 19.4500007629395
-3.4e+38 -3.4e+38 -3.4e+38 -3.4e+38 -3.4e+38 17.0419006347656 16.9806003570557 17.1000003814697 16.1870994567871 15.2870998382568 14.3871002197266 14.3741998672485 14.1484003067017 14.8484001159668 14.9355001449585 14.7225999832153 15.1225996017456 12.7225999832153 12.2096996307373 10.4225997924805 11.1097002029419 11.6968002319336 12.1838998794556 13.8838996887207 15.1581001281738 15.5580997467041 15.9581003189087 15.9451999664307 16.6399993896484 18.6399993896484 16.6399993896484 16.6499996185303 16.8500003814697 18.8400001525879 19.8400001525879 19.3400001525879 20.0400009155273 19.5400009155273 19.0499992370605 19.0400009155273 18.75 19.1399993896484 20.0499992370605 19.1499996185303 18.75 18.9500007629395 19.8600006103516
-3.4e+38 -3.4e+38 -3.4e+38 -3.4e+38 -3.4e+38 17.1418991088867 17.0806007385254 16.3999996185303 15.6871004104614 15.8741998672485 14.0741996765137 14.2613000869751 14.8613004684448 14.6484003067017 15.2483997344971 14.6354999542236 12.7355003356934 14.3226003646851 13.309700012207 12.9097003936768 12.4097003936768 12.8968000411987 13.0839004516602 13.3838996887207 14.0839004516602 14.858099937439 15.2580995559692 15.7452001571655 15.5452003479004 15.1451997756958 17.5400009155273 17.9400005340576 18.1399993896484 17.7399997711182 17.8400001525879 19.8400001525879 19.5400009155273 20.5400009155273 19.0400009155273 18.2399997711182 18.6399993896484 19.6399993896484 19.9400005340576 19.4500007629395 19.9500007629395 19.25 19.4500007629395
-3.4e+38 -3.4e+38 -3.4e+38 -3.4e+38 -3.4e+38 17.0419006347656 17.3999996185303 16.9871006011963 16.5870990753174 15.8741998672485 15.4742002487183 16.1613006591797 14.8484001159668 12.6484003067017 14.1354999542236 11.4483995437622 11.4483995437622 11.9355001449585 11.6354999542236 11.8226003646851 12.309700012207 12.4968004226685 12.6968002319336 12.8968000411987 13.0710000991821 13.3838996887207 14.0710000991821 14.9581003189087 16.5452003479004 16.8451995849609 16.6452007293701 16.8451995849609 18.6452007293701 19.7399997711182 20.0400009155273 20.0400009155273 20.3400001525879 19.75 19.0400009155273 19.0400009155273 19.25 20.2399997711182 20.2399997711182 19.9500007629395 20.0499992370605 19.9500007629395 19.4599990844727
-3.4e+38 -3.4e+38 -3.4e+38 -3.4e+38 -3.4e+38 -3.4e+38 17.0806007385254 17.1000003814697 16.4871006011963 16.8742008209229 16.8742008209229 15.2613000869751 13.1612997055054 11.06130027771 13.9483995437622 11.4483995437622 10.7483997344971 11.0354995727539 11.6225996017456 11.9225997924805 12.2096996307373 12.4225997924805 12.309700012207 12.4968004226685 12.9968004226685 13.1838998794556 14.0710000991821 15.6581001281738 14.9709997177124 17.8451995849609 17.8581008911133 18.8451995849609 19.9451999664307 20.2322998046875 20.0452003479004 20.7399997711182 20.9451999664307 19.0400009155273 19.1399993896484 19.5499992370605 19.9500007629395 20.4500007629395 20.3500003814697 20.25 19.7600002288818 19.4500007629395 19.1599998474121
-3.4e+38 -3.4e+38 -3.4e+38 -3.4e+38 -3.4e+38 -3.4e+38 16.9806003570557 15.8805999755859 16.5870990753174 16.3871002197266 14.987099647522 14.1742000579834 12.5741996765137 13.06130027771 13.7483997344971 12.1484003067017 12.2483997344971 10.7483997344971 11.7355003356934 12.1354999542236 12.3226003646851 11.309700012207 12.2096996307373 13.1968002319336 13.296799659729 13.4968004226685 14.2839002609253 16.2709999084473 17.2709999084473 16.9580993652344 16.9580993652344 19.0580997467041 19.1581001281738 19.8451995849609 20.3581008911133 18.7451992034912 19.8451995849609 20.0452003479004 20.6399993896484 20.6599998474121 20.0699996948242 20.25 20.0599994659424 19.7600002288818 19.7600002288818 19.5499992370605 19.7600002288818
-3.4e+38 -3.4e+38 -3.4e+38 -3.4e+38 -3.4e+38 -3.4e+38 16.7612991333008 16.7805995941162 -3.4e+38 17.0870990753174 15.987099647522 15.4742002487183 13.6742000579834 13.4612998962402 12.7613000869751 13.4483995437622 11.9483995437622 11.6484003067017 12.5354995727539 13.4225997924805 14.0096998214722 13.6097002029419 13.1097002029419 14.796799659729 14.1968002319336 13.6968002319336 14.6968002319336 15.5839004516602 16.6709995269775 18.6709995269775 17.4710006713867 17.871000289917 18.9710006713867 19.4580993652344 20.1581001281738 19.3581008911133 20.2581005096436 20.2581005096436 20.6499996185303 20.5599994659424 20.0699996948242 19.8600006103516 20.0599994659424 19.9500007629395 19.6599998474121 19.6599998474121 19.5599994659424
-3.4e+38 -3.4e+38 -3.4e+38 -3.4e+38 -3.4e+38 -3.4e+38 16.6418991088867 16.7612991333008 16.1805992126465 15.8999996185303 15.7870998382568 14.487099647522 14.9742002487183 14.9612998962402 14.2483997344971 14.3484001159668 12.8484001159668 12.4355001449585 12.7483997344971 13.3354997634888 11.9355001449585 13.9225997924805 15.5226001739502 15.0096998214722 15.296799659729 15.5967998504639 16.1968002319336 15.5967998504639 17.2968006134033 18.783899307251 19.4839000701904 18.0709991455078 18.3838996887207 19.0839004516602 18.8838996887207 19.4710006713867 20.0709991455078 20.0580997467041 19.9580993652344 20.3581008911133 20.1599998474121 19.9599990844727 19.9599990844727 19.7600002288818 19.7600002288818 19.6599998474121 19.7600002288818
-3.4e+38 -3.4e+38 -3.4e+38 -3.4e+38 -3.4e+38 -3.4e+38 16.4419002532959 16.4612998962402 16.5806007385254 15.9806003570557 15.987099647522 16.3871002197266 15.7742004394531 15.0741996765137 14.06130027771 12.2613000869751 12.0483999252319 11.6484003067017 12.7483997344971 13.5483999252319 12.2355003356934 14.3226003646851 15.5226001739502 16.4097003936768 16.8225994110107 17.1096992492676 17.4967994689941 17.5097007751465 17.5967998504639 19.1968002319336 19.2968006134033 17.5967998504639 17.6839008331299 17.8838996887207 18.9967994689941 19.4839000701904 19.8838996887207 19.9967994689941 -3.4e+38 20.1839008331299 20.0709991455078 19.783899307251 19.871000289917 19.7600002288818 19.5709991455078 19.7709999084473 19.9710006713867
-3.4e+38 -3.4e+38 -3.4e+38 -3.4e+38 -3.4e+38 -3.4e+38 16.3225994110107 16.5419006347656 -3.4e+38 -3.4e+38 16.6000003814697 16.3999996185303 15.487099647522 14.8871002197266 13.2742004394531 12.2613000869751 12.2613000869751 12.2483997344971 12.9483995437622 13.9483995437622 13.7483997344971 14.2355003356934 15.1354999542236 16.2226009368896 14.8226003646851 16.8225994110107 16.6226005554199 17.6096992492676 17.809700012207 18.9967994689941 19.4097003936768 19.5097007751465 19.4967994689941 18.9967994689941 19.3967990875244 19.4967994689941 19.6968002319336 19.809700012207 -3.4e+38 19.8967990875244 19.8967990875244 19.9839000701904 19.783899307251 19.5839004516602 19.4839000701904 19.7709999084473 19.871000289917
-3.4e+38 -3.4e+38 -3.4e+38 -3.4e+38 -3.4e+38 -3.4e+38 -3.4e+38 -3.4e+38 -3.4e+38 16.5806007385254 16.6000003814697 15.6999998092651 15 14.2870998382568 13.3741998672485 12.6742000579834 13.4612998962402 12.3613004684448 12.6484003067017 13.5483999252319 14.9483995437622 14.1354999542236 14.8354997634888 15.8354997634888 15.8354997634888 16.4354991912842 16.6226005554199 17.1226005554199 18.4225997924805 19.0226001739502 19.1096992492676 19.4097003936768 19.6096992492676 19.5226001739502 19.4225997924805 19.6096992492676 19.6226005554199 -3.4e+38 -3.4e+38 -3.4e+38 19.7096996307373 19.7968006134033 19.7968006134033 19.6968002319336 19.3838996887207 19.3967990875244 19.6839008331299
-3.4e+38 -3.4e+38 -3.4e+38 -3.4e+38 -3.4e+38 -3.4e+38 -3.4e+38 -3.4e+38 16.56130027771 16.4806003570557 16.2805995941162 16 14.8000001907349 13.3871002197266 12.7870998382568 13.2870998382568 13.7742004394531 13.2742004394531 13.1612997055054 13.56130027771 14.8484001159668 15.56130027771 14.9483995437622 15.3484001159668 16.1483993530273 16.9354991912842 17.8355007171631 17.3355007171631 18.1354999542236 18.9354991912842 19.1354999542236 19.4354991912842 19.5354995727539 -3.4e+38 -3.4e+38 -3.4e+38 -3.4e+38 -3.4e+38 -3.4e+38 -3.4e+38 -3.4e+38 -3.4e+38 19.7096996307373 19.4967994689941 19.3967990875244 19.2968006134033 19.5839004516602
-3.4e+38 -3.4e+38 -3.4e+38 -3.4e+38 -3.4e+38 -3.4e+38 -3.4e+38 -3.4e+38 16.5419006347656 16.2612991333008 15.6806001663208 15 14.6000003814697 13.8999996185303 13.6871004104614 14.487099647522 13.8741998672485 13.4742002487183 13.4612998962402 14.4612998962402 14.9612998962402 15.8613004684448 15.3613004684448 16.1613006591797 16.8484001159668 17.3612995147705 17.9484004974365 18.0484008789062 18.5484008789062 19.1483993530273 19.3484001159668 -3.4e+38 -3.4e+38 -3.4e+38 -3.4e+38 -3.4e+38 -3.4e+38 -3.4e+38 -3.4e+38 -3.4e+38 -3.4e+38 -3.4e+38 19.6226005554199 19.4097003936768 19.4225997924805 19.4097003936768 19.5967998504639
-3.4e+38 -3.4e+38 -3.4e+38 -3.4e+38 -3.4e+38 -3.4e+38 -3.4e+38 -3.4e+38 -3.4e+38 16.0419006347656 15.7613000869751 15.9806003570557 15.0805997848511 14.8000001907349 14.8000001907349 15.3871002197266 15.0871000289917 14.6871004104614 14.1742000579834 15.3741998672485 15.7742004394531 16.5741996765137 15.9742002487183 16.5741996765137 17.56130027771 17.6613006591797 18.06130027771 18.6613006591797 19.06130027771 19.2612991333008 -3.4e+38 -3.4e+38 -3.4e+38 -3.4e+38 -3.4e+38 -3.4e+38 -3.4e+38 -3.4e+38 -3.4e+38 -3.4e+38 -3.4e+38 -3.4e+38 19.6226005554199 19.5226001739502 19.4354991912842 19.5097007751465 19.6226005554199
-3.4e+38 -3.4e+38 -3.4e+38 -3.4e+38 -3.4e+38 -3.4e+38 -3.4e+38 -3.4e+38 -3.4e+38 -3.4e+38 16.6805992126465 16.2805995941162 16.0806007385254 15.5 16 15.8999996185303 15.987099647522 15.3871002197266 15.7870998382568 16.3871002197266 16.2870998382568 16.4871006011963 16.8742008209229 17.0741996765137 17.2742004394531 17.7612991333008 18.5741996765137 19.06130027771 -3.4e+38 -3.4e+38 -3.4e+38 -3.4e+38 -3.4e+38 -3.4e+38 -3.4e+38 -3.4e+38 -3.4e+38 -3.4e+38 -3.4e+38 -3.4e+38 -3.4e+38 -3.4e+38 19.4484004974365 19.5354995727539 19.6354999542236 19.6226005554199 19.7226009368896
-3.4e+38 -3.4e+38 -3.4e+38 -3.4e+38 -3.4e+38 -3.4e+38 -3.4e+38 -3.4e+38 -3.4e+38 -3.4e+38 -3.4e+38 -3.4e+38 -3.4e+38 16.1805992126465 16.3805999755859 16.6000003814697 16.0870990753174 15.987099647522 16.1870994567871 16.4871006011963 16.7870998382568 16.7870998382568 17.2870998382568 17.6742000579834 18.0741996765137 18.4741992950439 -3.4e+38 -3.4e+38 -3.4e+38 -3.4e+38 -3.4e+38 -3.4e+38 -3.4e+38 -3.4e+38 -3.4e+38 -3.4e+38 -3.4e+38 -3.4e+38 -3.4e+38 -3.4e+38 -3.4e+38 -3.4e+38 -3.4e+38 19.5484008789062 19.5484008789062 19.7483997344971 19.8355007171631
-3.4e+38 -3.4e+38 -3.4e+38 -3.4e+38 -3.4e+38 -3.4e+38 -3.4e+38 -3.4e+38 -3.4e+38 -3.4e+38 -3.4e+38 -3.4e+38 -3.4e+38 -3.4e+38 -3.4e+38 16.8805999755859 16.8805999755859 17.1000003814697 16.8999996185303 17 17.3999996185303 17.3999996185303 17.7870998382568 -3.4e+38 -3.4e+38 -3.4e+38 -3.4e+38 -3.4e+38 -3.4e+38 -3.4e+38 -3.4e+38 -3.4e+38 -3.4e+38 -3.4e+38 -3.4e+38 -3.4e+38 -3.4e+38 -3.4e+38 -3.4e+38 -3.4e+38 -3.4e+38 -3.4e+38 -3.4e+38 -3.4e+38 19.56130027771 19.8484001159668 19.8355007171631
-3.4e+38 -3.4e+38 -3.4e+38 -3.4e+38 -3.4e+38 -3.4e+38 -3.4e+38 -3.4e+38 -3.4e+38 -3.4e+38 -3.4e+38 -3.4e+38 -3.4e+38 -3.4e+38 -3.4e+38 -3.4e+38 -3.4e+38 -3.4e+38 -3.4e+38 -3.4e+38 -3.4e+38 -3.4e+38 -3.4e+38 -3.4e+38 -3.4e+38 -3.4e+38 -3.4e+38 -3.4e+38 -3.4e+38 -3.4e+38 -3.4e+38 -3.4e+38 -3.4e+38 -3.4e+38 -3.4e+38 -3.4e+38 -3.4e+38 -3.4e+38 -3.4e+38 -3.4e+38 -3.4e+38 -3.4e+38 -3.4e+38 -3.4e+38 19.5741996765137 19.8612995147705 20.0354995727539
-3.4e+38 -3.4e+38 -3.4e+38 -3.4e+38 -3.4e+38 -3.4e+38 -3.4e+38 -3.4e+38 -3.4e+38 -3.4e+38 -3.4e+38 -3.4e+38 -3.4e+38 -3.4e+38 -3.4e+38 -3.4e+38 -3.4e+38 -3.4e+38 -3.4e+38 -3.4e+38 -3.4e+38 -3.4e+38 -3.4e+38 -3.4e+38 -3.4e+38 -3.4e+38 -3.4e+38 -3.4e+38 -3.4e+38 -3.4e+38 -3.4e+38 -3.4e+38 -3.4e+38 -3.4e+38 -3.4e+38 -3.4e+38 -3.4e+38 -3.4e+38 -3.4e+38 -3.4e+38 -3.4e+38 -3.4e+38 -3.4e+38 -3.4e+38 -3.4e+38 19.6870994567871 20.1613006591797
-3.4e+38 -3.4e+38 -3.4e+38 -3.4e+38 -3.4e+38 -3.4e+38 -3.4e+38 -3.4e+38 -3.4e+38 -3.4e+38 -3.4e+38 -3.4e+38 -3.4e+38 -3.4e+38 -3.4e+38 -3.4e+38 -3.4e+38 -3.4e+38 -3.4e+38 -3.4e+38 -3.4e+38 -3.4e+38 -3.4e+38 -3.4e+38 -3.4e+38 -3.4e+38 -3.4e+38 -3.4e+38 -3.4e+38 -3.4e+38 -3.4e+38 -3.4e+38 -3.4e+38 -3.4e+38 19.2870998382568 19.2000007629395 19.1870994567871 19.0870990753174 -3.4e+38 -3.4e+38 -3.4e+38 -3.4e+38 -3.4e+38 -3.4e+38 -3.4e+38 -3.4e+38 20.0741996765137
-3.4e+38 -3.4e+38 -3.4e+38 -3.4e+38 -3.4e+38 -3.4e+38 -3.4e+38 -3.4e+38 -3.4e+38 -3.4e+38 -3.4e+38 -3.4e+38 -3.4e+38 -3.4e+38 -3.4e+38 -3.4e+38 -3.4e+38 -3.4e+38 -3.4e+38 -3.4e+38 -3.4e+38 -3.4e+38 -3.4e+38 -3.4e+38 -3.4e+38 -3.4e+38 -3.4e+38 -3.4e+38 -3.4e+38 -3.4e+38 -3.4e+38 -3.4e+38 -3.4e+38 19.4871006011963 19.3999996185303 19.2999992370605 19.1000003814697 19.0870990753174 -3.4e+38 -3.4e+38 -3.4e+38 -3.4e+38 -3.4e+38 -3.4e+38 -3.4e+38 -3.4e+38 20.1742000579834
