ENMTML/All_vars/Predictors/EUR_b1_19/bio5.asc
NCOLS 411 
NROWS 214 
XLLCORNER -11.5 
YLLCORNER 35.666666666112 
CELLSIZE 0.166666666666667 
NODATA_value -3.4e+38 
[rows 105 to 125 of 214, columns 235 to 281 of 411]
22.809700012207 22.9097003936768 22.8999996185303 22.9099998474121 22.9967994689941 22.9899997711182 22.8999996185303 23 23 22.9099998474121 22.8999996185303 22.8999996185303 22.8099994659424 22.809700012207 22.809700012207 22.8967990875244 22.7999992370605 22.7999992370605 22.8899993896484 22.8838996887207 22.7968006134033 22.7900009155273 22.7968006134033 22.8899993896484 22.8899993896484 22.8799991607666 22.8799991607666 22.8700008392334 22.8700008392334 22.8799991607666 22.8799991607666 22.7800006866455 22.9699993133545 22.9699993133545 22.8700008392334 22.9699993133545 23.1599998474121 23.1599998474121 23.1599998474121 23.1599998474121 23.25 23.2600002288818 23.2600002288818 23.2600002288818 23.2600002288818 23.3700008392334 23.2600002288818
22.9097003936768 23.0097007751465 23.0100002288818 23.1000003814697 23.1000003814697 23.1000003814697 23.0100002288818 23.1000003814697 23.1000003814697 23.1000003814697 23.0967998504639 23 23 23 23 23.0097007751465 23 22.9967994689941 22.9097003936768 22.9967994689941 22.9899997711182 22.9899997711182 22.9899997711182 22.9899997711182 22.9839000701904 22.9799995422363 22.8899993896484 22.8799991607666 22.9799995422363 22.9799995422363 23.0699996948242 23.0699996948242 22.9699993133545 22.9699993133545 22.9699993133545 23.1599998474121 23.2600002288818 23.1599998474121 23.1599998474121 23.25 23.3500003814697 23.3500003814697 23.2600002288818 23.3600006103516 23.3600006103516 23.4599990844727 23.2700004577637
23.0097007751465 23.1096992492676 23.1100006103516 23.2000007629395 23.2000007629395 23.2000007629395 23.2000007629395 23.2000007629395 23.2000007629395 23.2096996307373 23.1968002319336 23.1000003814697 23.1000003814697 23.1968002319336 23.1000003814697 23.1096992492676 23.1000003814697 23.1000003814697 23.0967998504639 23.0967998504639 23.0967998504639 23.0900001525879 23.0839004516602 22.9967994689941 22.9899997711182 23.0839004516602 23.0799999237061 23.0799999237061 23.0799999237061 23.1800003051758 23.1800003051758 23.1800003051758 23.1700000762939 23.1599998474121 23.1599998474121 23.1599998474121 23.2600002288818 23.3500003814697 23.3500003814697 23.3500003814697 23.4500007629395 23.3600006103516 23.4500007629395 23.4599990844727 23.5599994659424 23.4599990844727 23.3700008392334
23.0100002288818 23.1096992492676 23.2000007629395 23.2096996307373 23.2099990844727 23.2999992370605 23.2999992370605 23.2999992370605 23.3099994659424 23.2999992370605 23.2999992370605 23.2999992370605 23.2999992370605 23.2999992370605 23.2096996307373 23.2968006134033 23.2096996307373 23.1968002319336 23.1968002319336 23.2000007629395 23.1096992492676 23.1839008331299 23.1839008331299 23.1900005340576 23.1900005340576 23.283899307251 23.1900005340576 23.2800006866455 23.2800006866455 23.2800006866455 23.2800006866455 23.2700004577637 23.2600002288818 23.2700004577637 23.2600002288818 23.3500003814697 23.3500003814697 23.3500003814697 23.3500003814697 23.5400009155273 23.6499996185303 23.5499992370605 23.5499992370605 23.5599994659424 23.4699993133545 23.4599990844727 23.4699993133545
23.2099990844727 23.2000007629395 23.2999992370605 23.3099994659424 23.3099994659424 23.3999996185303 23.3999996185303 23.3999996185303 23.4099998474121 23.5 23.4099998474121 23.5 23.5 23.5 23.5 23.3999996185303 23.2999992370605 23.2999992370605 23.2968006134033 23.3967990875244 23.2096996307373 23.2968006134033 23.3838996887207 23.3838996887207 23.3838996887207 23.2900009155273 23.283899307251 23.3799991607666 23.3700008392334 23.3799991607666 23.3700008392334 23.3700008392334 23.3600006103516 23.3600006103516 23.4599990844727 23.5499992370605 23.4599990844727 23.4500007629395 23.6499996185303 23.6499996185303 23.6499996185303 23.6499996185303 23.5599994659424 23.5599994659424 23.5599994659424 23.4599990844727 23.4699993133545
23.309700012207 23.3099994659424 23.4099998474121 23.3099994659424 23.3999996185303 23.4099998474121 23.5100002288818 23.5100002288818 23.5 23.6000003814697 23.6000003814697 23.6100006103516 23.6000003814697 23.6000003814697 23.6000003814697 23.6000003814697 23.5 23.4097003936768 23.3999996185303 23.4967994689941 23.3967990875244 23.3967990875244 23.4967994689941 23.4839000701904 23.3967990875244 23.4839000701904 23.4839000701904 23.4799995422363 23.4710006713867 23.371000289917 23.3700008392334 23.3700008392334 23.3700008392334 23.5599994659424 23.6599998474121 23.6499996185303 23.5599994659424 23.5599994659424 23.75 23.6499996185303 23.6499996185303 23.6499996185303 23.6599998474121 23.6499996185303 23.6499996185303 23.5599994659424 23.5699996948242
23.4099998474121 23.5100002288818 23.5100002288818 23.6000003814697 23.6000003814697 23.6100006103516 23.7000007629395 23.6100006103516 23.7000007629395 23.7000007629395 23.7099990844727 23.7099990844727 23.7099990844727 23.7999992370605 23.7999992370605 23.7000007629395 23.6000003814697 23.5967998504639 23.5097007751465 23.5967998504639 23.5097007751465 23.5097007751465 23.5967998504639 23.5967998504639 23.5967998504639 23.5967998504639 23.5839004516602 23.4839000701904 23.4839000701904 23.4710006713867 23.4599990844727 23.4599990844727 23.5599994659424 23.6599998474121 23.6700000762939 23.6599998474121 23.6599998474121 23.6599998474121 23.8600006103516 23.7600002288818 23.7600002288818 23.75 23.6599998474121 23.5599994659424 23.6599998474121 23.5599994659424 23.6599998474121
23.5100002288818 23.5100002288818 23.6000003814697 23.6100006103516 23.7099990844727 23.7099990844727 23.7099990844727 23.7999992370605 23.7999992370605 23.8099994659424 23.8999996185303 23.8999996185303 23.9099998474121 23.8999996185303 23.8999996185303 23.7999992370605 23.7000007629395 23.7000007629395 23.6968002319336 23.6096992492676 23.6096992492676 23.6096992492676 23.6096992492676 23.6968002319336 23.6968002319336 23.5967998504639 23.5839004516602 23.5839004516602 23.5839004516602 23.5839004516602 23.5839004516602 23.6709995269775 23.7700004577637 23.8700008392334 23.7600002288818 23.7600002288818 23.8600006103516 23.8700008392334 23.8600006103516 23.7600002288818 23.7600002288818 23.8500003814697 23.7600002288818 23.75 23.6599998474121 23.6599998474121 23.6700000762939
23.6100006103516 23.7000007629395 23.6100006103516 23.6100006103516 23.7099990844727 23.7999992370605 23.8099994659424 23.9099998474121 23.9099998474121 23.9099998474121 24 24 24.1000003814697 24 23.8999996185303 23.8999996185303 23.8999996185303 23.7999992370605 23.7096996307373 23.7096996307373 23.7096996307373 23.7096996307373 23.7968006134033 23.7968006134033 23.6968002319336 23.6968002319336 23.5967998504639 23.6839008331299 23.783899307251 23.783899307251 23.6839008331299 23.7709999084473 23.7709999084473 23.9599990844727 23.9699993133545 23.9699993133545 23.9699993133545 23.9699993133545 23.9599990844727 23.9599990844727 23.9599990844727 23.8600006103516 23.8500003814697 23.8600006103516 23.7600002288818 23.6709995269775 23.7709999084473
23.7096996307373 23.7099990844727 23.7099990844727 23.7999992370605 23.8999996185303 23.8999996185303 24 24.0100002288818 24.0100002288818 24.1000003814697 24.1000003814697 24.1000003814697 24.1100006103516 24.2000007629395 24.1000003814697 24.1000003814697 24 24 23.9097003936768 23.9097003936768 23.809700012207 23.7968006134033 23.7968006134033 23.809700012207 23.809700012207 23.8967990875244 23.8838996887207 23.7968006134033 23.9839000701904 23.8838996887207 23.8838996887207 23.8838996887207 23.8838996887207 23.9710006713867 24.1709995269775 24.0709991455078 24.0599994659424 23.9710006713867 23.9599990844727 24.0580997467041 23.9710006713867 23.9599990844727 23.9580993652344 23.8600006103516 23.8600006103516 23.8838996887207 23.9839000701904
23.8099994659424 23.8099994659424 23.9099998474121 23.9099998474121 24 24 24.0100002288818 24.0100002288818 24.0100002288818 24.1000003814697 24.2000007629395 24.2000007629395 24.2000007629395 24.2000007629395 24.2000007629395 24.1000003814697 24.1000003814697 24.0097007751465 24.0967998504639 24.0097007751465 23.9097003936768 23.9097003936768 23.8967990875244 23.8967990875244 23.9967994689941 24.0967998504639 24.0967998504639 24.0967998504639 23.9967994689941 24.0839004516602 23.9967994689941 23.9839000701904 23.9839000701904 24.1709995269775 24.1839008331299 24.1709995269775 24.0709991455078 23.9710006713867 23.9710006713867 23.9580993652344 24.0580997467041 24.0709991455078 23.9710006713867 24.0709991455078 24.0709991455078 24.0839004516602 23.9839000701904
23.8099994659424 23.8099994659424 23.8999996185303 23.9099998474121 24.0100002288818 23.9099998474121 24 24.0100002288818 24.0100002288818 24.0100002288818 24.2000007629395 24.2999992370605 24.3099994659424 24.2999992370605 24.2999992370605 24.2999992370605 24.2000007629395 24.1096992492676 24.1968002319336 24.2096996307373 24.1096992492676 24.0097007751465 24.0967998504639 24.1096992492676 24.1968002319336 24.2968006134033 24.2968006134033 24.1968002319336 24.1968002319336 24.0967998504639 24.0839004516602 24.0839004516602 24.1839008331299 24.283899307251 24.283899307251 24.1839008331299 24.1709995269775 24.1709995269775 24.0839004516602 23.9839000701904 23.9839000701904 24.0709991455078 23.9839000701904 24.1709995269775 24.1839008331299 24.0839004516602 23.9839000701904
23.809700012207 23.8099994659424 23.8999996185303 24 24.0100002288818 24.0100002288818 24.1000003814697 24.1100006103516 24.2000007629395 24.2000007629395 24.2999992370605 24.3999996185303 24.3999996185303 24.3999996185303 24.3999996185303 24.3999996185303 24.3999996185303 24.309700012207 24.2968006134033 24.1968002319336 24.1096992492676 24.2968006134033 24.2968006134033 24.309700012207 24.3967990875244 24.3967990875244 24.3967990875244 24.309700012207 24.2968006134033 24.2968006134033 24.1968002319336 24.0967998504639 24.2968006134033 24.3967990875244 24.2968006134033 24.1968002319336 24.1839008331299 24.1839008331299 24.1839008331299 24.283899307251 24.1839008331299 24.0967998504639 24.1839008331299 24.283899307251 24.3838996887207 24.1968002319336 24.0967998504639
23.8999996185303 23.9097003936768 24 24 24.0097007751465 24.0100002288818 24.1000003814697 24.2000007629395 24.2000007629395 24.2999992370605 24.3099994659424 24.3999996185303 24.4099998474121 24.5 24.4099998474121 24.4097003936768 24.4967994689941 24.4097003936768 24.2968006134033 24.2096996307373 24.309700012207 24.309700012207 24.4967994689941 24.5097007751465 24.4967994689941 24.4097003936768 24.4097003936768 24.4967994689941 24.4967994689941 24.5097007751465 24.5097007751465 24.5967998504639 24.5967998504639 24.5097007751465 24.3967990875244 24.309700012207 24.2968006134033 24.3967990875244 24.3967990875244 24.2968006134033 24.2968006134033 24.283899307251 24.3967990875244 24.3838996887207 24.1968002319336 24.1968002319336 24.1968002319336
23.7999992370605 23.8999996185303 23.809700012207 23.6968002319336 23.809700012207 23.9097003936768 24.0097007751465 24.1000003814697 24.1100006103516 24.2000007629395 24.2000007629395 24.2999992370605 24.3999996185303 24.4099998474121 24.5097007751465 24.5097007751465 24.5097007751465 24.5967998504639 24.4967994689941 24.4097003936768 24.4097003936768 24.6096992492676 24.6096992492676 24.6096992492676 24.6096992492676 24.6096992492676 24.6968002319336 24.7096996307373 24.7096996307373 24.7096996307373 24.7096996307373 24.7096996307373 24.6968002319336 24.6096992492676 24.5967998504639 24.5967998504639 24.5967998504639 24.4967994689941 24.4967994689941 24.4967994689941 24.4097003936768 24.3967990875244 24.4097003936768 24.4097003936768 24.2096996307373 24.1968002319336 24.1968002319336
23.809700012207 23.809700012207 23.8967990875244 23.809700012207 23.9097003936768 24.0097007751465 24.1096992492676 24.2096996307373 24.309700012207 24.309700012207 24.3099994659424 24.4097003936768 24.4099998474121 24.5097007751465 24.5097007751465 24.6096992492676 24.6968002319336 24.6968002319336 24.5967998504639 24.6096992492676 24.6968002319336 24.7096996307373 24.7096996307373 24.7096996307373 24.7096996307373 24.7096996307373 24.7096996307373 24.7226009368896 24.809700012207 24.809700012207 24.7968006134033 24.7968006134033 24.809700012207 24.7226009368896 24.7096996307373 24.7096996307373 24.7968006134033 24.7096996307373 24.7096996307373 24.7096996307373 24.5967998504639 24.5967998504639 24.5097007751465 24.5097007751465 24.4967994689941 24.5097007751465 24.309700012207
23.7999992370605 23.809700012207 23.9097003936768 23.9097003936768 24.0097007751465 24.1096992492676 24.2096996307373 24.2096996307373 24.2226009368896 24.2226009368896 24.2226009368896 24.309700012207 24.4097003936768 24.5097007751465 24.6096992492676 24.6096992492676 24.7096996307373 24.7968006134033 24.7096996307373 24.7968006134033 24.7096996307373 24.809700012207 24.809700012207 24.809700012207 24.8967990875244 24.8967990875244 24.9097003936768 24.9097003936768 24.9097003936768 24.8225994110107 24.8225994110107 24.8225994110107 24.8225994110107 24.8225994110107 24.7355003356934 24.7226009368896 24.7226009368896 24.7226009368896 24.6226005554199 24.7096996307373 24.7096996307373 24.6096992492676 24.5967998504639 24.5097007751465 24.5097007751465 24.6096992492676 24.5097007751465
23.809700012207 23.8967990875244 23.9097003936768 23.9225997924805 24.0097007751465 24.1096992492676 24.1226005554199 24.2096996307373 24.2096996307373 24.309700012207 24.309700012207 24.3225994110107 24.4225997924805 24.5226001739502 24.5226001739502 24.6096992492676 24.809700012207 24.8967990875244 24.8967990875244 24.8967990875244 24.8967990875244 24.9097003936768 24.9097003936768 24.9097003936768 24.9967994689941 25.0097007751465 25.0097007751465 24.9225997924805 24.9225997924805 24.9225997924805 24.9225997924805 24.9225997924805 24.9225997924805 24.9225997924805 24.8225994110107 24.8225994110107 24.8225994110107 24.8225994110107 24.8225994110107 24.7226009368896 24.7226009368896 24.7096996307373 24.809700012207 24.809700012207 24.6096992492676 24.6096992492676 24.5097007751465
23.809700012207 23.9097003936768 23.9225997924805 23.9097003936768 24.0097007751465 24.1096992492676 24.2096996307373 24.2226009368896 24.309700012207 24.3225994110107 24.4225997924805 24.5097007751465 24.4225997924805 24.4354991912842 24.5226001739502 24.6226005554199 24.8225994110107 24.9097003936768 24.9967994689941 24.9967994689941 24.9967994689941 25.0097007751465 24.9967994689941 24.9967994689941 25.0097007751465 25.1096992492676 25.1096992492676 25.1096992492676 25.0226001739502 25.0354995727539 25.0226001739502 25.0354995727539 25.0354995727539 25.0226001739502 25.1226005554199 25.1226005554199 25.0226001739502 24.9225997924805 24.9225997924805 24.8355007171631 24.8225994110107 24.8225994110107 25.0097007751465 24.8225994110107 24.809700012207 24.7096996307373 24.6096992492676
23.9097003936768 23.9097003936768 23.9097003936768 23.9225997924805 24.0226001739502 24.1096992492676 24.1226005554199 24.1226005554199 24.2226009368896 24.3225994110107 24.4225997924805 24.4225997924805 24.4225997924805 24.4354991912842 24.4354991912842 24.6226005554199 24.6226005554199 25.0967998504639 24.9967994689941 25.0967998504639 25.1839008331299 25.1096992492676 25.0967998504639 25.1096992492676 25.1968002319336 25.2096996307373 25.2226009368896 25.2226009368896 25.2355003356934 25.2226009368896 25.3225994110107 25.2355003356934 25.1483993530273 25.2483997344971 25.2483997344971 25.1354999542236 25.1354999542236 25.1226005554199 25.1226005554199 25.0226001739502 25.1354999542236 25.1226005554199 24.9225997924805 24.9225997924805 24.9097003936768 24.9225997924805 24.9097003936768
23.9225997924805 23.9097003936768 23.9225997924805 23.9225997924805 24.0226001739502 24.0226001739502 24.1226005554199 24.2226009368896 24.3225994110107 24.3225994110107 24.3225994110107 24.3225994110107 24.3355007171631 24.3355007171631 24.4354991912842 24.5354995727539 24.5354995727539 25.0967998504639 25.0839004516602 25.1839008331299 25.283899307251 25.2968006134033 25.2968006134033 25.2968006134033 25.2968006134033 25.309700012207 25.3225994110107 25.4225997924805 25.4354991912842 25.4354991912842 25.3355007171631 25.3355007171631 25.3484001159668 25.4484004974365 25.4354991912842 25.2483997344971 25.3355007171631 25.2355003356934 25.3225994110107 25.2355003356934 25.2226009368896 25.1226005554199 25.0226001739502 25.1226005554199 25.2096996307373 25.2226009368896 25.2226009368896
