ENMTML/All_vars/Predictors/EUR_b1_19/bio7.asc
NCOLS 411 
NROWS 214 
XLLCORNER -11.5 
YLLCORNER 35.666666666112 
CELLSIZE 0.166666666666667 
NODATA_value -3.4e+38 
[rows 105 to 125 of 214, columns 141 to 187 of 411]
23.8871002197266 24.0741996765137 24.3742008209229 24.7612991333008 24.7612991333008 24.56130027771 24.4612998962402 24.4741992950439 24.6742000579834 24.8871002197266 25.4677505493164 25.8806495666504 26.3709697723389 26.7580699920654 -3.4e+38 26.7451705932617 26.8354892730713 27.1225891113281 27.5193691253662 27.9935703277588 28.3709907531738 28.2838897705078 28.1742095947266 27.8871097564697 27.8000106811523 27.9871101379395 28.4742107391357 29.1709899902344 29.5709896087646 29.6613101959229 29.6645393371582 29.7677593231201 29.7806606292725 29.6709804534912 29.2677593231201 28.8451805114746 28.3548603057861 27.9548606872559 27.7419605255127 27.641960144043 27.6645393371582 28.054859161377 28.3451805114746 28.7451801300049 29.1580791473389 29.5580806732178 29.9354991912842
24.1870994567871 24.3742008209229 24.56130027771 24.7612991333008 24.8612995147705 24.6613006591797 24.6613006591797 24.6742000579834 24.8742008209229 25.2645206451416 25.6677494049072 26.1580696105957 26.5483894348145 26.6483898162842 26.6483898162842 26.6354904174805 26.9225902557373 27.3096904754639 27.7096900939941 28.083890914917 28.374210357666 28.4742107391357 28.3871097564697 28.287109375 28.374210357666 28.4742107391357 28.951639175415 29.4484100341797 29.6613101959229 29.8419609069824 29.932279586792 29.8548603057861 29.958080291748 29.7709808349609 29.5484008789062 29.0580806732178 28.6580791473389 28.3548603057861 28.1548595428467 28.1548595428467 28.3548603057861 28.4548606872559 28.7548599243164 29.2451801300049 29.5451793670654 29.9354991912842 30.3258304595947
24.4741992950439 24.5741996765137 24.7612991333008 24.9612998962402 24.9612998962402 24.8612995147705 24.8484001159668 24.9612998962402 25.1516208648682 25.5548496246338 25.854850769043 26.2451705932617 26.4580707550049 26.6483898162842 26.6354904174805 26.7129096984863 27.0129108428955 27.5871105194092 27.9096908569336 28.287109375 28.4742107391357 28.5742092132568 28.6613101959229 28.5742092132568 28.7419605255127 28.8516407012939 29.2419605255127 29.5290603637695 29.7322807312012 29.8322792053223 29.8451805114746 29.8580799102783 29.8580799102783 29.8484001159668 29.5580806732178 29.2580795288086 28.958080291748 28.6580791473389 28.5580806732178 28.554859161377 28.6580791473389 28.8548603057861 29.2451801300049 29.6451797485352 29.9451808929443 30.2483997344971 30.5354995727539
24.6742000579834 24.7742004394531 24.8612995147705 24.9741992950439 25.0484008789062 25.06130027771 25.1483993530273 25.351619720459 25.5516204833984 25.8419494628906 26.2322692871094 26.522590637207 26.72580909729 26.8354892730713 27.0161399841309 27.1032390594482 27.4000091552734 27.9903392791748 28.3871097564697 28.5871105194092 28.8645401000977 28.7645397186279 28.9548606872559 28.9548606872559 29.0322799682617 29.1322803497314 29.2322807312012 29.4225997924805 29.6129302978516 29.8000297546387 29.8225994110107 29.8355007171631 29.8355007171631 29.6580791473389 29.56130027771 29.3580799102783 29.1483993530273 29.0451793670654 28.8580799102783 28.7580795288086 28.958080291748 29.2580795288086 29.6451797485352 29.9451808929443 30.3451805114746 30.6354999542236 30.7483997344971
24.9612998962402 24.9612998962402 25.06130027771 25.1613006591797 25.1613006591797 25.3484001159668 25.5516204833984 25.7387199401855 26.0322704315186 26.2193698883057 26.5096893310547 26.8000106811523 27.0129108428955 27.290340423584 27.4032402038574 27.5903396606445 27.8000106811523 28.287109375 28.5903396606445 28.874210357666 29.054859161377 29.054859161377 29.054859161377 29.0451793670654 29.1322803497314 29.2226009368896 29.3129291534424 29.4129295349121 29.5032501220703 29.5258293151855 29.7161502838135 29.7387294769287 29.7355003356934 29.6483993530273 29.6483993530273 29.5484008789062 29.3580799102783 29.2483997344971 29.1451797485352 29.0580806732178 29.3580799102783 29.7451801300049 30.0451793670654 30.2548599243164 30.554859161377 30.9451808929443 31.0451793670654
25.06130027771 25.1613006591797 25.2645206451416 25.4516201019287 25.5516204833984 25.7516193389893 25.9419498443604 26.2193698883057 26.4064693450928 26.5096893310547 26.7096900939941 27.0129108428955 27.3000106811523 27.5000095367432 27.790340423584 28.0774402618408 28.3774394989014 28.6871109008789 28.8871097564697 29.1645393371582 29.1774406433105 29.2548599243164 29.2451801300049 29.2451801300049 29.2451801300049 29.225830078125 29.3129291534424 29.225830078125 29.3161506652832 29.4161491394043 29.4258308410645 29.4387302398682 29.5387306213379 29.56130027771 29.5484008789062 29.6483993530273 29.5484008789062 29.458080291748 29.4451808929443 29.5451793670654 29.7451801300049 30.0580806732178 30.4451808929443 30.7451801300049 31.0451793670654 31.2451801300049 31.3580799102783
25.351619720459 25.3645191192627 25.5516204833984 25.6645202636719 25.854850769043 26.1322708129883 26.4096908569336 26.5193691253662 26.7096900939941 26.8096904754639 26.9000091552734 27.0903396606445 27.5774402618408 27.9774398803711 28.2774391174316 28.5774402618408 28.8774394989014 29.0645408630371 29.2645397186279 29.4774398803711 29.3774394989014 29.3580799102783 29.2580795288086 29.2355003356934 29.1354999542236 29.138729095459 29.138729095459 29.1258296966553 29.1258296966553 29.0387306213379 29.138729095459 29.2387294769287 29.4387302398682 29.4612998962402 29.5484008789062 29.6483993530273 29.6580791473389 29.8580799102783 29.9451808929443 30.0580806732178 30.167760848999 30.554859161377 30.7548599243164 31.141960144043 31.3548603057861 31.554859161377 31.6548595428467
25.3645191192627 25.5419502258301 25.7451705932617 25.9451694488525 26.145170211792 26.435489654541 26.7129096984863 26.9096908569336 26.996789932251 27.0871105194092 27.0000095367432 27.1903400421143 27.5677604675293 28.0677604675293 28.667760848999 29.1548595428467 29.2645397186279 29.3548603057861 29.3645401000977 29.2774391174316 29.3677597045898 29.2580795288086 29.2355003356934 29.1354999542236 29.138729095459 29.138729095459 29.0387306213379 28.9290504455566 28.7387294769287 28.7516307830811 28.9516296386719 29.1516304016113 29.2612991333008 29.4484004974365 29.4612998962402 29.6709804534912 29.9484004974365 30.0484008789062 30.2580795288086 30.5451793670654 30.7548599243164 31.054859161377 31.1548595428467 31.3645401000977 31.6516399383545 31.8516407012939 31.951639175415
25.5419502258301 25.7451705932617 25.9451694488525 26.1354904174805 26.3258094787598 26.7161407470703 26.9032402038574 27.1000099182129 27.0967903137207 27.1774406433105 27.1871109008789 27.3677597045898 27.4806594848633 27.9677600860596 28.6645393371582 29.5419597625732 29.3516407012939 29.1645393371582 28.9645404815674 28.8548603057861 28.8580799102783 28.9484004974365 28.9484004974365 29.0258293151855 29.0387306213379 29.1290493011475 29.0290508270264 28.8419494628906 28.6516304016113 28.5516300201416 28.7612991333008 28.9612998962402 29.2387294769287 29.3612995147705 29.6483993530273 29.8484001159668 29.9484004974365 30.2483997344971 30.6451797485352 30.9451808929443 31.1548595428467 31.3548603057861 31.3548603057861 31.4645404815674 31.7516403198242 31.8419609069824 31.8516407012939
25.645170211792 25.6548500061035 25.935489654541 26.1354904174805 26.4258098602295 26.7064609527588 27.0064601898193 27.0903396606445 27.0903396606445 27.0000095367432 27.080659866333 27.1709804534912 27.2709808349609 27.958080291748 28.554859161377 29.2516403198242 29.2516403198242 28.9645404815674 28.6645393371582 28.5451793670654 28.458080291748 28.5484008789062 28.7483997344971 28.9387302398682 29.1290493011475 29.2193698883057 29.3193702697754 29.1322708129883 28.854850769043 28.8419494628906 28.9419498443604 29.0516300201416 29.1613006591797 29.3612995147705 29.56130027771 29.8484001159668 30.0580806732178 30.3580799102783 30.8451805114746 31.2451801300049 31.554859161377 31.4548606872559 31.554859161377 31.6516399383545 31.6645393371582 31.8419609069824 31.7419605255127
25.6322708129883 25.7451705932617 25.7451705932617 25.9483890533447 26.3258094787598 26.5161399841309 26.7935600280762 26.8032398223877 26.9032402038574 26.9935607910156 26.9935607910156 27.1709804534912 27.2709808349609 27.6806602478027 28.167760848999 28.4645404815674 28.7645397186279 28.6645393371582 28.4677600860596 28.2677593231201 28.2483997344971 28.2483997344971 28.5387306213379 29.0290508270264 29.3193702697754 29.4322700500488 29.6225891113281 29.5129203796387 29.3322696685791 29.145170211792 29.0548496246338 29.1419506072998 29.2419490814209 29.3516292572021 29.638729095459 29.7612991333008 30.0580806732178 30.3580799102783 30.7580795288086 31.167760848999 31.4548606872559 31.554859161377 31.554859161377 31.6548595428467 31.7516403198242 31.7419605255127 31.641960144043
25.6548500061035 25.8451690673828 25.8580703735352 26.0354900360107 26.2387104034424 26.4258098602295 26.6161403656006 26.6161403656006 26.703239440918 26.8032398223877 26.9806594848633 27.0935592651367 27.1935596466064 27.4806594848633 27.7806606292725 28.0645408630371 28.2774391174316 28.1645393371582 28.1645393371582 27.9548606872559 27.8355007171631 27.9484004974365 28.6258296966553 29.1193695068359 29.4193706512451 29.7096900939941 29.9129199981689 29.8258209228516 29.5354900360107 29.3322696685791 29.145170211792 29.1419506072998 29.1419506072998 29.1516304016113 29.4516296386719 29.7387294769287 29.9484004974365 30.2580795288086 30.5451793670654 30.8580799102783 31.1548595428467 31.2548599243164 31.3677597045898 31.4548606872559 31.4645404815674 31.5322799682617 31.5322799682617
25.6548500061035 25.8451690673828 25.9451694488525 26.1354904174805 26.3258094787598 26.4161396026611 26.6032390594482 26.6032390594482 26.6032390594482 26.6032390594482 26.703239440918 26.7935600280762 27.0032405853271 27.203239440918 27.4774398803711 27.6774406433105 27.7774391174316 27.7774391174316 27.7677593231201 27.7677593231201 27.8484001159668 28.138729095459 28.638729095459 29.2290496826172 29.6193695068359 29.9225902557373 30.203239440918 30.1032390594482 29.7225894927979 29.4225902557373 29.145170211792 29.0419502258301 28.9645309448242 29.0516300201416 29.1613006591797 29.4612998962402 29.7483997344971 29.9709796905518 30.2580795288086 30.5451793670654 30.7548599243164 30.9451808929443 31.0451793670654 31.2548599243164 31.2548599243164 31.1451797485352 31.2226009368896
25.6419506072998 25.7580699920654 25.9451694488525 26.1354904174805 26.22580909729 26.3258094787598 26.4129104614258 26.5032405853271 26.4129104614258 26.5032405853271 26.4129104614258 26.6032390594482 26.703239440918 26.9806594848633 27.0903396606445 27.1903400421143 27.2774391174316 27.3774394989014 27.3774394989014 27.6645393371582 27.9451808929443 28.4258308410645 28.8258304595947 29.4193706512451 29.8193702697754 30.1322708129883 30.1225891113281 29.9258193969727 29.6354904174805 29.3354892730713 29.145170211792 28.9548492431641 28.8645305633545 29.0419502258301 29.06130027771 29.1613006591797 29.4612998962402 29.7612991333008 29.8580799102783 30.1580791473389 30.2580795288086 30.458080291748 30.5580806732178 30.7580795288086 30.9451808929443 31.0354995727539 31.1129302978516
25.6645202636719 25.854850769043 25.9451694488525 26.1354904174805 26.1354904174805 26.1354904174805 26.2129096984863 26.4161396026611 26.4129104614258 26.4129104614258 26.4129104614258 26.5032405853271 26.6032390594482 26.8032398223877 26.8903408050537 26.9032402038574 27.0774402618408 27.0871105194092 27.2742099761963 27.5645408630371 28.1322803497314 28.6354999542236 29.2161502838135 29.8064708709717 30.1193695068359 30.3193702697754 30.2193698883057 29.8354892730713 29.435489654541 29.1354904174805 28.935489654541 28.7451705932617 28.7419490814209 28.664529800415 28.8516292572021 28.8612995147705 29.0709800720215 29.3612995147705 29.56130027771 29.7483997344971 29.9484004974365 30.1483993530273 30.2516307830811 30.3387298583984 30.5258293151855 30.725830078125 30.8935699462891
25.6387195587158 25.8419494628906 25.9451694488525 26.0354900360107 26.1225891113281 26.022590637207 26.1258106231689 26.3000106811523 26.3000106811523 26.2129096984863 26.2129096984863 26.1258106231689 26.22580909729 26.4258098602295 26.703239440918 26.8032398223877 26.7935600280762 26.790340423584 26.9838905334473 27.4645404815674 28.2355003356934 28.8258304595947 29.4935703277588 30.1064701080322 30.5193691253662 30.6290493011475 30.2193698883057 29.7322692871094 29.2354907989502 28.7483901977539 28.4580707550049 28.4548492431641 28.5419502258301 28.4516296386719 28.5645294189453 28.7516307830811 28.8612995147705 29.06130027771 29.1613006591797 29.3612995147705 29.4612998962402 29.638729095459 29.7516307830811 29.9419498443604 30.1290493011475 30.4064693450928 30.6967906951904
25.5387191772461 25.8322696685791 26.022590637207 26.0354900360107 25.9451694488525 26.0129108428955 26.0129108428955 25.9129104614258 25.9129104614258 26.0000095367432 26.1129093170166 26.0258102416992 26.0258102416992 25.9161396026611 26.1193599700928 26.2064609527588 26.4967803955078 26.6935596466064 26.9774398803711 27.5451793670654 28.1258296966553 28.8967895507812 29.5774402618408 29.8871192932129 30.2096900939941 30.3193702697754 29.9225902557373 29.435489654541 28.8483905792236 28.5354900360107 28.4580707550049 28.3677501678467 28.354850769043 28.4419498443604 28.4516296386719 28.5516300201416 28.6613006591797 28.7612991333008 28.8612995147705 28.9612998962402 29.1516304016113 29.0645294189453 29.2419490814209 29.4451694488525 29.6322708129883 30.0096893310547 30.4000205993652
25.516149520874 25.7193698883057 25.9193706512451 25.9322700500488 25.9225902557373 25.9225902557373 25.8096904754639 25.6129093170166 25.5129108428955 25.5129108428955 25.7129096984863 26.0258102416992 26.0290393829346 26.1161403656006 26.0161399841309 26.0064601898193 26.4967803955078 26.8838806152344 26.7709808349609 26.3612995147705 26.7548503875732 28.3903408050537 29.3580799102783 29.080659866333 29.203239440918 29.522590637207 29.4225902557373 29.0354900360107 28.5483894348145 28.4483890533447 28.3451690673828 28.2548503875732 28.2548503875732 28.2548503875732 28.3516292572021 28.3612995147705 28.4612998962402 28.56130027771 28.6613006591797 28.8516292572021 28.8516292572021 28.7548503875732 28.7580699920654 29.0451698303223 29.522590637207 29.8225898742676 30.1096897125244
25.6064701080322 25.7193698883057 25.9193706512451 26.022590637207 25.7322692871094 25.7225894927979 25.6225891113281 25.4225902557373 25.1225891113281 24.7483901977539 24.8354892730713 25.4258098602295 25.8290405273438 26.3064594268799 26.4096794128418 26.4967803955078 26.6838798522949 26.5741996765137 26.5645294189453 26.164529800415 25.8677501678467 25.0903301239014 25.8451690673828 27.6161403656006 28.4032402038574 27.8387203216553 27.9483890533447 28.3483905792236 28.1612892150879 28.1483898162842 28.058069229126 28.0677509307861 28.145170211792 28.1548500061035 28.1613006591797 28.2612991333008 28.3612995147705 28.5484008789062 28.7516307830811 28.8516292572021 28.854850769043 28.7548503875732 28.645170211792 28.8451690673828 29.2354907989502 29.6225891113281 29.9903392791748
25.7096900939941 25.8225898742676 25.7225894927979 25.7322692871094 25.5322704315186 25.2322692871094 25.1322708129883 24.8322696685791 25.1225891113281 25.9129104614258 26.4129104614258 26.229040145874 26.5290393829346 26.6967792510986 26.8967800140381 27.0870990753174 27.0967807769775 27.2645301818848 27.5516300201416 27.5548496246338 27.6225891113281 27.7258205413818 27.7258205413818 28.0161399841309 27.8258209228516 27.7483901977539 27.5612907409668 27.2612895965576 27.7709693908691 27.7709693908691 27.8580703735352 27.8580703735352 28.0548496246338 28.0516300201416 28.0516300201416 28.2516307830811 28.4387302398682 28.6516304016113 28.8516292572021 29.0516300201416 29.2419490814209 29.2419490814209 29.1419506072998 29.2354907989502 29.2354907989502 29.4225902557373 29.7129192352295
25.9129104614258 26.0032405853271 25.4225902557373 24.9322700500488 24.7419490814209 24.5419502258301 25.1290493011475 25.9193706512451 26.5096893310547 26.8129100799561 26.9032402038574 26.9161396026611 27.3967800140381 27.5870990753174 27.6742000579834 27.3871002197266 27.4871006011963 27.7774295806885 27.9516296386719 28.0548496246338 28.3322696685791 28.4129199981689 28.5032405853271 28.5161399841309 28.5258197784424 27.4612903594971 26.77419090271 27.6612892150879 27.2709693908691 27.170970916748 27.8612899780273 27.9580707550049 27.9451694488525 27.9548492431641 28.1548500061035 28.3516292572021 28.5419502258301 28.7419490814209 29.0516300201416 29.3516292572021 29.6290493011475 29.8290500640869 29.9290504455566 29.9096908569336 29.522590637207 29.3354892730713 29.4258193969727
