ENMTML/All_vars/Predictors/EUR_b1_19/bio7.asc
NCOLS 411 
NROWS 214 
XLLCORNER -11.5 
YLLCORNER 35.666666666112 
CELLSIZE 0.166666666666667 
NODATA_value -3.4e+38 
[rows 105 to 125 of 214, columns 188 to 234 of 411]
30.3355007171631 30.7226009368896 31.2129306793213 31.5129299163818 31.5129299163818 31.5226001739502 31.6322803497314 31.8322792053223 32.0419616699219 32.3613090515137 32.4935684204102 32.293571472168 31.9838905334473 31.6838893890381 31.287109375 30.9903392791748 30.7000102996826 30.4903392791748 30.3032398223877 30.2806606292725 30.203239440918 30.3806591033936 30.4903392791748 30.6903400421143 30.8903408050537 31.0903396606445 31.1903400421143 31.3677597045898 31.290340423584 31.3806591033936 31.4677600860596 31.3903408050537 31.4709796905518 31.3806591033936 31.370979309082 31.4612998962402 31.4612998962402 31.5516300201416 31.56130027771 31.638729095459 31.7387294769287 31.7483997344971 31.8484001159668 31.8484001159668 32.1258316040039 32.2355003356934 32.3228988647461
30.5258293151855 30.9258308410645 31.3129291534424 31.6129302978516 31.7129306793213 31.8225994110107 31.9225997924805 32.0419616699219 32.2516403198242 32.5613098144531 32.6709899902344 32.5709915161133 32.2709884643555 31.874210357666 31.5742092132568 31.1871109008789 30.8774394989014 30.5903396606445 30.3903408050537 30.2806606292725 30.2806606292725 30.2806606292725 30.4903392791748 30.6806602478027 30.8903408050537 31.1806602478027 31.2806606292725 31.290340423584 31.3806591033936 31.3677597045898 31.4677600860596 31.4677600860596 31.4709796905518 31.458080291748 31.458080291748 31.458080291748 31.56130027771 31.5484008789062 31.6483993530273 31.7483997344971 31.7483997344971 31.8387298583984 31.9354991912842 32.0354995727539 32.1355018615723 32.2355003356934 32.4132308959961
30.8258304595947 31.0387306213379 31.2290496826172 31.516149520874 31.6258296966553 31.8225994110107 32.0193786621094 32.2193794250488 32.4290618896484 32.6387405395508 32.8387413024902 32.6484107971191 32.4387397766113 32.0516395568848 31.7516403198242 31.374210357666 31.0645408630371 30.7774391174316 30.5677604675293 30.370979309082 30.2806606292725 30.3677597045898 30.5677604675293 30.7677593231201 30.9774398803711 31.167760848999 31.2677593231201 31.3677597045898 31.4677600860596 31.3806591033936 31.4677600860596 31.5580806732178 31.4677600860596 31.5580806732178 31.5580806732178 31.4709796905518 31.6483993530273 31.6516304016113 31.7483997344971 31.8387298583984 31.8387298583984 31.9387302398682 31.9484004974365 32.0354995727539 32.222900390625 32.3228988647461 32.3354988098145
31.0387306213379 31.2290496826172 31.2419490814209 31.3387298583984 31.6258296966553 31.7355003356934 32.0193786621094 32.2193794250488 32.4290618896484 32.7161598205566 32.8935813903809 32.7161598205566 32.6161613464355 32.229061126709 31.8516407012939 31.4742107391357 31.2645397186279 30.9548606872559 30.5677604675293 30.3451805114746 30.2580795288086 30.2677593231201 30.4677600860596 30.667760848999 30.9548606872559 30.9774398803711 31.167760848999 31.3451805114746 31.3677597045898 31.458080291748 31.4677600860596 31.4709796905518 31.5580806732178 31.5580806732178 31.5580806732178 31.6483993530273 31.6483993530273 31.7355003356934 31.7483997344971 31.8355007171631 31.9387302398682 31.9484004974365 32.0484008789062 32.138729095459 32.2355003356934 32.3228988647461 32.5132293701172
31.2483997344971 31.2516307830811 31.2419490814209 31.2516307830811 31.4387302398682 31.5322799682617 31.7419605255127 31.9387397766113 32.3161582946777 32.6806793212891 32.8709983825684 32.7935791015625 32.6064796447754 32.229061126709 31.9387397766113 31.6516399383545 31.3516407012939 30.9548606872559 30.6548595428467 30.3451805114746 30.2451801300049 30.3677597045898 30.554859161377 30.667760848999 30.9548606872559 31.054859161377 31.2548599243164 31.3451805114746 31.2677593231201 31.458080291748 31.458080291748 31.4709796905518 31.5580806732178 31.5580806732178 31.6451797485352 31.6580791473389 31.7355003356934 31.7355003356934 31.8484001159668 31.8484001159668 32.0258293151855 32.0354995727539 32.1258316040039 32.2355003356934 32.3228988647461 32.4225997924805 32.4355010986328
31.4484004974365 31.3484001159668 31.2516307830811 31.2516307830811 31.2451801300049 31.3419609069824 31.5258407592773 31.6355094909668 32.0258407592773 32.3032608032227 32.5839004516602 32.593578338623 32.5064811706543 32.3161582946777 32.0387382507324 31.6484107971191 31.3613090515137 30.9709892272949 30.7613105773926 30.451639175415 30.3645401000977 30.4645404815674 30.6548595428467 30.6774406433105 30.9548606872559 30.9677600860596 31.1548595428467 31.2548599243164 31.3580799102783 31.4451808929443 31.458080291748 31.5484008789062 31.5580806732178 31.6483993530273 31.6483993530273 31.6580791473389 31.7355003356934 31.7483997344971 31.8355007171631 31.9354991912842 31.9354991912842 32.1258316040039 32.225830078125 32.3132286071777 32.3354988098145 32.4258308410645 32.5132293701172
31.6451797485352 31.4484004974365 31.2580795288086 31.1580791473389 31.0516395568848 31.0484104156494 31.0580902099609 31.2580890655518 31.6355094909668 32.012939453125 32.2032585144043 32.3935813903809 32.493579864502 32.3161582946777 32.1258392333984 31.7580890655518 31.4709892272949 31.0806694030762 30.867769241333 30.4806709289551 30.4806709289551 30.4838905334473 30.6613101959229 30.7645397186279 30.8548603057861 31.054859161377 31.2451801300049 31.2451801300049 31.4354991912842 31.4451808929443 31.458080291748 31.5354995727539 31.5580806732178 31.6451797485352 31.7355003356934 31.8355007171631 31.8355007171631 31.8355007171631 31.9354991912842 32.0258293151855 32.0354995727539 32.225830078125 32.2355003356934 32.3258285522461 32.4229011535645 32.5132293701172 32.6226005554199
31.6548595428467 31.3677597045898 31.2548599243164 30.9774398803711 30.8613090515137 30.6709899902344 30.5871200561523 30.7742195129395 31.1451892852783 31.5355091094971 31.9161605834961 32.2032585144043 32.3032608032227 32.3161582946777 32.2258415222168 31.8709907531738 31.5677700042725 31.1871204376221 30.7968006134033 30.5967998504639 30.5000190734863 30.5806694030762 30.7580890655518 30.8613090515137 30.9548606872559 31.1322803497314 31.2451801300049 31.3355007171631 31.4354991912842 31.4451808929443 31.5354995727539 31.6354999542236 31.6354999542236 31.6451797485352 31.7355003356934 31.7355003356934 31.9225997924805 31.8355007171631 31.9354991912842 32.0354995727539 32.1226005554199 32.222599029541 32.2355003356934 32.4225997924805 32.4225997924805 32.5132293701172 32.6228981018066
31.7548599243164 31.4548606872559 31.1516399383545 30.8516407012939 30.5613098144531 30.2806701660156 30.0967998504639 30.2742195129395 30.745189666748 31.2258396148682 31.7161598205566 32.0161590576172 32.1290588378906 32.3290596008301 32.2484092712402 32.0580902099609 31.6774501800537 31.2968006134033 31.0839004516602 30.7968006134033 30.783899307251 30.6871204376221 30.867769241333 30.9613094329834 31.1322803497314 31.1451797485352 31.2451801300049 31.4225997924805 31.4354991912842 31.5258293151855 31.5354995727539 31.6258296966553 31.6354999542236 31.8129291534424 31.7355003356934 31.8225994110107 31.9225997924805 32.0225982666016 32.0225982666016 32.0354995727539 32.2129287719727 32.222599029541 32.2325782775879 32.4225997924805 32.4229011535645 32.5228996276855 32.6132316589355
31.554859161377 31.3548603057861 31.054859161377 30.7548599243164 30.3645401000977 29.9742107391357 29.6742095947266 29.9613094329834 30.4387397766113 30.9290599822998 31.4161605834961 31.7193794250488 32.1193809509277 32.3290596008301 32.5290603637695 32.158088684082 31.6871204376221 31.3967990875244 31.283899307251 30.9967994689941 30.9839000701904 30.8838996887207 31.0580902099609 31.141960144043 31.3193798065186 31.3322792053223 31.3355007171631 31.4354991912842 31.5129299163818 31.5258293151855 31.6258296966553 31.6226005554199 31.7226009368896 31.725830078125 31.7355003356934 31.8225994110107 31.9225997924805 32.0225982666016 32.0225982666016 32.1226005554199 32.1226005554199 32.222900390625 32.3322792053223 32.4225997924805 32.4325790405273 32.6128997802734 32.6228981018066
31.5322799682617 31.2451801300049 30.9451808929443 30.641960144043 30.3451805114746 29.9451808929443 29.6483993530273 29.8484001159668 30.3451805114746 30.8322792053223 31.2290592193604 31.7193794250488 32.0322799682617 32.3290596008301 32.4290618896484 32.2580909729004 31.783899307251 31.5839004516602 31.3838996887207 31.2709999084473 31.1709995269775 30.9839000701904 31.34840965271 31.4193801879883 31.4225997924805 31.5129299163818 31.4354991912842 31.5129299163818 31.6129302978516 31.6129302978516 31.6258296966553 31.6226005554199 31.7226009368896 31.8225994110107 31.7355003356934 31.8225994110107 31.8322792053223 32.0225982666016 32.0225982666016 32.1226005554199 32.2128982543945 32.3322792053223 32.3228988647461 32.4229011535645 32.6128997802734 32.6226005554199 32.6228981018066
31.3355007171631 31.1354999542236 30.9354991912842 30.6354999542236 30.3355007171631 30.0387306213379 29.9387302398682 30.0484008789062 30.4387302398682 30.8225994110107 31.2226009368896 31.6096992492676 31.8322792053223 32.2193794250488 32.2387390136719 32.0677680969238 31.7968006134033 31.5839004516602 31.4710006713867 31.2709999084473 31.1839008331299 31.2613201141357 31.5484104156494 31.6193809509277 31.6000308990479 31.6129302978516 31.6129302978516 31.5258293151855 31.5129299163818 31.5258293151855 31.5354995727539 31.6258296966553 31.7226009368896 31.809700012207 31.9097003936768 31.8225994110107 31.9225997924805 32.0193786621094 32.1096992492676 32.2128982543945 32.2322807312012 32.3226013183594 32.3325805664062 32.5129013061523 32.5322799682617 32.6228981018066 32.6228981018066
31.2129306793213 31.1129302978516 31.0032501220703 30.725830078125 30.4258308410645 30.3258304595947 30.2161502838135 30.3258304595947 30.5258293151855 30.8258304595947 31.2129306793213 31.5226001739502 31.8225994110107 32.1096992492676 32.1290588378906 32.0709915161133 31.9645500183105 31.5839004516602 31.4839000701904 31.283899307251 31.1839008331299 31.4677696228027 31.7290592193604 31.7226009368896 31.7000293731689 31.60325050354 31.60325050354 31.516149520874 31.516149520874 31.5129299163818 31.6129302978516 31.6129302978516 31.7000293731689 31.7096996307373 31.809700012207 31.9097003936768 32.0097007751465 32.0193786621094 32.1128997802734 32.1225814819336 32.222599029541 32.3225784301758 32.412899017334 32.4322814941406 32.5228996276855 32.6225814819336 32.6228981018066
31.10325050354 31.016149520874 30.9161491394043 30.725830078125 30.6161499023438 30.516149520874 30.4161491394043 30.516149520874 30.7161502838135 30.9032497406006 31.2032508850098 31.5032501220703 31.8129291534424 32.0225982666016 32.2193794250488 32.2387390136719 32.0484085083008 31.7677707672119 31.4871196746826 31.3871192932129 31.3806705474854 31.7419605255127 31.9129295349121 31.8032493591309 31.7032508850098 31.60325050354 31.5064697265625 31.5064697265625 31.5032501220703 31.5032501220703 31.5903491973877 31.5129299163818 31.6096992492676 31.7000293731689 31.809700012207 31.9097003936768 31.9193801879883 32.0193786621094 32.1225814819336 32.2128982543945 32.2225799560547 32.3129005432129 32.3225784301758 32.5225791931152 32.5228996276855 32.6128997802734 32.7128982543945
31.0064697265625 30.8935699462891 30.8935699462891 30.8064708709717 30.706470489502 30.706470489502 30.6064701080322 30.6193695068359 30.7193698883057 30.8967895507812 31.0967903137207 31.4064693450928 31.7032508850098 32.0129318237305 32.2129287719727 32.3322792053223 32.1290588378906 31.9387397766113 31.6613101959229 31.5613098144531 31.641960144043 31.7226009368896 31.8161506652832 31.7032508850098 31.6064701080322 31.5064697265625 31.4064693450928 31.3161506652832 31.4032497406006 31.4032497406006 31.4903507232666 31.4225997924805 31.6000308990479 31.7000293731689 31.7096996307373 31.809700012207 31.9193801879883 32.0193786621094 32.0322608947754 32.2225799560547 32.3125801086426 32.3129005432129 32.412899017334 32.4325790405273 32.5129013061523 32.5322799682617 32.6128997802734
30.8742198944092 30.8871192932129 30.8838901519775 30.7967891693115 30.6064701080322 30.6967906951904 30.7967891693115 30.7967891693115 30.7967891693115 30.8096904754639 31.0000190734863 31.2967891693115 31.5967903137207 31.8161506652832 32.293571472168 32.4129295349121 32.222599029541 32.0097007751465 31.7322807312012 31.5451793670654 31.4354991912842 31.516149520874 31.5967903137207 31.496789932251 31.3967895507812 31.3967895507812 31.3064708709717 31.206470489502 31.2032508850098 31.3032493591309 31.3903503417969 31.4000301361084 31.5000305175781 31.6096992492676 31.6193809509277 31.8064804077148 31.9097003936768 31.9322605133057 32.1225814819336 32.1322593688965 32.3225784301758 32.3225784301758 32.3225784301758 32.4225807189941 32.5129013061523 32.6128997802734 32.7128982543945
30.5967903137207 30.6871204376221 30.6967906951904 30.7967891693115 30.706470489502 30.706470489502 30.706470489502 30.7967891693115 30.6967906951904 30.7000198364258 30.8774394989014 31.0000190734863 31.2967891693115 31.6967906951904 31.996789932251 32.1935691833496 32.0032501220703 31.8032493591309 31.5258293151855 31.4161491394043 31.3193702697754 31.206470489502 31.2967891693115 31.2871208190918 31.1967906951904 31.1967906951904 31.0967903137207 31.0935707092285 31.10325050354 31.1935691833496 31.2032508850098 31.3903503417969 31.4000301361084 31.5097007751465 31.6193809509277 31.809700012207 31.9064807891846 32.0222587585449 32.1225814819336 32.1322593688965 32.3125801086426 32.3225784301758 32.3225784301758 32.4225807189941 32.5129013061523 32.6128997802734 32.6226005554199
30.4000205993652 30.5000190734863 30.6871204376221 30.8871192932129 30.9838905334473 30.8064708709717 30.7967891693115 30.6967906951904 30.7000198364258 30.5903396606445 30.5903396606445 30.6935596466064 30.9903392791748 31.3871192932129 31.6871204376221 31.6967906951904 31.6967906951904 31.5064697265625 31.2193698883057 31.1096897125244 30.9225902557373 30.9000205993652 30.9000205993652 30.8871192932129 30.8871192932129 30.8871192932129 30.8967895507812 30.9838905334473 30.9806709289551 30.9935703277588 31.1935691833496 31.2129306793213 31.4000301361084 31.5000305175781 31.519380569458 31.8064804077148 31.8125801086426 32.012580871582 32.0322608947754 32.2222595214844 32.3125801086426 32.3225784301758 32.412899017334 32.4225807189941 32.5097007751465 32.6128997802734 32.6129302978516
30.1000194549561 30.4000205993652 30.7000198364258 30.9871196746826 31.1742191314697 31.1838893890381 30.996789932251 30.7967891693115 30.6903400421143 30.5903396606445 30.3935604095459 30.3935604095459 30.9806594848633 31.290340423584 31.4871196746826 31.3967895507812 31.3000202178955 31.1096897125244 31.0000190734863 30.8903408050537 30.6129207611084 30.5903396606445 30.5903396606445 30.6774406433105 30.6774406433105 30.6774406433105 30.5871200561523 30.6967906951904 30.7838897705078 30.8935699462891 30.9935703277588 31.10325050354 31.2129306793213 31.309700012207 31.5064792633057 31.7064800262451 31.8125801086426 32.012580871582 32.0419387817383 32.1322593688965 32.2225799560547 32.3225784301758 32.3225784301758 32.412899017334 32.5097007751465 32.5225982666016 32.6129302978516
29.9903392791748 30.290340423584 30.6903400421143 31.0774402618408 31.2774391174316 31.2742195129395 31.3645401000977 31.2645397186279 31.0774402618408 30.8774394989014 30.7806606292725 30.8677597045898 31.080659866333 31.3774394989014 31.4871196746826 31.3871192932129 31.1871204376221 31.0000190734863 30.6903400421143 30.3903408050537 30.203239440918 30.1903400421143 30.203239440918 30.2806606292725 30.2000198364258 30.3774394989014 30.3871192932129 30.3967895507812 30.583890914917 30.6935691833496 30.8032493591309 31.0032501220703 31.1903495788574 31.309700012207 31.5000305175781 31.6064796447754 31.8125801086426 31.9222602844238 32.0319404602051 32.1222610473633 32.2125816345215 32.3028984069824 32.3129005432129 32.412899017334 32.412899017334 32.6000289916992 32.6000289916992
29.8032398223877 30.1903400421143 30.5903396606445 31.0677604675293 31.3774394989014 31.554859161377 31.5645408630371 31.6548595428467 31.554859161377 31.4548606872559 31.2677593231201 31.2677593231201 31.4645404815674 31.5774402618408 31.5774402618408 31.3871192932129 31.0774402618408 30.7806606292725 30.4935607910156 30.1935596466064 29.9935607910156 29.8903408050537 29.8903408050537 29.9806594848633 29.9774398803711 29.9903392791748 30.1774406433105 30.2871208190918 30.3967895507812 30.5967903137207 30.6935691833496 30.9935703277588 31.1903495788574 31.3000297546387 31.3967990875244 31.6968002319336 31.7125797271729 31.8125801086426 31.9322605133057 32.0322608947754 32.2028999328613 32.2128982543945 32.3129005432129 32.3129005432129 32.412899017334 32.4225997924805 32.6129302978516
