ENMTML/All_vars/Predictors/EUR_b1_19/bio7.asc
NCOLS 411 
NROWS 214 
XLLCORNER -11.5 
YLLCORNER 35.666666666112 
CELLSIZE 0.166666666666667 
NODATA_value -3.4e+38 
[rows 63 to 83 of 214, columns 329 to 375 of 411]
39.3768005371094 39.5667991638184 39.4765014648438 39.6665000915527 39.7667999267578 39.8667984008789 39.9668006896973 40.0667991638184 40.1665000915527 40.2568016052246 40.3667984008789 40.4668006896973 40.5667991638184 40.7568016052246 40.7667999267578 40.8764991760254 40.9668006896973 41.0667991638184 41.0764999389648 41.0764999389648 41.1764984130859 41.1865005493164 41.1865005493164 41.086498260498 41.1865005493164 41.1865005493164 41.1767997741699 41.1865005493164 41.1767997741699 41.276798248291 41.2671012878418 41.3571014404297 41.3571014404297 41.4473991394043 41.4473991394043 41.5373992919922 41.6277008056641 41.6376991271973 41.7276992797852 41.8277015686035 41.8180999755859 41.9177017211914 41.9277000427246 42.0177001953125 42.1176986694336 42.1176986694336 42.1176986694336
39.3667984008789 39.3768005371094 39.5667991638184 39.6668014526367 39.6767997741699 39.7667999267578 39.8667984008789 39.9765014648438 40.0768013000488 40.1668014526367 40.2667999267578 40.4567985534668 40.4668006896973 40.5768013000488 40.6767997741699 40.7671012878418 40.7864990234375 40.8764991760254 40.8865013122559 40.986499786377 41.0667991638184 40.986499786377 40.9964981079102 40.986499786377 41.086498260498 40.9964981079102 41.086799621582 41.086799621582 41.0768013000488 41.1670989990234 41.1670989990234 41.1670989990234 41.1670989990234 41.2473983764648 41.3474006652832 41.3474006652832 41.3474006652832 41.4376983642578 41.5276985168457 41.6277008056641 41.6277008056641 41.8081016540527 41.7276992797852 41.9081001281738 42.0080986022949 42.0177001953125 42.1081008911133
39.3670997619629 39.4570999145508 39.4767990112305 39.4767990112305 39.6767997741699 39.6865005493164 39.776798248291 39.9668006896973 40.0667991638184 40.086498260498 40.1865005493164 40.2765007019043 40.3764991760254 40.486499786377 40.5768013000488 40.6764984130859 40.7667999267578 40.776798248291 40.7864990234375 40.7864990234375 40.7961006164551 40.8964996337891 40.8865013122559 40.9767990112305 40.8867988586426 40.8964996337891 40.8867988586426 40.8867988586426 40.9767990112305 40.9767990112305 40.967098236084 41.0573997497559 41.0671005249023 41.1473999023438 41.157398223877 41.2377014160156 41.2473983764648 41.2377014160156 41.4277000427246 41.4277000427246 41.5276985168457 41.6277008056641 41.6277008056641 41.7181015014648 41.8180999755859 41.817699432373 42.0080986022949
39.277099609375 39.276798248291 39.4767990112305 39.4767990112305 39.5768013000488 39.6767997741699 39.776798248291 39.8768005371094 39.8768005371094 40.0667991638184 40.086498260498 40.1865005493164 40.276798248291 40.4767990112305 40.486499786377 40.486499786377 40.586498260498 40.5965003967285 40.776798248291 40.6964988708496 40.6964988708496 40.7864990234375 40.6964988708496 40.796501159668 40.796501159668 40.7868003845215 40.7864990234375 40.7868003845215 40.7868003845215 40.777099609375 40.777099609375 40.8670997619629 40.8771018981934 40.9574012756348 40.9574012756348 40.9574012756348 41.0476989746094 41.1477012634277 41.1376991271973 41.2377014160156 41.4281005859375 41.5181007385254 41.6180992126465 41.6180992126465 41.7181015014648 41.7276992797852 41.8277015686035
39.1867980957031 39.1867980957031 39.296501159668 39.4767990112305 39.486499786377 39.586498260498 39.6867980957031 39.776798248291 39.8865013122559 39.8964996337891 39.9868011474609 40.086498260498 40.0965003967285 40.276798248291 40.296501159668 40.3865013122559 40.3964996337891 40.5768013000488 40.5965003967285 40.5065002441406 40.5965003967285 40.5965003967285 40.5965003967285 40.5965003967285 40.6064987182617 40.5965003967285 40.5968017578125 40.6867980957031 40.5968017578125 40.6867980957031 40.586799621582 40.6674003601074 40.7673988342285 40.7574005126953 40.7673988342285 40.8476982116699 40.8476982116699 40.9376983642578 41.0381011962891 41.1376991271973 41.2276992797852 41.3180999755859 41.418098449707 41.5181007385254 41.6180992126465 41.7181015014648 41.7276992797852
39.0965003967285 39.1964988708496 39.2868003845215 39.296501159668 39.3964996337891 39.4964981079102 39.5965003967285 39.6964988708496 39.796501159668 39.8964996337891 39.986499786377 39.9964981079102 40.0965003967285 40.1964988708496 40.1960983276367 40.2061004638672 40.3060989379883 40.3865013122559 40.486499786377 40.4964981079102 40.4964981079102 40.5065002441406 40.5065002441406 40.5065002441406 40.4964981079102 40.4967994689941 40.4964981079102 40.4967994689941 40.5770988464355 40.4868011474609 40.4870986938477 40.5674018859863 40.5674018859863 40.5674018859863 40.6477012634277 40.657398223877 40.7476997375488 40.8476982116699 40.8476982116699 41.0280990600586 41.128101348877 41.2181015014648 41.3180999755859 41.3277015686035 41.4281005859375 41.6081008911133 41.7181015014648
39.0065002441406 39.1064987182617 39.1964988708496 39.296501159668 39.3867988586426 39.4065017700195 39.586799621582 39.5968017578125 39.6964988708496 39.796501159668 39.796501159668 39.896800994873 39.9868011474609 40.0965003967285 40.0965003967285 40.1964988708496 40.296501159668 40.296501159668 40.3064994812012 40.3064994812012 40.3161010742188 40.4061012268066 40.3064994812012 40.3064994812012 40.396800994873 40.3165016174316 40.3964996337891 40.2967987060547 40.2967987060547 40.2967987060547 40.3771018981934 40.3771018981934 40.3773994445801 40.467399597168 40.467399597168 40.5476989746094 40.5476989746094 40.728099822998 40.728099822998 40.8280982971191 40.9281005859375 41.0280990600586 41.128101348877 41.228099822998 41.3280982971191 41.418098449707 41.5181007385254
39.0065002441406 39.0065002441406 39.1064987182617 39.1064987182617 39.2065010070801 39.3064994812012 39.4065017700195 39.5065002441406 39.6064987182617 39.7065010070801 39.7160987854004 39.796501159668 39.8964996337891 39.9160995483398 40.0060997009277 40.0965003967285 40.1064987182617 40.1161003112793 40.1161003112793 40.2065010070801 40.2160987854004 40.3064994812012 40.2065010070801 40.2065010070801 40.2967987060547 40.2967987060547 40.2067985534668 40.2065010070801 40.1968002319336 40.1968002319336 40.2871017456055 40.1870994567871 40.2673988342285 40.277400970459 40.2577018737793 40.2577018737793 40.3577003479004 40.4477005004883 40.5476989746094 40.6380996704102 40.7380981445312 40.918399810791 40.9376983642578 41.0280990600586 41.228099822998 41.3277015686035 41.3376998901367
38.9065017700195 38.9160995483398 39.0161018371582 39.1064987182617 39.2065010070801 39.3064994812012 39.3165016174316 39.4160995483398 39.4160995483398 39.6161003112793 39.6161003112793 39.7160987854004 39.7160987854004 39.8161010742188 39.9065017700195 39.9160995483398 39.9261016845703 40.0164985656738 40.1064987182617 40.1161003112793 40.1161003112793 40.1161003112793 40.1165008544922 40.2065010070801 40.1064987182617 40.1165008544922 40.1064987182617 40.0164985656738 40.0068016052246 40.0068016052246 40.0068016052246 39.9971008300781 39.9870986938477 39.9774017333984 40.067699432373 40.1576995849609 40.2481002807617 40.3381004333496 40.4283981323242 40.4380989074707 40.5381011962891 40.8184013366699 40.8280982971191 40.9376983642578 41.128101348877 41.228099822998 41.3280982971191
38.826099395752 38.9160995483398 38.9165000915527 39.0164985656738 39.1161003112793 39.2160987854004 39.3064994812012 39.4065017700195 39.4165000915527 39.5164985656738 39.6064987182617 39.6161003112793 39.7065010070801 39.8064994812012 39.8161010742188 39.8161010742188 39.9160995483398 39.9160995483398 39.9261016845703 40.0261001586914 40.0161018371582 40.0164985656738 40.0161018371582 39.9261016845703 40.0261001586914 40.0164985656738 40.0164985656738 39.9165000915527 39.9165000915527 39.9067993164062 39.8970985412598 39.8970985412598 39.8874015808105 39.8773994445801 39.8773994445801 39.8773994445801 40.0480995178223 40.0480995178223 40.228401184082 40.4283981323242 40.5280990600586 40.628101348877 40.728099822998 40.8280982971191 40.9281005859375 41.1376991271973 41.228099822998
38.7261009216309 38.826099395752 38.9261016845703 38.8361015319824 39.0161018371582 39.0261001586914 39.1258010864258 39.2160987854004 39.2261009216309 39.3358001708984 39.4258003234863 39.4357986450195 39.5358009338379 39.5358009338379 39.635799407959 39.7257995605469 39.7358016967773 39.7358016967773 39.826099395752 39.8358001708984 39.9261016845703 39.826099395752 39.8361015319824 39.9261016845703 39.9165000915527 39.9165000915527 39.826099395752 39.8165016174316 39.8167991638184 39.8068008422852 39.7067985534668 39.6971015930176 39.6167984008789 39.6874008178711 39.6874008178711 39.7677001953125 39.7677001953125 39.9481010437012 40.0480995178223 40.228099822998 40.4283981323242 40.5381011962891 40.6380996704102 40.7380981445312 40.8476982116699 41.0377006530762 41.1473999023438
38.635799407959 38.635799407959 38.7358016967773 38.8358001708984 38.9261016845703 39.0261001586914 39.135799407959 39.1260986328125 39.2358016967773 39.2358016967773 39.3258018493652 39.4258003234863 39.4357986450195 39.4357986450195 39.635799407959 39.6260986328125 39.635799407959 39.7261009216309 39.7360992431641 39.7360992431641 39.7458000183105 39.826099395752 39.826099395752 39.826099395752 39.7360992431641 39.8165016174316 39.8165016174316 39.7265014648438 39.7164993286133 39.6264991760254 39.5265007019043 39.6068000793457 39.5068016052246 39.4971008300781 39.4071006774902 39.4874000549316 39.6677017211914 39.8381004333496 40.0284004211426 40.1283988952637 40.2380981445312 40.4283981323242 40.628101348877 40.728099822998 40.9281005859375 40.9477005004883 41.0474014282227
38.635799407959 38.7358016967773 38.7360992431641 38.826099395752 38.8457984924316 38.9357986450195 39.0358009338379 39.0358009338379 39.136100769043 39.1458015441895 39.2358016967773 39.3358001708984 39.4261016845703 39.3457984924316 39.44580078125 39.5358009338379 39.5457992553711 39.635799407959 39.635799407959 39.635799407959 39.7261009216309 39.6458015441895 39.6458015441895 39.7360992431641 39.7261009216309 39.7360992431641 39.636100769043 39.6264991760254 39.6264991760254 39.5265007019043 39.5265007019043 39.5167999267578 39.3268013000488 39.3167991638184 39.3070983886719 39.2873992919922 39.3777008056641 39.6384010314941 39.8283996582031 40.0284004211426 40.228401184082 40.3381004333496 40.4477005004883 40.6477012634277 40.7473983764648 40.8573989868164 40.9574012756348
38.5457992553711 38.635799407959 38.6458015441895 38.7358016967773 38.7454986572266 38.8358001708984 38.9357986450195 38.94580078125 38.9555015563965 39.135799407959 39.1458015441895 39.2454986572266 39.2458000183105 39.3457984924316 39.4357986450195 39.44580078125 39.5358009338379 39.5455017089844 39.5457992553711 39.5457992553711 39.6458015441895 39.6458015441895 39.635799407959 39.6458015441895 39.636100769043 39.636100769043 39.636100769043 39.5360984802246 39.5265007019043 39.5265007019043 39.4264984130859 39.3264999389648 39.236499786377 39.1268005371094 39.1268005371094 39.027099609375 39.1973991394043 39.467700958252 39.7481002807617 39.9481010437012 40.0480995178223 40.2481002807617 40.4477005004883 40.5476989746094 40.7574005126953 40.8476982116699 40.9574012756348
38.4555015563965 38.4555015563965 38.4555015563965 38.5555000305176 38.5555000305176 38.6554985046387 38.8554992675781 38.8554992675781 38.9555015563965 38.9555015563965 39.0555000305176 39.1554985046387 39.1651992797852 39.1651992797852 39.3455009460449 39.3652000427246 39.3554992675781 39.4555015563965 39.4555015563965 39.4654998779297 39.5555000305176 39.635799407959 39.635799407959 39.636100769043 39.636100769043 39.5457992553711 39.4557991027832 39.5360984802246 39.5360984802246 39.4460983276367 39.336498260498 39.336498260498 39.236499786377 39.1268005371094 39.0364990234375 39.026798248291 39.2070999145508 39.467700958252 39.6581001281738 39.9481010437012 40.0577011108398 40.2476997375488 40.3577003479004 40.467399597168 40.657398223877 40.7574005126953 40.9574012756348
38.3652000427246 38.4555015563965 38.4654998779297 38.5555000305176 38.5652008056641 38.6554985046387 38.755500793457 38.8554992675781 38.8652000427246 38.8652000427246 38.9654998779297 38.9752006530762 39.0751991271973 39.1651992797852 39.255500793457 39.2654991149902 39.3554992675781 39.3554992675781 39.44580078125 39.4555015563965 39.4555015563965 39.5555000305176 39.5558013916016 39.5457992553711 39.5457992553711 39.5457992553711 39.4557991027832 39.4557991027832 39.4460983276367 39.4361000061035 39.3460998535156 39.336498260498 39.3264999389648 39.236499786377 39.1365013122559 39.1268005371094 39.2168006896973 39.4971008300781 39.6773986816406 39.8674011230469 40.067699432373 40.2577018737793 40.467399597168 40.467399597168 40.6670989990234 40.777099609375 40.967098236084
38.2652015686035 38.2751998901367 38.3652000427246 38.3751983642578 38.5555000305176 38.5751991271973 38.5751991271973 38.6752014160156 38.8554992675781 38.8652000427246 38.9651985168457 39.0555000305176 39.0652008056641 39.1651992797852 39.255500793457 39.255500793457 39.2652015686035 39.3554992675781 39.4555015563965 39.4651985168457 39.4654998779297 39.4654998779297 39.5457992553711 39.4555015563965 39.4654998779297 39.4654998779297 39.4555015563965 39.4557991027832 39.4557991027832 39.4557991027832 39.3460998535156 39.3460998535156 39.3361015319824 39.3264999389648 39.336498260498 39.4168014526367 39.4971008300781 39.5970993041992 39.6971015930176 39.8773994445801 40.1674003601074 40.1870994567871 40.467399597168 40.5674018859863 40.6867980957031 40.777099609375 40.8867988586426
38.1748008728027 38.2652015686035 38.3652000427246 38.3751983642578 38.4651985168457 38.4752006530762 38.5652008056641 38.5848007202148 38.6847991943359 38.7848014831543 38.8748016357422 38.9651985168457 38.9752006530762 39.0747985839844 39.1651992797852 39.1748008728027 39.2652015686035 39.2751998901367 39.3652000427246 39.3751983642578 39.3751983642578 39.4651985168457 39.4555015563965 39.4555015563965 39.4654998779297 39.4654998779297 39.4654998779297 39.4557991027832 39.4557991027832 39.4557991027832 39.4460983276367 39.4460983276367 39.3460998535156 39.4361000061035 39.4264984130859 39.5265007019043 39.6167984008789 39.7067985534668 39.8068008422852 39.9870986938477 40.0968017578125 40.1968002319336 40.396800994873 40.5770988464355 40.6867980957031 40.7868003845215 40.8964996337891
38.0848007202148 38.1847991943359 38.2848014831543 38.3751983642578 38.3847999572754 38.4748001098633 38.4847984313965 38.5747985839844 38.5848007202148 38.6944999694824 38.7848014831543 38.8847999572754 38.8847999572754 38.994499206543 38.994800567627 39.1847991943359 39.1847991943359 39.2848014831543 39.2848014831543 39.3751983642578 39.3751983642578 39.3751983642578 39.4651985168457 39.4752006530762 39.4752006530762 39.4752006530762 39.5555000305176 39.5558013916016 39.5558013916016 39.5457992553711 39.5457992553711 39.4557991027832 39.4460983276367 39.5360984802246 39.5360984802246 39.6264991760254 39.6264991760254 39.8167991638184 39.9967994689941 40.0968017578125 40.0968017578125 40.3871002197266 40.4870986938477 40.5968017578125 40.6968002319336 40.796501159668 40.8964996337891
38.0848007202148 38.1847991943359 38.1948013305664 38.1948013305664 38.2944984436035 38.3847999572754 38.4847984313965 38.5848007202148 38.5945014953613 38.6845016479492 38.7845001220703 38.7848014831543 38.8945007324219 38.9847984313965 38.994499206543 39.0945014953613 39.0945014953613 39.1847991943359 39.2848014831543 39.2848014831543 39.3751983642578 39.4651985168457 39.4651985168457 39.4752006530762 39.4847984313965 39.4752006530762 39.5652008056641 39.5654983520508 39.5654983520508 39.5558013916016 39.6458015441895 39.5558013916016 39.636100769043 39.6460990905762 39.6460990905762 39.7360992431641 39.9165000915527 39.9165000915527 40.0164985656738 40.1165008544922 40.2164993286133 40.4067993164062 40.5065002441406 40.5965003967285 40.7160987854004 40.8161010742188 40.9964981079102
37.994499206543 38.0945014953613 38.0945014953613 38.1944999694824 38.2044982910156 38.2944984436035 38.3142013549805 38.4044990539551 38.5945014953613 38.6944999694824 38.6944999694824 38.7944984436035 38.8945007324219 38.8945007324219 38.994499206543 38.994499206543 39.0945014953613 39.1044998168945 39.2944984436035 39.2848014831543 39.3847999572754 39.3847999572754 39.4752006530762 39.4847984313965 39.5751991271973 39.5751991271973 39.5751991271973 39.5652008056641 39.5751991271973 39.6655006408691 39.6557998657227 39.6557998657227 39.7458000183105 39.7458000183105 39.7458000183105 39.9261016845703 39.9361000061035 40.0261001586914 40.0261001586914 40.2164993286133 40.326099395752 40.4160995483398 40.6064987182617 40.6161003112793 40.8060989379883 40.9061012268066 41.0161018371582
