ENMTML/All_vars/Predictors/EUR_b1_19/bio7.asc
NCOLS 411 
NROWS 214 
XLLCORNER -11.5 
YLLCORNER 35.666666666112 
CELLSIZE 0.166666666666667 
NODATA_value -3.4e+38 
[rows 63 to 83 of 214, columns 141 to 187 of 411]
29.8500003814697 29.8600006103516 29.8600006103516 29.8600006103516 29.8600006103516 29.9500007629395 29.9599990844727 30.0499992370605 30.1499996185303 30.2600002288818 30.3500003814697 30.4599990844727 30.5599994659424 30.7600002288818 30.8500003814697 31.0499992370605 31.25 31.3600006103516 31.5499992370605 31.6599998474121 31.8600006103516 32.0499992370605 31.9599990844727 31.7700004577637 31.6599998474121 31.4699993133545 31.2800006866455 31.1700000762939 30.9799995422363 30.7800006866455 30.5799999237061 30.3899993896484 -3.4e+38 -3.4e+38 -3.4e+38 -3.4e+38 -3.4e+38 -3.4e+38 -3.4e+38 -3.4e+38 -3.4e+38 -3.4e+38 -3.4e+38 -3.4e+38 -3.4e+38 -3.4e+38 -3.4e+38
29.6599998474121 29.6599998474121 29.6599998474121 29.6599998474121 29.7600002288818 29.75 29.7600002288818 29.8600006103516 29.9599990844727 30.0599994659424 30.25 30.3500003814697 30.4599990844727 30.6599998474121 30.7600002288818 30.9500007629395 31.0599994659424 31.25 31.4500007629395 31.5599994659424 31.75 31.8600006103516 31.8500003814697 31.6599998474121 31.4599990844727 31.2700004577637 31.0799999237061 30.8799991607666 30.6800003051758 30.4899997711182 30.3799991607666 30.0900001525879 29.8899993896484 29.7900009155273 -3.4e+38 29.2800006866455 -3.4e+38 -3.4e+38 -3.4e+38 -3.4e+38 -3.4e+38 -3.4e+38 -3.4e+38 -3.4e+38 -3.4e+38 -3.4e+38 -3.4e+38
29.4500007629395 29.4599990844727 29.4599990844727 29.4500007629395 29.5599994659424 29.5599994659424 29.6599998474121 29.7600002288818 29.7600002288818 29.8600006103516 30.0599994659424 30.1599998474121 30.2600002288818 30.5499992370605 30.5599994659424 30.8500003814697 30.9500007629395 31.0599994659424 31.25 31.4500007629395 31.5499992370605 31.6499996185303 31.5499992370605 31.4599990844727 31.1700000762939 30.9699993133545 30.7800006866455 30.5799999237061 30.3799991607666 30.1900005340576 30 29.8899993896484 29.6000003814697 29.4899997711182 29.2900009155273 29.0799999237061 28.8799991607666 -3.4e+38 28.5599994659424 -3.4e+38 -3.4e+38 -3.4e+38 -3.4e+38 -3.4e+38 -3.4e+38 -3.4e+38 -3.4e+38
29.1599998474121 29.1599998474121 29.1599998474121 29.2600002288818 29.2600002288818 29.2700004577637 29.4599990844727 29.4699993133545 29.6599998474121 29.7600002288818 29.8600006103516 30.0599994659424 30.1499996185303 30.2600002288818 30.4500007629395 30.5499992370605 30.75 30.8500003814697 31.0499992370605 31.0599994659424 31.1599998474121 31.25 31.1599998474121 31.0599994659424 30.8700008392334 30.6700000762939 30.4799995422363 30.2800006866455 30.0799999237061 29.9799995422363 29.6900005340576 29.5 29.3999996185303 29.1100006103516 28.8999996185303 28.7000007629395 28.5799999237061 28.4699993133545 28.2600002288818 28.1599998474121 -3.4e+38 -3.4e+38 -3.4e+38 -3.4e+38 -3.4e+38 27.5580997467041 27.4710006713867
28.8600006103516 28.7700004577637 28.8600006103516 28.8700008392334 29.0599994659424 29.0699996948242 29.1599998474121 29.3600006103516 29.3700008392334 29.5599994659424 29.6599998474121 29.7600002288818 29.9599990844727 30.0599994659424 30.1599998474121 30.3500003814697 30.4500007629395 30.6499996185303 30.75 30.7600002288818 30.7600002288818 30.8600006103516 30.7600002288818 30.6700000762939 30.5699996948242 30.3700008392334 30.2700004577637 29.9799995422363 29.7900009155273 29.6900005340576 29.3999996185303 29.2099990844727 29.0100002288818 28.8099994659424 28.6100006103516 28.3999996185303 28.2800006866455 28.1700000762939 27.9599990844727 27.8500003814697 27.6499996185303 -3.4e+38 -3.4e+38 -3.4e+38 -3.4e+38 -3.4e+38 -3.4e+38
28.3600006103516 28.4599990844727 28.5599994659424 28.6599998474121 28.7600002288818 28.8600006103516 28.8700008392334 29.0699996948242 29.2600002288818 29.3600006103516 29.4599990844727 29.5599994659424 29.6599998474121 29.8600006103516 29.9599990844727 30.1599998474121 30.25 30.2600002288818 30.4500007629395 30.5499992370605 30.4599990844727 30.5499992370605 30.4599990844727 30.2700004577637 30.2700004577637 30.0699996948242 29.8700008392334 29.6800003051758 29.4799995422363 29.2900009155273 29.1000003814697 28.8099994659424 28.7099990844727 28.5100002288818 28.2999992370605 28.0900001525879 27.8799991607666 27.7700004577637 27.6499996185303 27.5499992370605 27.3451995849609 27.2451992034912 -3.4e+38 -3.4e+38 -3.4e+38 -3.4e+38 -3.4e+38
27.9699993133545 28.0699996948242 28.1700000762939 28.3700008392334 28.4699993133545 28.5699996948242 28.6599998474121 28.7700004577637 28.9599990844727 29.0699996948242 29.2600002288818 29.3700008392334 29.4599990844727 29.5599994659424 29.6599998474121 29.8600006103516 29.9500007629395 30.0599994659424 30.0599994659424 30.1599998474121 30.1599998474121 30.1599998474121 30.0699996948242 29.9599990844727 29.8700008392334 29.6700000762939 29.4799995422363 29.2800006866455 29.0900001525879 28.8899993896484 28.7000007629395 28.5 28.3999996185303 28.1100006103516 27.9899997711182 27.7800006866455 27.5699996948242 27.4699993133545 27.2600002288818 27.2399997711182 27.1399993896484 27.0452003479004 26.9580993652344 -3.4e+38 -3.4e+38 -3.4e+38 -3.4e+38
27.4699993133545 27.6700000762939 27.8700008392334 27.9699993133545 28.0799999237061 28.2700004577637 28.4699993133545 28.5699996948242 28.6700000762939 28.7700004577637 28.9699993133545 29.1599998474121 29.2700004577637 29.3600006103516 29.5599994659424 29.6499996185303 29.6599998474121 29.75 29.7600002288818 29.8600006103516 29.8600006103516 29.8600006103516 29.6599998474121 29.5699996948242 29.4699993133545 29.3700008392334 29.1800003051758 28.9799995422363 28.7800006866455 28.5900001525879 28.3899993896484 28.2900009155273 28 27.7999992370605 27.5900001525879 27.3799991607666 27.2700004577637 27.1599998474121 27.0499992370605 26.8500003814697 -3.4e+38 -3.4e+38 -3.4e+38 -3.4e+38 -3.4e+38 -3.4e+38 -3.4e+38
27.0799999237061 27.2700004577637 27.4710006713867 27.6700000762939 27.7709999084473 27.9710006713867 28.1700000762939 28.2700004577637 28.371000289917 28.5699996948242 28.7700004577637 28.8700008392334 29.0599994659424 29.0699996948242 29.2600002288818 29.3600006103516 29.4500007629395 29.4500007629395 29.5499992370605 29.4599990844727 29.5499992370605 29.4500007629395 29.3600006103516 29.2600002288818 29.1700000762939 28.9699993133545 28.8700008392334 28.6700000762939 28.4799995422363 28.2800006866455 28.0799999237061 27.8899993896484 27.6800003051758 27.5699996948242 27.3700008392334 27.0699996948242 27.0499992370605 26.8500003814697 26.7399997711182 26.5452003479004 -3.4e+38 -3.4e+38 -3.4e+38 -3.4e+38 -3.4e+38 -3.4e+38 -3.4e+38
26.5839004516602 26.871000289917 27.0709991455078 27.2800006866455 27.4799995422363 27.6800003051758 27.871000289917 27.9799995422363 28.1709995269775 28.3700008392334 28.5699996948242 28.6700000762939 28.8600006103516 28.8700008392334 29.0599994659424 29.1599998474121 29.25 29.1599998474121 29.1499996185303 29.25 29.25 29.1599998474121 29.0599994659424 28.9599990844727 28.7700004577637 28.6700000762939 28.4699993133545 28.2700004577637 28.0799999237061 27.9699993133545 27.6800003051758 27.4799995422363 27.3700008392334 27.0699996948242 26.9599990844727 26.8500003814697 26.7299995422363 26.5400009155273 26.3451995849609 26.3451995849609 -3.4e+38 -3.4e+38 -3.4e+38 -3.4e+38 -3.4e+38 -3.4e+38 -3.4e+38
26.1839008331299 26.5709991455078 26.7709999084473 27.0709991455078 27.1839008331299 27.4710006713867 27.5799999237061 27.7800006866455 27.9799995422363 28.1700000762939 28.3700008392334 28.4799995422363 28.5699996948242 28.6700000762939 28.8600006103516 28.8700008392334 28.9599990844727 28.8600006103516 28.8600006103516 28.9500007629395 28.8500003814697 28.7600002288818 28.75 28.5599994659424 28.4599990844727 28.3700008392334 28.1599998474121 27.9699993133545 27.7700004577637 27.5699996948242 27.3700008392334 27.2600002288818 27.0599994659424 26.7600002288818 26.6499996185303 26.5400009155273 26.4300003051758 26.2322998046875 26.1452007293701 -3.4e+38 -3.4e+38 -3.4e+38 -3.4e+38 -3.4e+38 -3.4e+38 -3.4e+38 -3.4e+38
25.8967990875244 26.1839008331299 26.4839000701904 26.6900005340576 26.9839000701904 27.1839008331299 27.3799991607666 27.4899997711182 27.6900005340576 27.9699993133545 28.1700000762939 28.2800006866455 28.3799991607666 28.4699993133545 28.5699996948242 28.6700000762939 28.7600002288818 28.6599998474121 28.6599998474121 28.6599998474121 28.5599994659424 28.5599994659424 28.3600006103516 28.3600006103516 28.1599998474121 27.9699993133545 27.7700004577637 27.5699996948242 27.4599990844727 27.2600002288818 26.9699993133545 26.8600006103516 26.6499996185303 26.5499992370605 26.3400001525879 26.1399993896484 -3.4e+38 -3.4e+38 -3.4e+38 -3.4e+38 -3.4e+38 -3.4e+38 -3.4e+38 -3.4e+38 -3.4e+38 -3.4e+38 -3.4e+38
25.5967998504639 25.8838996887207 26.1968002319336 26.4839000701904 26.783899307251 26.8899993896484 27.1839008331299 27.2900009155273 27.4899997711182 27.7800006866455 27.9699993133545 28.0799999237061 28.2700004577637 28.2800006866455 28.3700008392334 28.3700008392334 28.4699993133545 28.4599990844727 28.4599990844727 28.3600006103516 28.3600006103516 28.1599998474121 28.0599994659424 27.9599990844727 27.8600006103516 27.6599998474121 27.4699993133545 27.3600006103516 27.1599998474121 26.9599990844727 26.7600002288818 26.6499996185303 26.3500003814697 -3.4e+38 -3.4e+38 -3.4e+38 -3.4e+38 -3.4e+38 -3.4e+38 -3.4e+38 -3.4e+38 -3.4e+38 -3.4e+38 -3.4e+38 -3.4e+38 -3.4e+38 -3.4e+38
25.2096996307373 25.5967998504639 25.9967994689941 26.1968002319336 26.4839000701904 26.7800006866455 26.8899993896484 27.0900001525879 27.3799991607666 27.5799999237061 27.7800006866455 27.8899993896484 28.0799999237061 28.0799999237061 28.1700000762939 28.1800003051758 28.2700004577637 28.1700000762939 28.1599998474121 28.0599994659424 28.0599994659424 27.8600006103516 27.8600006103516 27.6599998474121 27.5599994659424 27.2600002288818 27.1599998474121 26.9500007629395 26.7600002288818 26.6499996185303 -3.4e+38 -3.4e+38 -3.4e+38 -3.4e+38 -3.4e+38 -3.4e+38 -3.4e+38 -3.4e+38 -3.4e+38 -3.4e+38 -3.4e+38 -3.4e+38 -3.4e+38 -3.4e+38 -3.4e+38 -3.4e+38 -3.4e+38
25.1096992492676 25.4097003936768 25.6096992492676 25.8967990875244 26.2900009155273 26.4899997711182 26.7900009155273 26.9899997711182 27.1900005340576 27.3799991607666 27.5900001525879 27.7800006866455 27.8799991607666 27.9799995422363 27.9799995422363 27.9799995422363 27.9799995422363 27.9699993133545 27.9599990844727 27.8600006103516 27.8600006103516 27.6599998474121 27.5599994659424 27.3600006103516 27.2600002288818 27.0599994659424 26.8600006103516 26.6499996185303 26.4500007629395 -3.4e+38 -3.4e+38 -3.4e+38 -3.4e+38 -3.4e+38 -3.4e+38 -3.4e+38 -3.4e+38 -3.4e+38 -3.4e+38 -3.4e+38 -3.4e+38 -3.4e+38 -3.4e+38 -3.4e+38 -3.4e+38 -3.4e+38 -3.4e+38
24.9225997924805 25.2096996307373 25.5097007751465 25.7968006134033 25.9967994689941 26.2900009155273 26.5900001525879 26.7900009155273 27.0900001525879 27.1900005340576 27.4899997711182 27.5900001525879 27.6900005340576 27.7900009155273 27.7900009155273 27.7800006866455 27.7800006866455 27.7800006866455 27.7600002288818 27.6700000762939 27.4599990844727 27.3700008392334 27.2600002288818 27.0599994659424 26.8600006103516 26.7600002288818 26.6499996185303 26.4500007629395 26.1499996185303 -3.4e+38 -3.4e+38 -3.4e+38 -3.4e+38 -3.4e+38 -3.4e+38 -3.4e+38 -3.4e+38 -3.4e+38 -3.4e+38 -3.4e+38 -3.4e+38 -3.4e+38 -3.4e+38 -3.4e+38 -3.4e+38 -3.4e+38 -3.4e+38
24.7226009368896 25.0226001739502 25.309700012207 25.5967998504639 25.8967990875244 26.0967998504639 26.3899993896484 26.6900005340576 26.7900009155273 27.0900001525879 27.2900009155273 27.3899993896484 27.5900001525879 27.5900001525879 27.5900001525879 27.6700000762939 27.5799999237061 27.5699996948242 27.5599994659424 27.3700008392334 27.2600002288818 27.1599998474121 26.9599990844727 26.8500003814697 26.6499996185303 26.4500007629395 26.3500003814697 26.0499992370605 25.9500007629395 -3.4e+38 -3.4e+38 -3.4e+38 -3.4e+38 -3.4e+38 -3.4e+38 -3.4e+38 -3.4e+38 -3.4e+38 -3.4e+38 -3.4e+38 -3.4e+38 -3.4e+38 -3.4e+38 -3.4e+38 -3.4e+38 -3.4e+38 -3.4e+38
24.6354999542236 24.9225997924805 25.2226009368896 25.5097007751465 25.6968002319336 26 26.2900009155273 26.4899997711182 26.6000003814697 26.7999992370605 27.0900001525879 27.2900009155273 27.4899997711182 27.4799995422363 27.4899997711182 27.3799991607666 27.3799991607666 27.2800006866455 27.2700004577637 27.1700000762939 27.0599994659424 26.8600006103516 26.75 26.5499992370605 26.3600006103516 26.25 26.0499992370605 25.9400005340576 25.6452007293701 -3.4e+38 -3.4e+38 -3.4e+38 -3.4e+38 -3.4e+38 -3.4e+38 -3.4e+38 -3.4e+38 -3.4e+38 -3.4e+38 -3.4e+38 23.8225994110107 23.9225997924805 24.1226005554199 24.3225994110107 -3.4e+38 -3.4e+38 -3.4e+38
24.5484008789062 24.9354991912842 25.2096996307373 25.3967990875244 25.5967998504639 25.8899993896484 26.0900001525879 26.2900009155273 26.3999996185303 26.6000003814697 26.8999996185303 27.1000003814697 27.2900009155273 27.2900009155273 27.1900005340576 27.1800003051758 27.1800003051758 27.1700000762939 27.0699996948242 26.8700008392334 26.7600002288818 26.5599994659424 26.4599990844727 26.2600002288818 26.0499992370605 25.9500007629395 25.75 25.5580997467041 -3.4e+38 -3.4e+38 -3.4e+38 -3.4e+38 -3.4e+38 -3.4e+38 -3.4e+38 -3.4e+38 -3.4e+38 -3.4e+38 23.3225994110107 23.5226001739502 23.7226009368896 23.8225994110107 -3.4e+38 -3.4e+38 -3.4e+38 -3.4e+38 -3.4e+38
24.7612991333008 24.9484004974365 25.1226005554199 25.309700012207 25.5900001525879 25.6968002319336 25.8899993896484 25.9899997711182 26.1900005340576 26.3999996185303 26.6900005340576 26.7999992370605 26.9899997711182 27.0900001525879 26.9899997711182 26.8899993896484 26.9799995422363 26.9699993133545 26.8700008392334 26.6700000762939 26.5599994659424 26.3600006103516 26.1599998474121 26.0499992370605 25.8500003814697 25.7581005096436 25.5580997467041 25.3581008911133 -3.4e+38 -3.4e+38 -3.4e+38 -3.4e+38 -3.4e+38 -3.4e+38 -3.4e+38 -3.4e+38 -3.4e+38 23.2096996307373 23.2226009368896 23.3225994110107 23.5226001739502 -3.4e+38 -3.4e+38 -3.4e+38 -3.4e+38 -3.4e+38 -3.4e+38
25.06130027771 25.1483993530273 25.3225994110107 25.309700012207 25.4839000701904 25.5839004516602 25.6900005340576 25.8799991607666 26.0900001525879 26.1900005340576 26.3899993896484 26.4899997711182 26.6000003814697 26.6900005340576 26.7800006866455 26.7800006866455 26.7800006866455 26.6800003051758 26.5699996948242 26.3700008392334 26.2600002288818 26.1581001281738 25.9580993652344 25.7581005096436 25.6581001281738 25.5580997467041 25.3581008911133 25.1709995269775 -3.4e+38 -3.4e+38 -3.4e+38 -3.4e+38 -3.4e+38 -3.4e+38 -3.4e+38 -3.4e+38 -3.4e+38 23.2226009368896 23.2226009368896 23.3355007171631 23.4354991912842 -3.4e+38 -3.4e+38 -3.4e+38 -3.4e+38 -3.4e+38 -3.4e+38
