ENMTML/All_vars/Predictors/EUR_b1_19/bio8.asc
NCOLS 411 
NROWS 214 
XLLCORNER -11.5 
YLLCORNER 35.666666666112 
CELLSIZE 0.166666666666667 
NODATA_value -3.4e+38 
[rows 147 to 167 of 214, columns 188 to 234 of 411]
18.6460208892822 18.6800308227539 18.6655902862549 18.6490592956543 18.6758403778076 18.6925296783447 18.6741905212402 18.7112407684326 18.7628898620605 18.7585296630859 18.7765693664551 18.7618999481201 18.6102104187012 18.3940505981445 18.17991065979 17.7839298248291 14.242259979248 12.3839998245239 14.2489595413208 14.5286598205566 15.2643098831177 16.3917999267578 16.3840103149414 16.8355903625488 17.3530807495117 17.3958892822266 16.9078197479248 16.8415107727051 16.7901706695557 17.0179691314697 16.0993595123291 13.7687797546387 12.4384098052979 14.7691297531128 14.0170202255249 12.4366502761841 13.3982095718384 13.3982095718384 14.0597801208496 15.7999496459961 17.3107795715332 17.2600898742676 17.8760395050049 17.5307807922363 17.6689701080322 18.0814800262451 18.5871601104736
18.6464004516602 18.6608600616455 18.6329708099365 18.6282291412354 18.6282291412354 18.6343002319336 18.6464195251465 18.6839904785156 18.714750289917 18.7666091918945 18.8288898468018 18.7799205780029 18.6130599975586 17.433780670166 16.4571304321289 17.963680267334 15.7506799697876 12.3839998245239 12.6012496948242 11.9234800338745 12.2281999588013 14.8015604019165 16.0171794891357 16.898099899292 17.2330799102783 17.1830806732178 17.1364707946777 17.0358295440674 17.4513092041016 17.1584606170654 16.4565505981445 15.5710897445679 13.5238704681396 13.3145704269409 13.6573696136475 14.4929800033569 13.20751953125 13.3075199127197 13.4741697311401 14.6456298828125 16.7534008026123 17.123010635376 18.0973300933838 17.7017307281494 17.5724201202393 18.0521202087402 18.172420501709
18.6103706359863 19.0993404388428 19.1314601898193 19.1155490875244 18.5799503326416 18.6277599334717 18.6178302764893 18.6336002349854 18.6523208618164 18.7014694213867 18.7334594726562 18.7469100952148 18.5969104766846 18.3341007232666 16.9864807128906 16.7340698242188 16.0679206848145 13.1799097061157 14.3911895751953 13.7868499755859 13.7334604263306 14.9231595993042 15.6628503799438 17.3030796051025 17.503080368042 17.3030796051025 17.3240203857422 17.3033199310303 17.4939193725586 17.3179607391357 16.7993507385254 16.1898498535156 15.2280902862549 15.1784400939941 12.4977197647095 15.0857801437378 13.8499803543091 13.0813598632812 14.2503204345703 15.6581296920776 16.3902492523193 17.123010635376 17.8514194488525 17.9264602661133 17.9105491638184 18.0583305358887 18.3930606842041
19.0746097564697 19.1139698028564 19.1183109283447 19.135160446167 19.1023998260498 18.5966205596924 18.5841503143311 18.6330890655518 18.6330890655518 18.6327590942383 18.5014705657959 17.6507797241211 17.8489208221436 17.2339305877686 17.3866291046143 17.3840808868408 17.8265895843506 16.5817203521729 15.7321100234985 15.0493602752686 13.9075002670288 14.5472497940063 16.754020690918 17.7940196990967 17.4946708679199 17.3689804077148 17.3240203857422 17.1067790985107 16.9636306762695 17.1158599853516 16.9991607666016 16.4638996124268 16.2898502349854 15.7950897216797 14.9094800949097 13.5405197143555 15.3024301528931 14.3168201446533 13.2645101547241 14.8001203536987 16.7118301391602 17.6561603546143 17.5768508911133 18.392370223999 18.3917198181152 18.5299091339111 18.8340091705322
19.1224002838135 19.1623992919922 19.1620006561279 19.1566295623779 18.6285800933838 18.6162891387939 18.6334590911865 18.6044998168945 18.5394992828369 18.4708003997803 18.338809967041 17.9531002044678 17.8866291046143 17.8238201141357 17.7006797790527 17.6472301483154 16.9469795227051 17.3323593139648 16.8573207855225 16.0627593994141 15.8711700439453 16.3143291473389 17.9992809295654 17.6802291870117 17.5599308013916 17.3274192810059 17.1267795562744 16.8767795562744 16.4636306762695 16.7397003173828 16.4304008483887 16.3635501861572 16.6877498626709 16.3043899536133 16.404390335083 15.5596199035645 14.6075201034546 15.4431200027466 15.0382499694824 13.946439743042 14.9744596481323 16.5474891662598 17.0671005249023 18.2670993804932 18.8464603424072 19.0458106994629 19.1214904785156
18.5802097320557 19.2261009216309 19.2050590515137 19.1850605010986 18.6321506500244 18.6849994659424 18.73583984375 18.6583595275879 18.5415191650391 18.3915195465088 18.1583595275879 18.1912002563477 18.1867809295654 18.238639831543 18.119930267334 18.1351108551025 18.0810794830322 17.7776203155518 18.1860408782959 17.3086605072021 17.9429893493652 17.8229904174805 17.5361404418945 17.566780090332 17.1842708587646 17.0767803192139 16.664270401001 16.7302303314209 16.6502304077148 16.453929901123 16.747049331665 16.8542499542236 16.828239440918 15.6926298141479 16.4522895812988 15.6834697723389 15.9668302536011 16.6503200531006 14.6970796585083 12.8127403259277 14.3783102035522 16.6265697479248 17.2059192657471 18.4211902618408 19.1880493164062 19.4074001312256 19.1783409118652
18.7458992004395 18.7947292327881 18.7615795135498 18.7292804718018 18.7653007507324 18.8011608123779 18.7913608551025 18.7938995361328 18.7746696472168 18.7106895446777 18.6251907348633 18.6429996490479 18.473970413208 18.0739707946777 17.409200668335 15.7430601119995 14.8458099365234 16.2064609527588 18.0907802581787 18.0039291381836 16.4911804199219 14.6509504318237 14.217490196228 13.6894798278809 15.1700000762939 16.5508804321289 17.0467796325684 17.0004806518555 16.6370792388916 16.3239307403564 16.3432903289795 16.5615901947021 16.328239440918 16.2429790496826 16.9596290588379 16.8264808654785 16.0503196716309 15.4761400222778 13.2018098831177 11.5431499481201 13.3205299377441 16.0306606292725 17.1634101867676 18.7252902984619 19.5780391693115 19.7442493438721 19.6324405670166
18.8946800231934 18.899730682373 18.883960723877 18.8846492767334 18.9191703796387 18.9024696350098 18.8915691375732 18.8122291564941 18.7627601623535 18.6462306976318 18.3832702636719 18.193359375 18.2095108032227 18.1133995056152 16.717399597168 16.0589599609375 15.48464012146 16.4105491638184 17.5648708343506 16.5148696899414 14.131890296936 11.5941200256348 11.4072704315186 10.0913600921631 10.7419996261597 12.1056804656982 15.2527599334717 12.4188299179077 10.4279098510742 9.30195999145508 10.0782604217529 11.6045703887939 13.6235303878784 15.6926298141479 14.4405202865601 14.6978702545166 13.37034034729 13.8981103897095 13.4022102355957 13.075909614563 13.8073797225952 15.7019996643066 17.7002601623535 18.8989906311035 19.7192401885986 19.914249420166 19.9642505645752
18.9669094085693 19.0184497833252 19.0541496276855 19.0410194396973 19.058219909668 19.0279197692871 18.9619197845459 18.8480892181396 18.6841106414795 18.4982395172119 18.3143997192383 17.7654209136963 17.6797103881836 17.3939990997314 17.7569599151611 15.5005502700806 12.8793802261353 12.2828397750854 11.4834699630737 13.9637098312378 15.0096101760864 14.4477996826172 10.3313598632812 10.3454599380493 12.8740997314453 13.6509504318237 15.5727596282959 14.3921203613281 12.9009504318237 12.3378000259399 11.6542196273804 12.3662099838257 12.5030603408813 10.2617597579956 12.039270401001 12.1886301040649 12.6707401275635 13.8896999359131 15.370530128479 15.9032897949219 16.8513107299805 17.5722503662109 17.9868698120117 19.2405700683594 19.7405700683594 19.9067802429199 20.0585994720459
18.8860893249512 19.074670791626 19.0943698883057 19.2467498779297 19.2307395935059 19.1164493560791 19.0342903137207 18.8831005096436 18.6715202331543 18.4696598052979 17.9721603393555 17.3985691070557 16.6477203369141 14.991250038147 15.962010383606 15.003999710083 10.607569694519 11.5159902572632 12.2459897994995 13.7578001022339 13.8374004364014 15.0930595397949 13.4977998733521 13.2325296401978 12.6825304031372 13.4709501266479 15.8580303192139 16.3401393890381 16.1201400756836 15.9569902420044 15.8610801696777 15.6884603500366 13.7476902008057 13.5672903060913 14.5993995666504 14.9696998596191 15.9808702468872 16.8039302825928 17.240779876709 17.5560398101807 18.2334098815918 18.7743606567383 19.0771198272705 19.5980606079102 19.7642803192139 19.3244495391846 19.4722690582275
18.3477096557617 18.84840965271 19.1511001586914 19.4192695617676 19.4238395690918 19.104320526123 18.9024600982666 18.8430500030518 18.6398506164551 18.1910190582275 18.3043003082275 16.7037792205811 15.2509202957153 14.2125301361084 16.0450096130371 14.9277896881104 13.8230600357056 16.0658092498779 16.351749420166 17.5148792266846 17.9800090789795 17.8487205505371 17.6157207489014 17.6747608184814 17.358850479126 17.771369934082 18.0875091552734 17.9716091156006 17.2763404846191 17.1722507476807 17.2959499359131 16.8125495910645 16.8621501922607 17.127420425415 17.3011207580566 17.4663791656494 18.1166801452637 18.4694404602051 18.5056400299072 18.3722496032715 18.7465896606445 19.5371208190918 19.6433296203613 19.7224102020264 19.2926292419434 19.359619140625 19.4379005432129
18.8985500335693 19.0511093139648 19.2389907836914 19.6427001953125 19.6925296783447 19.3763809204102 18.9083595275879 18.5235004425049 18.596399307251 18.4766693115234 17.9946899414062 16.7379493713379 16.135929107666 16.5650405883789 15.5111703872681 16.0902805328369 15.8071298599243 16.9034099578857 18.0120105743408 18.3291702270508 18.5439891815186 18.1627006530762 18.0775203704834 17.7962303161621 17.7132301330566 17.875659942627 18.9068698883057 17.995059967041 17.5953006744385 17.9153003692627 18.1480598449707 17.8321495056152 17.9642696380615 18.3136291503906 18.6132297515869 18.7366790771484 19.0769290924072 19.3769302368164 18.9840106964111 19.0836906433105 19.1476593017578 19.1079196929932 19.128490447998 19.1968193054199 19.2591094970703 19.308780670166 19.3753204345703
18.8842601776123 19.0558395385742 19.2602005004883 19.4958896636963 19.3285503387451 19.4578399658203 19.1728191375732 18.9266891479492 18.6807308197021 18.212869644165 18.0931396484375 16.7231197357178 16.7523994445801 15.6961803436279 15.6461801528931 17.6695594787598 17.317699432373 17.8636608123779 18.2600002288818 18.345329284668 18.5742893218994 18.6599998474121 18.5369300842285 18.1744899749756 18.3413391113281 18.2416591644287 18.6751899719238 18.0773696899414 18.4674205780029 18.4805698394775 18.6349105834961 18.8295307159424 18.9163799285889 18.9873294830322 19.140079498291 18.7720394134521 18.9988193511963 19.1338291168213 19.2649803161621 19.2979907989502 19.3079204559326 19.2306709289551 19.2136707305908 19.2419300079346 19.2796802520752 19.311990737915 19.3264808654785
18.6007900238037 18.967960357666 19.0748691558838 18.8236808776855 18.7063102722168 18.6587009429932 18.6916999816895 18.8080005645752 18.5408401489258 18.0813694000244 17.9101696014404 17.0877895355225 17.035400390625 16.7461891174316 17.1273307800293 17.4338607788086 18.3099594116211 18.7907695770264 18.0574493408203 18.3554306030273 18.6221103668213 19.0180702209473 18.9177494049072 18.7696094512939 18.7383193969727 18.7031402587891 19.0573501586914 18.6554908752441 18.5580501556396 18.6223392486572 18.574520111084 18.6223392486572 18.7533302307129 18.8742198944092 18.951150894165 19.0484409332275 19.198299407959 19.3331699371338 19.3452796936035 19.3430995941162 19.3158493041992 19.296989440918 19.2609691619873 19.2793006896973 19.2958297729492 19.2968502044678 19.2838897705078
18.2108993530273 18.6469192504883 18.8512802124023 18.6400108337402 18.4418697357178 18.5065402984619 18.3708400726318 18.5066890716553 18.2428703308105 17.9765396118164 16.9401397705078 16.88796043396 16.4813709259033 17.179500579834 17.3227596282959 17.7350692749023 18.4509201049805 18.4576206207275 18.0631504058838 17.7585391998291 17.8252601623535 18.2711391448975 18.7165298461914 18.7742195129395 19.0975608825684 19.202299118042 19.3361396789551 19.1363105773926 18.9672794342041 19.0218105316162 18.9218101501465 18.9864807128906 19.0172996520996 19.0693397521973 19.1506309509277 19.2314491271973 19.3143005371094 19.3789691925049 19.413459777832 19.3969898223877 19.3462905883789 19.3461494445801 19.2961502075195 19.2667198181152 19.2490291595459 19.2481803894043 19.2461605072021
17.5605697631836 18.027889251709 18.3178100585938 17.6891593933105 17.5748691558838 18.1398696899414 18.073709487915 18.3209991455078 18.1400203704834 17.5396709442139 16.6576805114746 16.4196300506592 15.7330799102783 15.9767799377441 16.7566108703613 17.4688301086426 18.6077404022217 18.5964298248291 18.6299991607666 18.3635692596436 18.2805004119873 18.483570098877 18.7074909210205 18.9538707733154 18.8824100494385 18.7656803131104 19.5516204833984 19.5984191894531 19.2686195373535 19.28782081604 19.28782081604 19.2837791442871 19.287670135498 19.2814502716064 19.2833099365234 19.3306102752686 19.3785991668701 18.749340057373 18.7942295074463 18.7789897918701 19.3814792633057 19.3311595916748 19.3974800109863 19.3512096405029 19.3523807525635 19.300199508667 19.280330657959
15.8378295898438 15.7920503616333 16.4238605499268 17.1578807830811 16.2789096832275 17.2755699157715 17.9237098693848 17.7237091064453 17.4094104766846 16.983829498291 16.0558204650879 14.1992301940918 15.2520999908447 16.2221603393555 16.8335990905762 17.5525302886963 18.0020408630371 18.4801998138428 18.1882400512695 18.2634391784668 18.29714012146 19.0999298095703 19.1789608001709 19.0707206726074 19.2498798370361 18.9447708129883 18.9163093566895 19.7367992401123 19.7327709197998 19.4389896392822 19.4369697570801 19.5046691894531 19.4997901916504 19.4666404724121 18.7456398010254 18.7123699188232 18.6701793670654 18.7206707000732 18.8279991149902 18.8570308685303 18.7412891387939 18.5871696472168 19.11549949646 19.1151790618896 19.0165195465088 19.08251953125 18.8673801422119
15.9592800140381 16.6189708709717 16.533670425415 17.1215591430664 17.1932106018066 17.4773807525635 16.7127704620361 16.5890598297119 17.2094097137451 17.4138202667236 15.8959999084473 14.2946195602417 16.0491504669189 17.1313209533691 17.6504497528076 17.2504501342773 17.6077709197998 17.6046504974365 18.3463001251221 18.4550895690918 18.6050891876221 18.6976509094238 18.7896995544434 18.7148990631104 19.4704208374023 19.170919418335 19.1377696990967 19.2215404510498 19.2553100585938 19.0008296966553 18.8890209197998 18.9496994018555 18.8838996887207 18.9574508666992 18.7584495544434 18.7702503204346 18.9489097595215 18.8780708312988 18.6947898864746 18.4790592193604 18.274450302124 18.1087093353271 17.9592094421387 17.8675308227539 17.7298393249512 18.5177001953125 17.7307205200195
15.1929302215576 16.3134002685547 16.1887798309326 16.1480102539062 17.4522590637207 17.1398296356201 16.5829601287842 16.6268291473389 16.9323596954346 17.6715202331543 16.5841903686523 15.8414602279663 15.5160799026489 15.7498502731323 17.0110893249512 16.1280193328857 17.3061790466309 17.112190246582 17.7710990905762 18.2462997436523 18.1051998138428 18.3803997039795 18.4062194824219 19.4976196289062 19.4046897888184 19.5379695892334 19.4625091552734 19.4339694976807 19.4834804534912 19.3559398651123 19.100830078125 19.2008304595947 19.0514392852783 19.0294895172119 19.0586395263672 19.0326805114746 18.6213703155518 18.2167491912842 17.9836807250977 17.7836799621582 17.4627094268799 17.4750194549561 17.4261302947998 17.3506698608398 17.4640998840332 17.4724102020264 17.4930305480957
13.2765798568726 14.247540473938 14.7970504760742 13.306079864502 14.9434795379639 14.7641201019287 16.0519409179688 17.3069705963135 17.650749206543 17.4720897674561 17.6341991424561 16.909309387207 15.0716800689697 15.4160804748535 17.0161991119385 14.9836196899414 15.3909502029419 16.152889251709 16.8949508666992 17.6123008728027 17.9463005065918 18.2216091156006 18.4141693115234 18.5473194122314 19.0766506195068 19.0104198455811 19.150899887085 18.9846706390381 19.1177501678467 18.8845901489258 18.8126392364502 18.9131393432617 18.9209499359131 18.9209499359131 18.8709506988525 18.2214393615723 18.0668296813965 17.8959808349609 17.5381698608398 17.3964805603027 16.3584899902344 16.0332794189453 16.0085906982422 16.1344203948975 17.0810203552246 16.4767608642578 16.5774898529053
12.6883897781372 12.7832698822021 12.4930000305176 12.7020301818848 15.510199546814 13.4933500289917 13.8101997375488 16.6473293304443 16.6237697601318 14.9426498413086 16.3139190673828 17.0276203155518 16.0355701446533 16.0880393981934 15.3764295578003 14.7275800704956 12.4853096008301 12.5516595840454 15.6343698501587 16.8365802764893 17.7375106811523 17.954870223999 17.9468097686768 18.7363796234131 18.9323902130127 19.1060104370117 19.1351699829102 19.0733604431152 18.8020191192627 18.3182506561279 18.914249420166 19.0087108612061 18.7709503173828 18.7714405059814 18.7500991821289 18.2168292999268 16.9496994018555 16.4496994018555 16.8248996734619 16.4828395843506 16.3248996734619 15.9749002456665 16.0002002716064 16.392370223999 16.1514492034912 16.3605403900146 16.3938999176025
