ENMTML/All_vars/Predictors/EUR_b1_19/bio8.asc
NCOLS 411 
NROWS 214 
XLLCORNER -11.5 
YLLCORNER 35.666666666112 
CELLSIZE 0.166666666666667 
NODATA_value -3.4e+38 
[rows 42 to 62 of 214, columns 188 to 234 of 411]
11.3326396942139 11.3331604003906 11.5189399719238 10.9698600769043 11.2356996536255 11.4070196151733 10.83726978302 10.9531698226929 10.0742597579956 -3.4e+38 -3.4e+38 -3.4e+38 -3.4e+38 -3.4e+38 -3.4e+38 -3.4e+38 -3.4e+38 -3.4e+38 -3.4e+38 -3.4e+38 -3.4e+38 -3.4e+38 -3.4e+38 11.5664901733398 11.5410804748535 11.4368495941162 12.1697101593018 12.1400699615479 12.1224403381348 12.0889596939087 12.6785497665405 12.6272802352905 12.4686098098755 12.4988803863525 12.5383396148682 13.1352596282959 12.6126699447632 13.0491104125977 12.9726800918579 12.9726800918579 12.9157495498657 12.8226699829102 12.9157495498657 12.9393301010132 12.9559803009033 12.8966703414917 12.8555097579956
11.9376001358032 11.8717203140259 11.2406997680664 11.4569301605225 11.5286598205566 11.7448902130127 11.0860500335693 -3.4e+38 -3.4e+38 -3.4e+38 -3.4e+38 -3.4e+38 -3.4e+38 -3.4e+38 -3.4e+38 -3.4e+38 -3.4e+38 -3.4e+38 -3.4e+38 -3.4e+38 -3.4e+38 11.6094598770142 11.5923404693604 11.5043697357178 12.1603698730469 12.06369972229 12.0609197616577 12.1070699691772 12.0746202468872 12.0598001480103 12.6165199279785 12.5817604064941 12.5527296066284 12.588339805603 13.1421804428101 13.0657501220703 13.0421800613403 12.9726800918579 12.9726800918579 12.9222097396851 12.8393201828003 12.7226800918579 12.7226800918579 12.7819900512695 12.8393297195435 12.8393297195435 12.762900352478
12.0887298583984 11.5115404129028 11.7286596298218 11.8111600875854 11.8703603744507 11.0939998626709 -3.4e+38 -3.4e+38 -3.4e+38 -3.4e+38 -3.4e+38 -3.4e+38 -3.4e+38 -3.4e+38 -3.4e+38 -3.4e+38 -3.4e+38 -3.4e+38 -3.4e+38 11.6432600021362 11.5944900512695 11.5178003311157 11.4469604492188 11.3548002243042 12.0498695373535 11.9470901489258 11.9779195785522 11.9467000961304 11.9596700668335 12.6434602737427 12.6671600341797 12.7362499237061 12.624210357666 12.5737400054932 13.0352602005005 13.0828800201416 13.0657501220703 13.1226797103882 13.0657501220703 12.9889001846313 12.8750600814819 12.8888998031616 12.9055595397949 12.7726697921753 12.8124799728394 12.989330291748 12.9369401931763
11.8495101928711 11.9161701202393 12.0753602981567 12.0370101928711 -3.4e+38 -3.4e+38 11.2345895767212 -3.4e+38 -3.4e+38 -3.4e+38 -3.4e+38 -3.4e+38 -3.4e+38 -3.4e+38 -3.4e+38 -3.4e+38 -3.4e+38 11.662540435791 11.6537303924561 11.5978803634644 11.5770301818848 11.4731798171997 12.1509799957275 12.0361700057983 11.9066295623779 11.8009300231934 11.8675498962402 11.8334302902222 12.4322395324707 12.4638299942017 12.4341602325439 12.5868902206421 12.6445798873901 12.5604600906372 12.9731502532959 12.9490995407104 12.9889001846313 12.9657497406006 13.0888996124268 13.2060298919678 13.1226797103882 13.1060304641724 13.1726703643799 13.1486396789551 13.0393295288086 13.172679901123 13.1133699417114
12.2194595336914 -3.4e+38 -3.4e+38 -3.4e+38 -3.4e+38 -3.4e+38 -3.4e+38 -3.4e+38 -3.4e+38 -3.4e+38 -3.4e+38 -3.4e+38 -3.4e+38 -3.4e+38 -3.4e+38 -3.4e+38 11.7037601470947 11.6504201889038 11.6166801452637 11.5241098403931 11.4869899749756 11.4490299224854 12.1279897689819 12.0258102416992 11.8895101547241 11.7553901672363 11.7339401245117 12.3913803100586 12.3288698196411 12.402440071106 12.467679977417 12.4755001068115 12.5077295303345 12.514949798584 12.8967199325562 12.9731502532959 13.0888996124268 12.9060201644897 12.9564399719238 13.0967197418213 13.2800703048706 13.2560300827026 13.2560300827026 13.3653297424316 13.3653297424316 13.3560199737549 13.3564500808716
-3.4e+38 -3.4e+38 -3.4e+38 -3.4e+38 -3.4e+38 -3.4e+38 -3.4e+38 -3.4e+38 -3.4e+38 -3.4e+38 -3.4e+38 -3.4e+38 -3.4e+38 -3.4e+38 11.7638397216797 11.7305002212524 11.6304903030396 11.5762596130371 11.5550298690796 11.4462203979492 12.0679998397827 12.0784597396851 12.044469833374 11.9796495437622 11.8477096557617 11.786600112915 12.2899303436279 12.2267799377441 12.2123899459839 12.2865600585938 12.3886499404907 12.3635101318359 12.3997097015381 12.568790435791 13.1393804550171 12.605640411377 12.9698696136475 13.0967197418213 13.2800703048706 13.2800703048706 13.3629503250122 12.7675104141235 13.1893796920776 13.1417598724365 13.4986896514893 13.4227304458618 13.3231496810913
-3.4e+38 -3.4e+38 -3.4e+38 -3.4e+38 -3.4e+38 -3.4e+38 -3.4e+38 -3.4e+38 11.3744602203369 11.3573303222656 12.1065502166748 12.0344295501709 11.9431495666504 11.838529586792 11.7721796035767 11.6063404083252 11.5308799743652 11.5141401290894 12.1713895797729 12.1377897262573 12.0895700454712 11.9867897033691 12.0191602706909 11.9960098266602 11.8305902481079 11.6955299377441 12.1739196777344 12.1937799453735 12.1838703155518 12.2037200927734 12.2937803268433 12.529990196228 12.4497098922729 12.5403995513916 12.6562795639038 12.6897602081299 12.6594896316528 13.1448202133179 13.3629503250122 13.3791799545288 13.0050001144409 12.9391202926636 12.8175096511841 12.9010000228882 13.1318998336792 13.1142702102661 13.0663499832153
-3.4e+38 -3.4e+38 -3.4e+38 -3.4e+38 -3.4e+38 -3.4e+38 -3.4e+38 -3.4e+38 -3.4e+38 -3.4e+38 12.1727800369263 12.031120300293 11.9311199188232 11.8435297012329 11.7489204406738 11.594690322876 11.5067195892334 11.5362596511841 12.2602996826172 12.1916303634644 12.1223297119141 11.9741201400757 12.0196695327759 11.935040473938 11.8350400924683 12.2264499664307 12.1082096099854 12.1482601165771 12.2338695526123 12.1707201004028 12.2982597351074 12.5635004043579 12.6035499572754 12.7404003143311 12.8139696121216 12.8431301116943 12.9008197784424 12.8266096115112 13.2698698043823 12.9594898223877 13.0963296890259 13.0727701187134 13.039119720459 13.0687503814697 13.2319002151489 13.3642702102661 13.5044498443604
-3.4e+38 -3.4e+38 -3.4e+38 -3.4e+38 -3.4e+38 -3.4e+38 -3.4e+38 -3.4e+38 12.2348604202271 12.1852798461914 12.1436195373535 12.0194702148438 11.913990020752 11.764760017395 11.6701402664185 11.5825595855713 11.5666799545288 12.2317399978638 12.2170495986938 12.1312599182129 12.1268997192383 12.0263004302979 11.8571300506592 11.7878198623657 12.3027496337891 12.1947298049927 12.0752096176147 12.1120595932007 12.2022800445557 12.3586902618408 12.3448896408081 12.4851102828979 12.6258096694946 12.644889831543 12.701470375061 12.7810897827148 13.0876703262329 13.0633296966553 13.0185899734497 13.0350704193115 13.1391201019287 13.2062397003174 13.2687501907349 13.21875 13.2681102752686 13.4675903320312 13.6861696243286
-3.4e+38 -3.4e+38 -3.4e+38 -3.4e+38 -3.4e+38 -3.4e+38 -3.4e+38 -3.4e+38 12.2177400588989 12.1390104293823 12.0653200149536 11.8815002441406 11.6864995956421 11.4826498031616 12.1131601333618 12.2157697677612 12.2845602035522 12.198260307312 12.1550102233887 12.0187101364136 11.9962100982666 11.9978704452515 11.9279699325562 12.2873802185059 12.169750213623 12.1578798294067 12.080940246582 12.0461797714233 12.1198701858521 12.3586902618408 12.4665002822876 12.5685901641846 12.5830202102661 12.7816095352173 12.7230701446533 12.8685903549194 13.1262798309326 13.0679397583008 13.1843004226685 13.2929697036743 13.3100900650024 13.3600902557373 13.3892498016357 13.3386001586914 13.372730255127 13.4499597549438 13.6702899932861
-3.4e+38 -3.4e+38 -3.4e+38 -3.4e+38 -3.4e+38 -3.4e+38 -3.4e+38 -3.4e+38 12.2060899734497 12.1723604202271 11.9648504257202 11.8078203201294 11.6198501586914 11.9943799972534 12.0626497268677 12.2015495300293 12.1174402236938 12.1220102310181 12.1213998794556 12.0550098419189 12.0038900375366 11.9807500839233 11.9637603759766 12.4386301040649 12.2748804092407 12.2381496429443 12.1731195449829 12.1631698608398 12.2362298965454 12.2796497344971 12.2823801040649 12.4855899810791 12.6955299377441 12.816499710083 12.8750400543213 13.0637702941895 13.0262804031372 13.1679401397705 13.3298101425171 13.2969398498535 13.4140596389771 13.3772096633911 13.3568496704102 13.4765701293945 12.9135103225708 13.0448503494263 13.7584199905396
-3.4e+38 -3.4e+38 -3.4e+38 -3.4e+38 -3.4e+38 -3.4e+38 -3.4e+38 -3.4e+38 12.3057098388672 12.1607103347778 11.9985799789429 11.7985801696777 11.5652303695679 12.2099199295044 12.1461601257324 11.9686803817749 11.9846801757812 12.1220102310181 12.1027097702026 12.0031700134277 12.0187101364136 12.5240201950073 12.5903797149658 12.5431098937988 12.4261198043823 12.3381500244141 12.3743600845337 12.4105701446533 12.4375095367432 12.6105699539185 12.5171403884888 12.5730800628662 12.659930229187 12.7368297576904 12.8599195480347 13.0137701034546 13.3230400085449 13.4014301300049 13.4179401397705 13.4140596389771 13.4430904388428 13.3634195327759 13.443699836731 13.5720901489258 12.9970302581787 13.0897598266602 13.1256704330444
-3.4e+38 -3.4e+38 -3.4e+38 -3.4e+38 -3.4e+38 -3.4e+38 -3.4e+38 -3.4e+38 -3.4e+38 12.2931604385376 12.1435899734497 11.9156999588013 11.6535797119141 12.1450996398926 12.0638904571533 11.9643201828003 12.0016803741455 12.0033397674561 12.0066699981689 12.008339881897 12.6581401824951 12.5581398010254 12.6575002670288 12.7767601013184 12.6640796661377 12.675479888916 12.5491800308228 12.6480598449707 12.737509727478 12.8946895599365 12.7506198883057 12.9197101593018 13.0440502166748 13.0368299484253 13.1198301315308 13.4185495376587 13.5401601791382 13.4810600280762 13.4855499267578 13.4147100448608 13.3943395614624 12.7173595428467 12.8662099838257 13.0315704345703 13.0328102111816 13.1278495788574 13.2278499603271
-3.4e+38 -3.4e+38 -3.4e+38 -3.4e+38 -3.4e+38 -3.4e+38 -3.4e+38 -3.4e+38 -3.4e+38 12.3106698989868 12.1027803421021 11.953200340271 11.7827396392822 11.6873502731323 12.2638902664185 12.2022800445557 12.135290145874 12.1198301315308 12.0918502807617 12.7251300811768 12.6289796829224 12.5802297592163 12.6158304214478 12.8113498687744 12.8424701690674 12.9800901412964 12.9162998199463 12.9974203109741 13.0551099777222 13.0072002410889 13.0525102615356 13.1829900741577 13.078800201416 13.1421203613281 13.4632596969604 13.6791000366211 13.5033102035522 13.4772100448608 13.3488302230835 13.4988298416138 12.9052295684814 12.9365301132202 13.0519895553589 13.1486902236938 13.1315698623657 13.1948499679565 13.1426696777344
-3.4e+38 -3.4e+38 -3.4e+38 -3.4e+38 -3.4e+38 -3.4e+38 -3.4e+38 -3.4e+38 -3.4e+38 12.3811302185059 12.2931699752808 12.1865501403809 12.0981998443604 11.9039697647095 12.4967699050903 12.3490695953369 12.2732496261597 12.2556104660034 12.8560495376587 12.8935403823853 12.8308696746826 12.8058500289917 12.8836002349854 12.9659595489502 13.0312004089355 13.0339298248291 12.9656600952148 12.9821796417236 13.0222301483154 13.1590795516968 13.0940504074097 13.2671003341675 13.353949546814 13.4566802978516 13.6901597976685 13.6263704299927 13.5460901260376 12.9080200195312 13.0239000320435 13.0908899307251 13.1370496749878 13.1387195587158 13.1871795654297 13.1998100280762 13.1680002212524 13.2096700668335 13.2113304138184
-3.4e+38 -3.4e+38 -3.4e+38 -3.4e+38 -3.4e+38 -3.4e+38 -3.4e+38 -3.4e+38 -3.4e+38 -3.4e+38 12.4481601715088 12.3315496444702 12.2207098007202 12.0923204421997 12.6639003753662 12.5489501953125 12.4545803070068 12.4100999832153 12.9863195419312 13.1333904266357 13.2194700241089 13.1233196258545 13.1886901855469 13.354700088501 13.1976804733276 12.9970397949219 12.9959201812744 13.2156600952148 13.2025003433228 13.2090797424316 13.1914396286011 13.2782897949219 12.8849401473999 13.0321598052979 13.1151599884033 13.0129804611206 13.0459804534912 13.0750198364258 13.1453800201416 13.1459798812866 13.2228298187256 13.2370500564575 13.2244997024536 12.4520702362061 12.4803304672241 12.5094804763794 12.558970451355
-3.4e+38 -3.4e+38 -3.4e+38 -3.4e+38 -3.4e+38 -3.4e+38 -3.4e+38 -3.4e+38 -3.4e+38 -3.4e+38 12.5381698608398 12.4370203018188 12.3202800750732 12.2544803619385 12.8122301101685 12.753529548645 12.6694097518921 12.6084299087524 13.1540899276733 13.1999101638794 13.3410797119141 13.2487802505493 13.3777704238892 13.5494403839111 13.3806896209717 13.3016500473022 13.3497695922852 13.4525003433228 12.8568601608276 12.7086496353149 12.6910104751587 12.7536897659302 12.9542398452759 13.1206398010254 13.1843395233154 13.0850601196289 13.1778001785278 13.2113103866577 13.112979888916 13.1607999801636 12.4825201034546 12.4862499237061 12.449520111084 12.6220102310181 12.7336597442627 12.7082004547119 12.6919803619385
-3.4e+38 -3.4e+38 -3.4e+38 -3.4e+38 -3.4e+38 -3.4e+38 -3.4e+38 -3.4e+38 -3.4e+38 -3.4e+38 12.5482501983643 12.5195198059082 12.5490503311157 12.4415502548218 12.9502000808716 12.8683795928955 12.7529201507568 12.654580116272 13.220609664917 13.3492698669434 13.3883495330811 13.5631704330444 13.6670198440552 13.5862903594971 13.4982795715332 13.6103200912476 12.962550163269 12.9125499725342 12.8097696304321 12.9256401062012 12.9086503982544 12.9058599472046 13.0843801498413 13.2212400436401 13.2025699615479 13.2333898544312 13.1992797851562 13.1140899658203 12.434289932251 12.5083599090576 12.5533599853516 12.5746002197266 12.582010269165 12.6941404342651 12.7553997039795 12.7679100036621 12.8081998825073
-3.4e+38 -3.4e+38 -3.4e+38 -3.4e+38 -3.4e+38 -3.4e+38 -3.4e+38 -3.4e+38 -3.4e+38 -3.4e+38 12.6766004562378 12.5820198059082 12.5703601837158 12.5582895278931 12.4415502548218 13.0293502807617 12.9034299850464 12.8067598342896 13.3029699325562 13.3113098144531 13.3872404098511 13.4790496826172 13.6614103317261 13.7551698684692 13.6790704727173 13.0982103347778 13.0653400421143 13.010890007019 13.0625495910645 13.0745897293091 13.0591602325439 12.9064702987671 12.874529838562 13.1717500686646 12.5852098464966 12.5027103424072 12.5852098464966 12.585599899292 12.621789932251 12.5842895507812 12.6621704101562 12.6792097091675 12.5699796676636 11.8933000564575 11.91921043396 11.9355897903442 11.9276399612427
-3.4e+38 -3.4e+38 -3.4e+38 -3.4e+38 -3.4e+38 -3.4e+38 -3.4e+38 -3.4e+38 -3.4e+38 11.9754104614258 11.9333600997925 12.6815996170044 12.6820201873779 12.6207895278931 12.6049499511719 12.4094800949097 12.9331903457642 12.9029197692871 12.8717098236084 13.4409399032593 13.4689998626709 13.4722099304199 13.5893297195435 13.5841999053955 13.6259899139404 13.0664501190186 13.197790145874 13.1636695861816 13.1087102890015 13.0250997543335 12.9778299331665 12.9591598510742 12.9921703338623 12.4419898986816 12.4994096755981 12.439829826355 12.473560333252 12.6027202606201 12.6643695831299 12.7597599029541 12.7555198669434 11.8928098678589 11.8769197463989 11.8769197463989 11.8774003982544 11.8933000564575 11.9773998260498
-3.4e+38 -3.4e+38 -3.4e+38 -3.4e+38 -3.4e+38 -3.4e+38 -3.4e+38 -3.4e+38 12.0260095596313 12.0672197341919 12.0415496826172 12.0745697021484 12.8083400726318 12.8204002380371 12.7595596313477 12.6544799804688 13.162859916687 13.0661897659302 13.021710395813 13.0102300643921 13.5265502929688 13.5134000778198 13.5134000778198 13.5139999389648 13.5175304412842 13.0191402435303 13.1131200790405 13.196120262146 13.2938499450684 13.1920900344849 12.4500303268433 12.5120601654053 12.4962196350098 12.5078601837158 12.6082496643066 12.6824102401733 12.6661796569824 11.8578500747681 11.9002799987793 11.9923295974731 12.0254497528076 12.0342397689819 12.0598001480103 12.042670249939 12.026780128479 12.026780128479 12.0853500366211
