ENMTML/All_vars/Predictors/EUR_b1_19/bio8.asc
NCOLS 411 
NROWS 214 
XLLCORNER -11.5 
YLLCORNER 35.666666666112 
CELLSIZE 0.166666666666667 
NODATA_value -3.4e+38 
[rows 168 to 188 of 214, columns 47 to 93 of 411]
7.93897914886475 9.38777923583984 9.2130241394043 9.4915657043457 9.10546016693115 9.14776992797852 8.83354187011719 9.02241802215576 9.23637771606445 10.0012397766113 9.58312892913818 8.51345825195312 8.13373184204102 7.46608877182007 8.47090911865234 8.47998142242432 8.38126468658447 8.17257881164551 7.95609903335571 7.82306098937988 7.58174419403076 7.04009389877319 7.94922780990601 13.4497804641724 13.3106002807617 14.0675802230835 14.334400177002 14.4404296875 14.0603199005127 14.1620597839355 14.1931295394897 14.372670173645 14.3606395721436 13.6995496749878 9.17045879364014 9.21943187713623 10.297869682312 10.8293895721436 11.9525499343872 12.2572498321533 12.3774700164795 13.3093700408936 13.2608995437622 -3.4e+38 -3.4e+38 -3.4e+38 -3.4e+38
6.125 6.97461223602295 8.13257122039795 8.28531837463379 8.35781383514404 6.93149423599243 7.70364093780518 7.93416595458984 8.08699512481689 7.83677101135254 6.40825319290161 6.1150951385498 6.38746500015259 5.50341176986694 5.55343580245972 4.60353803634644 5.99228811264038 6.29782915115356 5.656907081604 5.26478385925293 5.3896222114563 6.52669715881348 11.4703502655029 12.0500898361206 12.0291996002197 13.3900604248047 13.9112195968628 14.2120399475098 14.1832399368286 14.1200399398804 14.4532403945923 13.8389596939087 13.9897298812866 13.9570302963257 13.469409942627 9.820387840271 9.36674880981445 11.0313596725464 11.7274703979492 12.269100189209 13.5442695617676 -3.4e+38 -3.4e+38 -3.4e+38 -3.4e+38 -3.4e+38 -3.4e+38
7.07709217071533 7.31021404266357 6.70202922821045 6.31130981445312 6.54544878005981 7.1289701461792 7.21786594390869 6.43928909301758 6.46106290817261 5.48740816116333 5.22421503067017 6.13227987289429 5.46135377883911 4.5059118270874 4.10212898254395 3.54664897918701 2.73558402061462 0.76315051317215 2.71470308303833 6.01308679580688 5.11712408065796 7.3477840423584 4.6621789932251 5.97268104553223 9.04272270202637 10.3370599746704 10.3714199066162 10.1474895477295 11.4590301513672 12.5049896240234 10.8183097839355 12.6709995269775 12.0461902618408 12.4175996780396 12.6683702468872 13.0460796356201 12.232780456543 10.2507400512695 11.3501195907593 12.9881496429443 -3.4e+38 -3.4e+38 -3.4e+38 -3.4e+38 -3.4e+38 -3.4e+38 -3.4e+38
5.77179718017578 6.86279582977295 6.82067489624023 7.14545106887817 7.76281785964966 7.42069721221924 6.16064882278442 5.89929819107056 5.60413599014282 5.79762315750122 5.65574884414673 6.24960422515869 5.69776582717896 5.95531606674194 5.57814598083496 4.70727920532227 4.64236783981323 3.1993579864502 6.10814523696899 4.12396383285522 3.38927292823792 2.90753507614136 2.97504496574402 4.35152101516724 4.33280181884766 6.8013072013855 7.68161487579346 5.12066698074341 5.54936504364014 7.42526483535767 6.86537313461304 8.65557479858398 9.15557384490967 8.72806262969971 9.9871654510498 11.0155601501465 12.6519603729248 12.260350227356 13.3196601867676 14.0727300643921 -3.4e+38 -3.4e+38 -3.4e+38 -3.4e+38 -3.4e+38 -3.4e+38 -3.4e+38
6.64547300338745 7.23760986328125 6.64881992340088 6.96449518203735 8.47863483428955 7.29834699630737 6.93267297744751 7.0334792137146 7.47640705108643 7.67729520797729 7.45576906204224 7.11023616790771 5.8877158164978 6.01575899124146 6.95380592346191 5.95219087600708 5.79398107528687 5.88563919067383 10.0036201477051 8.98937606811523 7.75268983840942 7.21820688247681 7.08274698257446 6.30275917053223 4.92985010147095 3.97939300537109 3.96067500114441 2.94073605537415 6.38506317138672 7.64775419235229 3.55253291130066 5.08501100540161 3.79309606552124 3.68106889724731 6.7785267829895 9.19921779632568 11.3524703979492 10.6393699645996 13.1545600891113 14.0335597991943 15.0049800872803 -3.4e+38 -3.4e+38 -3.4e+38 -3.4e+38 -3.4e+38 -3.4e+38
5.51747417449951 5.35758590698242 5.68314504623413 5.9331488609314 7.40373182296753 8.17515277862549 13.3309202194214 14.9409999847412 15.2201595306396 14.6926298141479 8.21282005310059 8.2301082611084 7.88926792144775 7.47198104858398 6.42117404937744 5.60299587249756 10.6935396194458 11.383939743042 10.7347202301025 10.5644598007202 9.45118808746338 9.29821872711182 11.3237400054932 10.6872596740723 10.2187795639038 8.79728984832764 9.67921161651611 7.56339502334595 8.81043910980225 7.83454990386963 10.5229902267456 7.22332191467285 7.47332191467285 10.2530698776245 3.23133611679077 2.85732197761536 6.14048719406128 11.8874702453613 14.4331998825073 14.6078300476074 14.3426904678345 -3.4e+38 -3.4e+38 -3.4e+38 -3.4e+38 -3.4e+38 -3.4e+38
5.36948013305664 4.40789699554443 8.08914184570312 8.13591480255127 9.31442737579346 10.939169883728 10.948450088501 11.0454998016357 11.9774398803711 14.6606798171997 14.896559715271 9.31523704528809 8.88736915588379 8.7363452911377 8.31136512756348 13.4538097381592 12.6242704391479 12.2499303817749 11.4467000961304 10.9492702484131 10.2305402755737 10.540789604187 11.6195697784424 12.4630899429321 12.1916103363037 11.9982404708862 12.0851001739502 12.3027095794678 10.4320096969604 11.1058797836304 12.0393495559692 7.89255285263062 8.54411315917969 10.5912303924561 11.4523296356201 11.0480604171753 13.2987604141235 13.8906898498535 17.32666015625 16.8631000518799 17.2640991210938 15.7117795944214 -3.4e+38 -3.4e+38 -3.4e+38 -3.4e+38 -3.4e+38
10.6592397689819 10.3690500259399 10.5215196609497 8.29558944702148 8.17214870452881 8.4766092300415 8.90909671783447 9.53987503051758 10.5680999755859 12.1938199996948 13.8640003204346 15.7922201156616 15.4091196060181 14.7143898010254 14.9498596191406 14.6193399429321 14.0183601379395 14.2370796203613 13.1098699569702 13.0400199890137 12.5300998687744 13.5365896224976 13.9113903045654 13.7694396972656 12.5502500534058 13.3986101150513 12.8034801483154 13.8346395492554 12.7922201156616 13.2411203384399 13.2340297698975 12.7886695861816 12.5490798950195 14.6021995544434 14.1786699295044 14.4957799911499 13.1547899246216 16.5465202331543 17.7931900024414 16.9730205535889 17.4313907623291 -3.4e+38 -3.4e+38 -3.4e+38 -3.4e+38 -3.4e+38 -3.4e+38
10.8656797409058 10.2756099700928 10.4021596908569 10.7219295501709 9.91993427276611 9.9327278137207 10.3477201461792 10.7395095825195 10.3064403533936 11.6858997344971 13.4561700820923 14.7187204360962 15.4533996582031 15.629150390625 15.6624202728271 14.4557304382324 13.9752101898193 15.0254602432251 14.0757102966309 14.6176595687866 14.6344003677368 14.5444498062134 15.2379703521729 15.2607698440552 14.4363403320312 14.2806196212769 14.5862302780151 14.9354095458984 15.5318803787231 15.3450803756714 14.1411199569702 14.3911199569702 15.0839996337891 18.5027198791504 15.168999671936 17.8570709228516 16.4877300262451 16.7931900024414 16.7133197784424 16.5540504455566 17.2108592987061 -3.4e+38 -3.4e+38 -3.4e+38 -3.4e+38 -3.4e+38 -3.4e+38
11.7387599945068 11.4888696670532 11.8822002410889 11.5262699127197 11.2900495529175 11.1898403167725 11.4510898590088 11.8421096801758 11.5125799179077 12.2004699707031 10.1992197036743 11.6155004501343 14.1898698806763 15.7053203582764 15.7242097854614 15.9425001144409 15.7803201675415 15.6073398590088 14.2492904663086 14.0382795333862 15.1032800674438 15.5542497634888 16.1440391540527 16.1983890533447 16.5101795196533 16.3386993408203 16.6406803131104 16.3363399505615 15.729229927063 14.8344697952271 14.0064496994019 14.4400196075439 18.1946506500244 18.5085506439209 17.0480003356934 16.2532196044922 15.9133996963501 18.1466598510742 17.1268196105957 16.8003692626953 -3.4e+38 -3.4e+38 -3.4e+38 -3.4e+38 -3.4e+38 -3.4e+38 -3.4e+38
11.6520204544067 11.535400390625 11.7520198822021 12.4493503570557 12.2483701705933 12.2751398086548 12.0251398086548 12.099419593811 11.9516000747681 11.7500801086426 12.3310499191284 12.7893295288086 14.4202299118042 15.5197696685791 16.1740303039551 15.79248046875 15.7966804504395 16.2998905181885 16.0388793945312 15.324330329895 14.7918395996094 15.2381296157837 15.8888998031616 16.6333904266357 16.9906997680664 17.3320198059082 16.958179473877 16.307559967041 17.2526397705078 16.1561393737793 16.046350479126 17.1698303222656 17.4565601348877 18.1499996185303 18.2867298126221 18.8702507019043 17.6322898864746 17.5279502868652 -3.4e+38 -3.4e+38 -3.4e+38 -3.4e+38 -3.4e+38 -3.4e+38 -3.4e+38 -3.4e+38 -3.4e+38
11.2652797698975 11.2918395996094 10.9319095611572 10.8752098083496 11.0752096176147 11.2783298492432 12.1729602813721 12.0619802474976 12.4791803359985 13.4618997573853 13.51891040802 14.2171497344971 14.4614000320435 14.6493902206421 15.4485197067261 15.2357702255249 14.9301700592041 16.2638206481934 16.4231090545654 16.4373302459717 15.7251100540161 15.8388795852661 16.4519004821777 16.54541015625 17.1576900482178 16.445930480957 15.4163799285889 14.5463600158691 15.5274496078491 16.0114898681641 15.5641002655029 16.4271602630615 17.8007507324219 17.9112892150879 18.5577201843262 18.5268497467041 -3.4e+38 -3.4e+38 -3.4e+38 -3.4e+38 -3.4e+38 -3.4e+38 -3.4e+38 -3.4e+38 -3.4e+38 -3.4e+38 -3.4e+38
10.835129737854 8.74852085113525 9.13512229919434 9.42842388153076 10.6316499710083 11.0816602706909 10.7513999938965 11.8562698364258 12.9394397735596 13.8786497116089 14.0200004577637 14.2131500244141 14.1085596084595 13.1393804550171 14.2222900390625 13.7257604598999 14.4953498840332 15.6290197372437 16.6434993743896 16.5343894958496 15.9814901351929 16.1935806274414 16.067590713501 15.8573303222656 15.906120300293 16.349739074707 15.1999998092651 14.1914796829224 14.8741397857666 16.9576797485352 16.87672996521 18.303129196167 17.5310707092285 17.022029876709 18.2338409423828 -3.4e+38 -3.4e+38 -3.4e+38 -3.4e+38 -3.4e+38 -3.4e+38 -3.4e+38 -3.4e+38 -3.4e+38 -3.4e+38 -3.4e+38 -3.4e+38
9.58511734008789 9.24504375457764 10.2618999481201 10.5916900634766 11.398509979248 11.6250600814819 10.8948097229004 11.4688301086426 10.9680404663086 11.151969909668 12.2007398605347 12.572039604187 12.5135698318481 13.8828296661377 13.2884798049927 13.0366802215576 13.6241502761841 14.0294303894043 15.3454704284668 15.9127197265625 15.26296043396 15.3872098922729 15.3514204025269 15.5026702880859 14.3726797103882 16.6450996398926 15.1812200546265 16.2150707244873 17.5404300689697 17.8283195495605 -3.4e+38 -3.4e+38 -3.4e+38 -3.4e+38 -3.4e+38 -3.4e+38 -3.4e+38 -3.4e+38 -3.4e+38 -3.4e+38 -3.4e+38 -3.4e+38 -3.4e+38 -3.4e+38 -3.4e+38 -3.4e+38 -3.4e+38
7.35835218429565 7.50816583633423 7.6950569152832 7.94526100158691 11.4241800308228 11.6316299438477 11.1647796630859 10.8381004333496 11.5985698699951 10.9310598373413 12.0411195755005 12.1145801544189 12.3472003936768 13.4143295288086 13.4664001464844 12.3117198944092 12.3318195343018 13.5338296890259 14.0686502456665 14.3720102310181 14.9014301300049 14.2137603759766 14.5190296173096 13.5781602859497 14.7164697647095 15.2927503585815 15.8263502120972 -3.4e+38 -3.4e+38 -3.4e+38 -3.4e+38 -3.4e+38 -3.4e+38 -3.4e+38 -3.4e+38 -3.4e+38 -3.4e+38 -3.4e+38 -3.4e+38 -3.4e+38 -3.4e+38 -3.4e+38 -3.4e+38 -3.4e+38 -3.4e+38 -3.4e+38 -3.4e+38
8.74282455444336 8.47789573669434 8.41546821594238 9.18712329864502 11.1699600219727 11.1865797042847 11.3698501586914 11.534740447998 10.5346298217773 11.1781101226807 10.9403400421143 11.5403203964233 11.4997701644897 13.56715965271 12.7039098739624 11.3955602645874 11.298469543457 11.6348400115967 11.9544801712036 13.1300096511841 13.6677103042603 13.1430997848511 11.8928699493408 12.0483198165894 15.41858959198 17.4784507751465 17.9248104095459 -3.4e+38 -3.4e+38 -3.4e+38 -3.4e+38 -3.4e+38 -3.4e+38 -3.4e+38 -3.4e+38 -3.4e+38 -3.4e+38 -3.4e+38 -3.4e+38 -3.4e+38 -3.4e+38 -3.4e+38 -3.4e+38 -3.4e+38 -3.4e+38 -3.4e+38 -3.4e+38
9.54656791687012 9.12100982666016 8.94811820983887 8.18405818939209 10.7189598083496 11.7154903411865 11.3156404495239 10.8218603134155 10.9779300689697 9.85448169708252 9.89219665527344 9.2052001953125 10.5688400268555 11.815710067749 12.5071897506714 12.0487804412842 11.2269296646118 10.9981803894043 10.6829996109009 10.4568901062012 12.3485097885132 12.5512199401855 12.5833597183228 14.9283800125122 16.2492904663086 17.3047294616699 -3.4e+38 -3.4e+38 -3.4e+38 -3.4e+38 -3.4e+38 -3.4e+38 -3.4e+38 -3.4e+38 -3.4e+38 -3.4e+38 -3.4e+38 -3.4e+38 -3.4e+38 -3.4e+38 -3.4e+38 -3.4e+38 -3.4e+38 -3.4e+38 -3.4e+38 -3.4e+38 -3.4e+38
8.93785190582275 9.57657146453857 8.51069068908691 8.48788356781006 8.40082836151123 11.8673496246338 11.3236303329468 12.1217203140259 11.1175098419189 10.4144096374512 8.84106826782227 8.93879222869873 9.66823959350586 11.6146898269653 12.8896503448486 12.7604398727417 10.9850597381592 10.2431602478027 8.07759952545166 9.40797424316406 11.7145900726318 12.3750095367432 14.5460796356201 15.6716899871826 16.9112091064453 -3.4e+38 -3.4e+38 -3.4e+38 -3.4e+38 -3.4e+38 -3.4e+38 -3.4e+38 -3.4e+38 -3.4e+38 -3.4e+38 -3.4e+38 -3.4e+38 -3.4e+38 -3.4e+38 -3.4e+38 -3.4e+38 -3.4e+38 -3.4e+38 -3.4e+38 -3.4e+38 -3.4e+38 -3.4e+38
9.30037879943848 9.57293128967285 9.07524871826172 9.10033130645752 9.00293731689453 11.5413703918457 11.1623201370239 10.8532495498657 10.1044101715088 10.0633096694946 9.47433567047119 8.77444934844971 9.73880863189697 10.3190202713013 12.7210597991943 12.8342199325562 12.3055200576782 12.5542697906494 10.5497598648071 11.1446504592896 12.6605396270752 14.7356100082397 15.7213001251221 16.7388000488281 -3.4e+38 -3.4e+38 -3.4e+38 -3.4e+38 -3.4e+38 -3.4e+38 -3.4e+38 -3.4e+38 -3.4e+38 -3.4e+38 -3.4e+38 -3.4e+38 -3.4e+38 -3.4e+38 -3.4e+38 -3.4e+38 -3.4e+38 -3.4e+38 -3.4e+38 -3.4e+38 -3.4e+38 -3.4e+38 -3.4e+38
10.397910118103 9.78719902038574 9.70839691162109 9.55465507507324 8.74048900604248 11.2332696914673 10.7887296676636 10.3786602020264 10.4910202026367 9.84294891357422 9.51330852508545 10.2843799591064 11.2565698623657 11.1363296508789 12.8427200317383 10.0492496490479 10.520170211792 12.6177196502686 13.8547496795654 13.7683296203613 15.3207902908325 16.3447608947754 16.7190704345703 -3.4e+38 -3.4e+38 -3.4e+38 -3.4e+38 -3.4e+38 -3.4e+38 -3.4e+38 -3.4e+38 -3.4e+38 -3.4e+38 -3.4e+38 -3.4e+38 -3.4e+38 -3.4e+38 -3.4e+38 -3.4e+38 -3.4e+38 -3.4e+38 -3.4e+38 -3.4e+38 -3.4e+38 -3.4e+38 15.4337596893311 15.5922498703003
9.87063694000244 9.50425910949707 9.32295322418213 9.15465354919434 11.143759727478 11.58899974823 11.3553695678711 10.9619197845459 10.7962999343872 10.1929502487183 10.8737297058105 11.8077201843262 11.0479097366333 12.3383197784424 12.9167003631592 12.6741600036621 11.2061901092529 12.0857801437378 14.0438003540039 14.6150598526001 16.477560043335 17.8917293548584 -3.4e+38 -3.4e+38 -3.4e+38 -3.4e+38 -3.4e+38 -3.4e+38 -3.4e+38 -3.4e+38 -3.4e+38 -3.4e+38 -3.4e+38 -3.4e+38 -3.4e+38 -3.4e+38 -3.4e+38 -3.4e+38 -3.4e+38 13.383469581604 15.074390411377 -3.4e+38 -3.4e+38 -3.4e+38 -3.4e+38 15.4848098754883 15.3507099151611
