ENMTML/All_vars/Predictors/EUR_b1_19/bio8.asc
NCOLS 411 
NROWS 214 
XLLCORNER -11.5 
YLLCORNER 35.666666666112 
CELLSIZE 0.166666666666667 
NODATA_value -3.4e+38 
[rows 42 to 62 of 214, columns 282 to 328 of 411]
9.14443206787109 9.18747615814209 9.29751300811768 -3.4e+38 -3.4e+38 -3.4e+38 -3.4e+38 -3.4e+38 -3.4e+38 -3.4e+38 -3.4e+38 -3.4e+38 -3.4e+38 -3.4e+38 8.25667381286621 9.16163063049316 8.85593128204346 8.76039600372314 8.78186225891113 8.75381278991699 8.74328517913818 8.69291210174561 8.65407085418701 8.74216747283936 8.91326141357422 8.95842266082764 9.01958847045898 9.04068088531494 8.92356777191162 9.93309879302979 10.8906097412109 11.7734098434448 12.4705495834351 12.9201002120972 13.1630001068115 13.1131296157837 13.1857099533081 13.130669593811 12.9808902740479 12.7697296142578 12.7259502410889 12.742600440979 12.7257299423218 12.6816596984863 12.6364698410034 12.5425996780396 12.4650897979736
9.20421504974365 9.26340866088867 9.3187255859375 8.2782735824585 8.36536979675293 -3.4e+38 -3.4e+38 -3.4e+38 -3.4e+38 -3.4e+38 -3.4e+38 -3.4e+38 -3.4e+38 -3.4e+38 -3.4e+38 9.28234767913818 9.00381469726562 8.88632869720459 8.75779342651367 8.69115829467773 8.60258293151855 8.58074569702148 8.56847095489502 8.50656604766846 8.7347240447998 8.95109272003174 8.90109252929688 8.91698265075684 10.0334901809692 9.81674766540527 11.6201200485229 12.3930101394653 12.4574003219604 12.9770202636719 13.2681903839111 13.2348403930664 13.1681900024414 13.1575498580933 13.0632495880127 13.0190801620483 12.952730178833 12.8526096343994 12.7083101272583 12.6416597366333 12.4583101272583 12.4200201034546 12.4309196472168
9.0800256729126 9.13486289978027 9.31164646148682 8.29825496673584 8.34899711608887 8.36897373199463 8.35246753692627 8.42405414581299 8.44512939453125 8.3814868927002 -3.4e+38 -3.4e+38 -3.4e+38 8.41123199462891 9.57080936431885 9.53506183624268 9.36795139312744 9.23495483398438 9.17925643920898 8.91262531280518 8.76225185394287 8.86187934875488 8.97330188751221 8.99477100372314 9.07293605804443 9.10556030273438 9.10544967651367 10.2088003158569 10.2088003158569 10.1837301254272 11.8889102935791 12.5311002731323 12.5980997085571 12.9893798828125 13.3235502243042 13.3235502243042 13.2900295257568 13.2793798446655 13.1963796615601 13.0350904464722 12.9577903747559 12.8577899932861 12.7410202026367 12.7301502227783 12.7194995880127 12.6359796524048 12.6801500320435
8.94591522216797 8.92753887176514 8.07631015777588 8.11302471160889 8.08138942718506 8.09900856018066 8.13250064849854 8.1900577545166 8.37677478790283 8.29675197601318 8.33036994934082 8.33186626434326 8.33545207977295 8.32452297210693 9.47490501403809 9.43494892120361 9.43941497802734 9.46088027954102 9.51746463775635 9.43297863006592 9.36672019958496 9.42840480804443 9.44997978210449 9.3610315322876 9.34402847290039 9.31028747558594 9.2106466293335 9.14316940307617 10.2428998947144 10.2761497497559 12.1055097579956 12.7059097290039 12.7230701446533 13.1207704544067 13.4505395889282 13.4786100387573 13.4119596481323 13.3119602203369 13.3013200759888 13.2676696777344 13.1959800720215 13.0961103439331 13.0293302536011 12.9459800720215 12.9131603240967 12.8183403015137 12.6351099014282
8.88374710083008 8.88236904144287 7.82667398452759 8.08174514770508 7.9001088142395 7.59776210784912 7.75247383117676 7.87009191513062 8.05680847167969 8.14749240875244 8.19514560699463 8.19550609588623 8.20022296905518 8.20332145690918 9.42453289031982 9.41783618927002 9.50566959381104 9.58420562744141 9.5670919418335 9.5999813079834 9.58818912506104 9.55519008636475 9.47765064239502 9.34874439239502 9.16537189483643 9.0649995803833 10.1094102859497 10.1763896942139 10.2265396118164 10.25940990448 12.1133298873901 12.0752401351929 12.8169803619385 13.251259803772 13.2536497116089 13.5503797531128 13.5122098922729 13.5395097732544 13.5225095748901 13.3226299285889 13.318039894104 13.2122097015381 13.0347003936768 12.934700012207 12.7508201599121 12.7068700790405 12.5403995513916
9.14379119873047 7.86141204833984 7.7942910194397 7.76575088500977 7.69937515258789 7.71934795379639 7.71612215042114 7.61809921264648 7.50519609451294 7.44278717041016 7.62553310394287 7.75022315979004 7.93222808837891 8.01696968078613 9.30258274078369 9.39562892913818 9.46746444702148 9.49998092651367 9.61660003662109 9.65965270996094 9.6381893157959 9.63769626617432 9.48720932006836 9.17020988464355 8.96983623504639 10.0767698287964 10.0938997268677 10.1018400192261 10.0847196578979 10.1847200393677 12.1253595352173 12.8038301467896 13.3590898513794 13.3424301147461 13.3707704544067 13.7006702423096 13.6888599395752 13.6945600509644 13.6340398788452 13.4782104492188 13.4067497253418 13.1232795715332 12.9227600097656 12.8228797912598 12.7566499710083 12.8291101455688 12.8953695297241
8.02396202087402 7.97741794586182 7.97977590560913 7.83175611495972 7.79776000976562 7.78447723388672 7.83521890640259 7.80519580841064 7.72120189666748 7.70520210266113 7.67628002166748 7.59861087799072 8.8648567199707 8.9029483795166 9.02936744689941 9.21188163757324 9.23335075378418 9.23818874359131 9.33781719207764 9.57627582550049 9.64253425598145 9.74215888977051 9.57021045684814 9.22504329681396 8.95792293548584 8.97466945648193 10.1351003646851 10.0851001739502 10.0524597167969 11.0884304046631 12.0310001373291 12.8077898025513 12.8703098297119 13.3831300735474 13.4160099029541 13.7607898712158 13.7164001464844 13.7439203262329 13.7059803009033 13.6059799194336 13.5224599838257 13.3949403762817 13.0115900039673 12.8950595855713 13.0007801055908 13.0448198318481 12.9782400131226
8.22431564331055 8.12580585479736 7.94578313827515 8.03014469146729 7.94614696502686 7.90047979354858 7.93322801589966 7.98807621002197 7.98882007598877 7.92553091049194 7.89389514923096 7.79315614700317 7.82751703262329 9.16400146484375 9.2736759185791 9.21177291870117 9.13285827636719 9.02106380462646 9.03732490539551 9.08732414245605 9.34900283813477 9.63720893859863 9.69215869903564 9.45792579650879 9.21934700012207 10.210410118103 9.18559646606445 10.3275299072266 10.3193502426147 10.2775402069092 11.2901000976562 12.1826696395874 12.8654899597168 13.3973903656006 13.4136199951172 13.7992000579834 13.7779197692871 13.733099937439 13.7167501449585 13.6941699981689 13.6224803924561 13.6166496276855 13.5332498550415 13.2831296920776 13.200119972229 13.1832504272461 13.0830297470093
8.1786527633667 8.2434253692627 8.22778701782227 8.23088932037354 8.14689159393311 8.08124923706055 8.03287220001221 8.03646278381348 8.07046318054199 8.04153347015381 7.89389419555664 7.92913103103638 7.9282660484314 9.11400032043457 9.25693511962891 9.17851257324219 9.18769645690918 9.08248710632324 9.09911346435547 9.02057361602783 8.97504138946533 9.1750431060791 9.37455272674561 9.50755310058594 9.50259494781494 9.43597507476807 9.40296840667725 10.502610206604 10.469349861145 11.3738298416138 12.180609703064 12.8688201904297 12.8859796524048 13.5052099227905 13.4880895614624 13.7936201095581 13.649450302124 13.6660995483398 13.6885795593262 13.7051801681519 13.721830368042 13.7551803588867 13.7992496490479 13.765830039978 13.6826000213623 13.5776700973511 13.3937997817993
8.39503860473633 8.32668399810791 8.09776020050049 8.1945333480835 8.2468900680542 8.21289730072021 8.21723175048828 8.19887828826904 8.23559188842773 8.08992099761963 8.00753974914551 7.99662113189697 8.01187801361084 8.01262760162354 9.28993511199951 9.27367305755615 9.29427146911621 9.2709493637085 9.25916194915771 9.23683834075928 9.22020435333252 9.31486701965332 9.34129428863525 9.40259647369385 9.42926788330078 9.50284099578857 10.6197204589844 10.494649887085 10.3697204589844 11.3308696746826 12.1658000946045 12.7365798950195 12.7398195266724 13.3190603256226 13.4112396240234 13.4852895736694 13.7546396255493 13.7212896347046 13.6436500549316 13.6436500549316 13.6768999099731 13.7602500915527 13.8544101715088 13.8658504486084 13.7992000579834 13.7553396224976 13.7384595870972
8.8633918762207 8.76375961303711 8.49540328979492 8.33286190032959 8.32963562011719 8.24961280822754 8.26723194122314 8.23323535919189 8.25320816040039 8.23324394226074 8.17392635345459 8.20680522918701 8.28955364227295 9.47541236877441 9.4131326675415 9.50171279907227 9.37764835357666 9.29911327362061 9.39911365509033 9.45346069335938 9.42008304595947 9.4811315536499 9.4692325592041 9.56923389434814 9.63585376739502 9.60768413543701 9.59067440032959 10.512149810791 10.3203401565552 11.1659097671509 12.0009698867798 12.5779104232788 13.2102203369141 13.2930898666382 13.2690601348877 13.3259801864624 13.7384099960327 13.7380599975586 13.6941204071045 13.6546602249146 13.7043199539185 13.7320804595947 13.7436199188232 13.7711696624756 13.7825803756714 13.7161102294922 13.74351978302
8.98101043701172 9.01214694976807 8.88088989257812 8.66451072692871 8.59886837005615 8.41487407684326 8.3641357421875 8.42156219482422 8.51833534240723 8.33595561981201 8.31995582580566 8.40431690216064 8.45357799530029 9.64167594909668 9.63472652435303 9.65618419647217 9.71711444854736 9.55532169342041 9.4434175491333 9.31488132476807 9.28597545623779 9.38633346557617 9.39775562286377 9.55246925354004 9.6862096786499 9.70804882049561 9.66910362243652 10.7201099395752 10.4862403869629 10.2782897949219 12.0286903381348 12.7825202941895 12.6988801956177 13.1602201461792 13.1430997848511 13.5493497848511 13.6101198196411 13.6489601135254 13.6596002578735 13.6596002578735 13.7428598403931 13.7761096954346 13.7819404602051 13.7820596694946 13.865460395813 13.8655796051025 13.8653602600098
9.04181289672852 9.05942821502686 8.79217720031738 8.64651012420654 8.59725666046143 8.47890281677246 8.4483642578125 8.56833553314209 8.58756732940674 8.41746711730957 8.45270442962646 8.57268238067627 8.60320854187012 9.77503871917725 9.70134162902832 9.70096874237061 9.65569496154785 9.52194213867188 9.34824657440186 9.34340381622314 9.38633346557617 9.4863338470459 9.4695930480957 9.58621406555176 9.6028413772583 9.73610305786133 9.73610305786133 9.68525123596191 10.7872295379639 10.7201099395752 11.5384197235107 12.9902095794678 12.8147602081299 13.084210395813 13.0244903564453 13.3876399993896 13.3320598602295 13.3816604614258 13.5816602706909 13.6649103164673 13.787389755249 13.8706398010254 13.8870000839233 13.8871202468872 13.9657096862793 13.9206399917603 13.9206399917603
9.11501216888428 9.04378986358643 8.85979652404785 8.9116382598877 8.74564361572266 7.54241800308228 8.64329242706299 8.37568378448486 8.32765960693359 8.41599178314209 8.48199462890625 8.65394020080566 9.80319786071777 9.82466697692871 9.62466812133789 9.67901229858398 9.75542163848877 9.60047912597656 9.57157039642334 9.62666130065918 9.68113327026367 10.8450202941895 10.7276601791382 10.7368497848511 10.7201099395752 10.771089553833 9.6137809753418 10.6290397644043 10.6704902648926 10.770489692688 11.7555503845215 12.5073404312134 12.9719800949097 13.3151798248291 13.1314096450806 13.3154001235962 13.3928203582764 13.3594303131104 13.5592098236084 13.5651597976685 13.6924600601196 13.9033498764038 13.959059715271 14.0148897171021 14.0148897171021 13.904239654541 13.8977899551392
9.2285327911377 9.24614810943604 9.0957670211792 9.17963886260986 9.12654590606689 7.88869714736938 8.81636047363281 8.71201038360596 8.84872817993164 8.91746425628662 8.81276321411133 8.70345115661621 9.6983699798584 9.68088340759277 9.52901363372803 9.55669498443604 9.5501070022583 9.48783302307129 10.6184797286987 10.7858400344849 10.8858404159546 10.8862199783325 10.7533397674561 10.6454000473022 10.6457796096802 10.6043500900269 10.4876098632812 10.3467903137207 10.3129196166992 10.4711103439331 11.7347002029419 12.6275701522827 13.1974296569824 13.5647602081299 13.3554496765137 13.5374698638916 13.3764200210571 13.4426803588867 13.5204401016235 13.6428003311157 13.8091802597046 14.0091800689697 14.0529499053955 14.0199499130249 13.9647903442383 13.9481401443481 13.7922096252441
9.326171875 9.32382488250732 9.32618236541748 9.29489994049072 9.23161602020264 9.16164779663086 9.14836311340332 9.06833553314209 8.93434429168701 8.93273162841797 8.74873733520508 9.74837017059326 9.84799671173096 9.81450462341309 9.60717582702637 9.70706653594971 10.6937799453735 10.7019701004028 13.7442197799683 14.199179649353 10.8276596069336 10.8701000213623 10.8872098922729 10.8207101821899 10.7619199752808 10.6543502807617 10.5296602249146 10.2885999679565 10.1379899978638 11.372670173645 12.478949546814 13.3270597457886 13.3611898422241 13.7554597854614 13.655460357666 13.7038402557373 13.5370998382568 13.5373401641846 13.63733959198 13.7811098098755 14.1200704574585 14.1473703384399 14.1473703384399 14.0476198196411 13.9593296051025 13.742449760437 13.4698801040649
10.4831199645996 9.39453601837158 9.43733882904053 9.44328784942627 9.40570259094238 9.30842018127441 9.12603855133057 9.01201057434082 8.88037586212158 8.60035133361816 9.4550666809082 9.44326972961426 9.58620166778564 9.63087844848633 10.751350402832 10.7684698104858 10.8187103271484 14.2159099578857 14.2102003097534 14.2270698547363 14.3155298233032 14.3548898696899 14.3659296035767 14.0078897476196 10.8957796096802 10.7208499908447 10.687370300293 10.5547304153442 11.4623003005981 11.3994102478027 12.8986797332764 13.446629524231 13.6957302093506 13.5123796463013 13.6452598571777 13.8481998443604 13.7648601531982 13.6923999786377 13.7255296707153 13.9813604354858 14.2644901275635 14.2583904266357 14.2857999801636 14.0915098190308 13.8085098266602 13.480770111084 13.3749399185181
10.5830097198486 9.50569343566895 9.52331256866455 9.50967311859131 9.52331733703613 9.50718975067139 9.29116821289062 9.02788352966309 9.79055595397949 9.50718402862549 9.41686153411865 9.45979404449463 10.6096601486206 13.8889799118042 14.0440397262573 14.2332801818848 14.2718601226807 14.282509803772 14.3767995834351 14.4602003097534 14.4213600158691 14.3380098342896 14.3216600418091 14.2933502197266 13.9319400787354 12.6997604370117 12.6679401397705 11.7335300445557 12.4850702285767 12.2850704193115 12.9196500778198 13.4962100982666 13.4526500701904 13.4193000793457 13.8094997406006 13.7427396774292 13.7865200042725 13.8421297073364 13.8695497512817 14.1420297622681 14.2922601699829 14.2860298156738 14.252799987793 14.1466999053955 13.8360500335693 13.5528297424316 13.5586595535278
10.5656404495239 10.6541004180908 9.57641410827637 9.6224422454834 9.64080238342285 9.62119102478027 9.52429103851318 9.10878658294678 9.77355194091797 9.67791175842285 9.74974918365479 14.094820022583 14.0724601745605 14.083399772644 14.083399772644 14.2833995819092 14.3549900054932 14.3718595504761 14.4492797851562 14.5269203186035 14.3998003005981 14.3716096878052 14.2157802581787 13.9768295288086 14.0768203735352 13.7888603210449 13.4097003936768 13.4173898696899 13.4010400772095 13.7466802597046 13.6295499801636 13.6124296188354 13.5526504516602 13.9259700775146 13.9592199325562 13.9866399765015 14.0256099700928 13.9866695404053 13.9696798324585 14.0805702209473 14.2530498504639 14.2636995315552 14.1638202667236 14.2078895568848 14.1469497680664 13.9025602340698 13.8360795974731
10.6156396865845 10.7367296218872 10.7797698974609 9.65408706665039 9.6868314743042 9.60519599914551 10.5427904129028 10.3524599075317 10.0905599594116 9.92876243591309 14.2172498703003 14.2172498703003 14.3164796829224 14.2333498001099 14.06077003479 14.2219400405884 14.3162298202515 14.3330001831055 14.4329996109009 14.4441699981689 14.4382095336914 14.4382095336914 14.3050899505615 14.2217397689819 14.2209596633911 13.9550895690918 13.9888601303101 13.8624296188354 13.7860097885132 13.7124300003052 13.7360095977783 13.7193603515625 14.1430997848511 14.0927000045776 14.1094703674316 14.0926103591919 14.0364999771118 14.0699195861816 14.1971702575684 14.2914600372314 14.2745895385742 14.2364301681519 14.1914901733398 14.1578397750854 14.2303199768066 14.2134504318237 14.4170503616333
10.7542104721069 10.7749300003052 10.8298797607422 10.5622797012329 10.2431602478027 10.3927898406982 10.4425296783447 10.2810001373291 14.5456104278564 14.4399003982544 14.3614902496338 14.3556604385376 14.3164300918579 14.3442497253418 14.3047704696655 14.2551898956299 14.2720603942871 14.3663501739502 14.4663496017456 14.4940004348755 14.504940032959 14.4715900421143 14.3935203552246 14.310170173645 14.3374700546265 14.2152795791626 14.1428003311157 14.1596803665161 13.7026596069336 13.7257995605469 14.1259298324585 14.1038703918457 14.1703500747681 14.0872402191162 13.9872398376465 13.9311304092407 14.0309200286865 14.1971702575684 13.9974203109741 14.3247098922729 14.3140697479248 14.2974395751953 14.257960319519 14.1747398376465 14.2412099838257 14.2186298370361 14.3042697906494
