ENMTML/All_vars/Predictors/EUR_only/bio11.asc
NCOLS 440 
NROWS 275 
XLLCORNER -11.5 
YLLCORNER 25.4999999994691 
CELLSIZE 0.166666666666667 
NODATA_value -3.4e+38 
[rows 240 to 259 of 275, columns 315 to 359 of 440]
10.0869798660278 10.3731002807617 10.5744199752808 10.7788200378418 10.9467096328735 11.1676797866821 11.2706604003906 11.355580329895 11.461350440979 11.3099803924561 11.4129800796509 11.3869199752808 11.4340801239014 11.3554000854492 11.3707304000854 11.4072999954224 11.5047798156738 11.6560697555542 11.8091897964478 11.9713096618652 12.1069002151489 12.2134799957275 12.3290395736694 12.3807897567749 12.3975095748901 12.3791799545288 12.5080995559692 12.6643800735474 12.7944002151489 12.9094200134277 13.0049104690552 13.0490303039551 13.0491399765015 12.9839897155762 12.9317798614502 12.9153299331665 12.9322004318237 12.9989204406738 13.095890045166 13.2334203720093 13.4093198776245 13.5744104385376 13.6910800933838 13.7993097305298 13.9144601821899
10.3219900131226 10.5093097686768 10.6637201309204 10.8484697341919 11.0709199905396 11.1861095428467 11.2918796539307 11.4266395568848 11.51296043396 11.3621702194214 11.4175596237183 11.4819498062134 11.4685001373291 11.3688097000122 11.3385801315308 11.3382396697998 11.4541501998901 11.605110168457 11.755729675293 11.8716402053833 11.9447603225708 12.0744104385376 12.163459777832 12.2323503494263 12.3336696624756 12.4654302597046 12.6275901794434 12.7505502700806 12.897439956665 13.0383701324463 13.1171798706055 13.1611995697021 13.1475095748901 13.0715703964233 13.0594100952148 13.0319004058838 13.0777502059937 13.1472501754761 13.2427997589111 13.4064302444458 13.5533895492554 13.6865701675415 13.7849998474121 13.9043397903442 13.9919099807739
10.3800096511841 10.5652799606323 10.7833595275879 10.98756980896 11.154239654541 11.2057600021362 11.2420797348022 11.3907804489136 11.4658403396606 11.479829788208 11.5834903717041 11.5332403182983 11.5032396316528 11.3332195281982 11.2385902404785 11.337610244751 11.4516696929932 11.6016502380371 11.7370100021362 11.8426303863525 11.9257097244263 11.9778699874878 12.0634603500366 12.1808300018311 12.2183599472046 12.3972396850586 12.6246004104614 12.8519601821899 12.9850196838379 13.1093797683716 13.1853103637695 13.244589805603 13.232159614563 13.1910104751587 13.192440032959 13.1801795959473 13.2260303497314 13.2470502853394 13.3730001449585 13.5308599472046 13.7095804214478 13.8219404220581 13.8955297470093 13.9954204559326 14.0677995681763
10.4809598922729 10.6799802780151 10.8519201278687 11.0050401687622 11.0905599594116 11.2086496353149 11.258749961853 11.3630504608154 11.5469303131104 11.5488595962524 11.6157302856445 11.5876598358154 11.5211000442505 11.367639541626 11.387619972229 11.4908504486084 11.5029602050781 11.5694999694824 11.7039203643799 11.8060598373413 11.8747501373291 11.9757099151611 12.0278701782227 12.1300201416016 12.2139596939087 12.3110799789429 12.5426797866821 12.8200397491455 13.0198202133179 13.177619934082 13.2701301574707 13.2171401977539 13.2423000335693 13.2589597702026 13.277250289917 13.2787704467773 13.2910299301147 13.3648195266724 13.442440032959 13.6429796218872 13.8341197967529 13.9475297927856 14.0183696746826 14.0949001312256 14.1922702789307
10.6184701919556 10.7684698104858 10.9028701782227 11.0684499740601 11.2260103225708 11.2804098129272 11.3635196685791 11.4148101806641 11.5791797637939 11.5626201629639 11.5857400894165 11.7545499801636 11.6889495849609 11.4335498809814 11.3554801940918 11.4654502868652 11.5520000457764 11.5539197921753 11.623929977417 11.7691602706909 11.8250999450684 11.9422798156738 12.0078601837158 12.1199798583984 12.2565698623657 12.3266000747681 12.4587602615356 12.6922597885132 12.9184103012085 13.1317701339722 13.2441396713257 13.1397304534912 13.1923599243164 13.2742204666138 13.2495803833008 13.2968101501465 13.2647304534912 13.3537101745605 13.4826402664185 13.6392498016357 13.9781503677368 14.0428695678711 14.112190246582 14.185959815979 14.2737703323364
10.7184495925903 10.8384599685669 10.9763298034668 11.1407299041748 11.2738399505615 11.3948001861572 11.4192304611206 11.4772596359253 11.5157499313354 11.5335998535156 11.6345500946045 11.787989616394 11.9358396530151 11.6568098068237 11.5033197402954 11.5464000701904 11.6033096313477 11.6329498291016 11.6704797744751 11.7060699462891 11.8025999069214 12.0535697937012 12.0222702026367 12.1400299072266 12.2696695327759 12.3218402862549 12.4540100097656 12.5830402374268 12.7952003479004 12.9148902893066 13.1413202285767 13.1427297592163 13.0787401199341 13.1771697998047 13.183030128479 13.1690502166748 13.2538900375366 13.3189401626587 13.3869495391846 13.5187997817993 13.8315000534058 14.0709495544434 14.1037902832031 14.2585000991821 14.3379697799683
10.7693901062012 10.8594198226929 11.0438404083252 11.2263202667236 11.3472995758057 11.4148101806641 11.4826698303223 11.5026702880859 11.5504903793335 11.5679998397827 11.6380100250244 11.8023996353149 12.0036897659302 11.8367795944214 11.8033399581909 11.5377397537231 11.6096696853638 11.7552299499512 11.6883401870728 11.70046043396 11.730110168457 11.866660118103 11.9653701782227 12.1319303512573 12.2971801757812 12.3327903747559 12.4927797317505 12.5561103820801 12.6933298110962 12.8248596191406 12.9723796844482 13.0424098968506 13.058970451355 13.093620300293 13.1521396636963 13.1896696090698 13.2051200866699 13.2855195999146 13.357629776001 13.5240898132324 13.8094501495361 14.0185604095459 14.131010055542 14.2954797744751 14.4353704452515
10.9413299560547 11.0072603225708 11.0972900390625 11.2138500213623 11.3928604125977 11.4327001571655 11.5516901016235 11.4660797119141 11.5695400238037 11.6714601516724 11.7258901596069 11.7892999649048 11.8861703872681 11.7380895614624 11.7346296310425 11.7690296173096 11.6231002807617 11.7217903137207 11.7839097976685 11.7814102172852 11.8291501998901 11.8657102584839 11.9628801345825 12.1316003799438 12.2450304031372 12.3812704086304 12.492449760437 12.5545902252197 12.6555700302124 12.7546100616455 12.8823499679565 12.8339500427246 12.9539699554443 13.0240001678467 13.0915203094482 13.1411895751953 13.2324199676514 13.2565097808838 13.3740797042847 13.5693101882935 13.8454704284668 14.0245704650879 14.1704502105713 14.3121099472046 14.4368495941162
11.0613298416138 11.1613502502441 11.216139793396 11.2182502746582 11.3369998931885 11.4478998184204 11.5538597106934 11.4729995727539 11.5539598464966 11.8105297088623 11.8483896255493 11.8571500778198 11.9036903381348 11.8459901809692 11.8705701828003 11.9180603027344 11.851149559021 11.6317596435547 11.7173700332642 11.7970104217529 11.9501304626465 12.0432100296021 12.0153799057007 12.1615896224976 12.2712297439575 12.504340171814 12.6365098953247 12.6365098953247 12.6340198516846 12.7261400222778 12.7639198303223 12.7445497512817 12.8355398178101 12.9021100997925 13.0352201461792 13.0873899459839 13.211480140686 13.2401695251465 13.3618001937866 13.6032600402832 13.8304195404053 14.0318298339844 14.256950378418 14.3747501373291 14.4827499389648
11.0134801864624 11.1769104003906 11.2993803024292 11.3883199691772 11.4036703109741 11.4245300292969 11.5064897537231 11.4762401580811 11.527099609375 11.7226495742798 11.8280401229858 11.812780380249 11.889630317688 11.8405895233154 11.8515195846558 11.8314895629883 11.8680400848389 11.8521099090576 11.7995100021362 11.7970104217529 11.9132299423218 12.1409502029419 12.1594400405884 12.2415895462036 12.3337001800537 12.5333700180054 12.6964797973633 12.7751598358154 12.7226800918579 12.759880065918 12.738920211792 12.6764497756958 12.7720203399658 12.8595695495605 12.9926795959473 13.112380027771 13.1864700317383 13.2686195373535 13.3437004089355 13.5926198959351 13.8906202316284 13.9700298309326 14.3254995346069 14.4416198730469 -3.4e+38
10.9978799819946 11.0834903717041 11.1840200424194 11.3340196609497 11.4397201538086 11.4397201538086 11.5578098297119 11.3426504135132 11.4288702011108 11.5770797729492 11.6159200668335 11.7127799987793 11.76060962677 11.7540197372437 11.8049802780151 11.8215198516846 11.8977098464966 11.9664297103882 11.9995098114014 12.0081901550293 11.992259979248 12.1785001754761 12.2715797424316 12.3837003707886 12.436840057373 12.5108699798584 12.6249303817749 12.7692098617554 12.7701797485352 12.836389541626 12.7819900512695 12.7504796981812 12.7670202255249 12.867039680481 12.9657297134399 13.1898603439331 13.162989616394 13.2626600265503 13.4061498641968 13.6011400222778 13.8801097869873 14.2216396331787 14.4046802520752 14.490460395813 -3.4e+38
10.9673700332642 11.0008001327515 11.0687799453735 11.2186603546143 11.3185997009277 11.4214897155762 11.5715999603271 11.4730100631714 11.4426603317261 11.4971103668213 11.5159196853638 11.6315097808838 11.6793298721313 11.7236995697021 11.770580291748 11.8867998123169 11.9833297729492 12.0695600509644 12.1147899627686 12.2278900146484 12.3119602203369 12.4250602722168 12.5171804428101 12.5487499237061 12.5608901977539 12.609580039978 12.671480178833 12.8167104721069 12.8307800292969 12.8773202896118 12.7907495498657 12.8525495529175 12.8410501480103 12.8776302337646 13.0632295608521 13.1307601928711 13.1573600769043 13.312970161438 13.4230298995972 13.7114496231079 14.1787900924683 -3.4e+38 -3.4e+38 -3.4e+38 -3.4e+38
11.113169670105 11.0811500549316 11.0825595855713 11.1519498825073 11.2308301925659 11.2380104064941 11.4408903121948 11.6424598693848 11.4106302261353 11.4455404281616 11.3817501068115 11.5166597366333 11.7949304580688 11.7302904129028 11.7614603042603 11.8258695602417 11.8854904174805 12.0995502471924 12.1788702011108 12.2988796234131 12.391619682312 12.5047197341919 12.5358896255493 12.5974597930908 12.6595802307129 12.6892404556274 12.7357597351074 12.8798198699951 12.9263401031494 12.8713598251343 12.8813199996948 12.8832502365112 12.9354200363159 13.0576000213623 13.1885595321655 13.1107301712036 13.1863698959351 13.3464097976685 13.534520149231 13.8639497756958 14.2731399536133 14.4145698547363 14.7503900527954 -3.4e+38 -3.4e+38
11.1660604476929 11.1809997558594 11.1975603103638 11.1975002288818 11.201789855957 11.2726497650146 11.3559799194336 11.424220085144 11.4256200790405 11.427300453186 11.5301904678345 11.6787796020508 11.8180799484253 11.7811498641968 11.7945804595947 11.7920799255371 11.9529104232788 12.0548400878906 12.2179403305054 12.3641500473022 12.4772300720215 12.6268997192383 12.6845998764038 12.681770324707 12.7248497009277 12.8179197311401 12.8998498916626 12.992919921875 13.0094604492188 12.9322900772095 12.9619302749634 13.0053396224976 13.110969543457 13.2194900512695 13.1197204589844 13.1541404724121 13.2488203048706 13.3713502883911 13.6160297393799 13.8600797653198 14.2601804733276 14.6485395431519 14.9311199188232 -3.4e+38 -3.4e+38
11.2643899917603 11.2613496780396 11.2973003387451 11.3030004501343 11.3030004501343 11.255820274353 11.3558197021484 11.4030895233154 11.4102697372437 11.4754695892334 11.563159942627 11.69517993927 11.712010383606 11.7134895324707 11.7808303833008 11.8595104217529 11.9238996505737 12.0914297103882 12.2966203689575 12.3662996292114 12.5593795776367 12.6911897659302 12.7177295684814 12.7573404312134 12.7723703384399 12.9366598129272 13.0306997299194 13.1550598144531 13.1325397491455 13.07785987854 13.1174802780151 13.1662702560425 13.3362903594971 13.2050104141235 13.2306499481201 13.2722196578979 13.3578300476074 13.4825096130371 13.6440801620483 13.9378700256348 14.1681995391846 14.6034002304077 14.8802795410156 15.1583700180054 -3.4e+38
11.3099403381348 11.3293199539185 11.3819398880005 11.3985500335693 11.4013700485229 11.3722295761108 11.4025802612305 11.4404697418213 11.4613304138184 11.4766798019409 11.5781497955322 11.6072998046875 11.6463899612427 11.6785697937012 11.8604001998901 12.028639793396 12.2047595977783 12.202260017395 12.3153600692749 12.4115695953369 12.5481395721436 12.7552795410156 12.8195695877075 12.8326597213745 12.8922996520996 13.0153503417969 13.1440296173096 13.2593898773193 13.1968297958374 13.2196502685547 13.2649803161621 13.4459199905396 13.3114995956421 13.3349800109863 13.3596601486206 13.4177904129028 13.4724502563477 13.5505800247192 13.6631498336792 13.9140100479126 14.0414695739746 14.3934898376465 14.7758703231812 15.0113000869751 -3.4e+38
11.3264999389648 11.3986196517944 11.4288997650146 11.4163703918457 11.4689903259277 11.4884395599365 11.5080900192261 11.5080900192261 11.4763202667236 11.4054698944092 11.593150138855 11.5767402648926 11.6447801589966 11.7768096923828 11.8436403274536 12.0284404754639 12.1244602203369 12.1752595901489 12.2340803146362 12.4646997451782 12.6258602142334 12.7399301528931 12.8895998001099 12.9348297119141 12.9988899230957 13.087550163269 13.2337598800659 13.3437299728394 13.3467597961426 13.3905401229858 13.5580596923828 13.4458303451538 13.4549198150635 13.4805603027344 13.5218000411987 13.5620603561401 13.5905504226685 13.6486597061157 13.755820274353 13.9249200820923 13.9992799758911 14.2057600021362 14.5272397994995 14.7640695571899 14.843150138855
11.3554401397705 11.3914403915405 11.4592504501343 11.4799604415894 11.5298900604248 11.5507497787476 11.5521602630615 11.5716104507446 11.5398397445679 11.5747604370117 11.5734996795654 11.5277996063232 11.6930999755859 11.8418102264404 11.8752002716064 11.9751996994019 12.1389398574829 12.3375301361084 12.4237804412842 12.6158895492554 12.6834201812744 12.8105802536011 12.9373302459717 13.0825796127319 13.1766195297241 13.2418804168701 13.4005699157715 13.4767503738403 13.503270149231 13.6976299285889 13.6057996749878 13.5789403915405 13.6092500686646 13.6283102035522 13.6085996627808 13.6480197906494 13.7226896286011 13.7298498153687 13.8070297241211 13.919150352478 14.0617504119873 14.1223297119141 14.3563804626465 14.5517597198486 14.6914701461792
11.3981103897095 11.4217901229858 11.4396095275879 11.4796895980835 11.5657501220703 11.6142702102661 11.6032199859619 11.6214504241943 11.6673097610474 11.6563196182251 11.6261196136475 11.709620475769 11.8053302764893 11.9040699005127 11.9764099121094 12.1041402816772 12.1539402008057 12.4011201858521 12.5997104644775 12.6646003723145 12.765230178833 12.9108104705811 13.0560598373413 13.2022695541382 13.3178701400757 13.4252395629883 13.4807901382446 13.5679903030396 13.7313203811646 13.7756099700928 13.8130502700806 13.7494497299194 13.7638397216797 13.7517004013062 13.7432699203491 13.7648096084595 13.7894897460938 13.8335399627686 13.8860597610474 13.9660701751709 14.0531702041626 14.1359996795654 14.3048601150513 14.4865598678589 14.5610799789429
11.6494703292847 11.5507297515869 11.521369934082 11.5238304138184 11.6127099990845 11.6861896514893 11.8015403747559 11.7864503860474 11.8046903610229 11.8034400939941 11.7702598571777 11.8079500198364 11.9247798919678 12.0262498855591 12.2428197860718 12.3873701095581 12.4233798980713 12.5857601165771 12.7174797058105 12.7852602005005 12.8352603912354 12.9814701080322 13.1057300567627 13.2544403076172 13.4041204452515 13.5313196182251 13.5939798355103 13.7485904693604 13.7940301895142 13.8562097549438 13.9048004150391 13.9153099060059 13.891900062561 13.8766298294067 13.8857002258301 13.9016304016113 13.9085597991943 13.9622402191162 14.0480403900146 14.0754995346069 14.0849199295044 14.2302904129028 14.3091096878052 14.4822597503662 14.5944700241089
