ENMTML/All_vars/Predictors/EUR_only/bio13.asc
NCOLS 411 
NROWS 214 
XLLCORNER -11.5 
YLLCORNER 35.666666666112 
CELLSIZE 0.166666666666667 
NODATA_value -3.4e+38 
[rows 189 to 209 of 214, columns 282 to 328 of 411]
13.1887998580933 13.1576995849609 13.6091995239258 14.0315999984741 14.2230997085571 14.8373003005981 14.8401002883911 13.7646999359131 14.6105003356934 14.420599937439 14.8823003768921 15.3442001342773 15.8065996170044 16.2691993713379 17.267599105835 17.0380001068115 16.6961002349854 16.8162002563477 17.5109004974365 18.8213005065918 18.0137004852295 18.7059001922607 19.3987998962402 16.0748996734619 17.7346000671387 21.7485008239746 21.919900894165 20.0076007843018 17.9810009002686 18.4405994415283 19.8276996612549 20.5804004669189 20.4990997314453 19.4526996612549 21.612699508667 19.6814002990723 19.4496994018555 18.5245990753174 18.7936000823975 19.6790008544922 19.908899307251 19.6387004852295 18.0240993499756 16.7182006835938 15.8386001586914 15.6076002120972 16.3379001617432
13.1881999969482 14.2632999420166 14.8775997161865 15.5307998657227 14.4142999649048 13.377799987793 13.5328998565674 13.993800163269 14.3794002532959 14.1894998550415 14.4198999404907 15.7272996902466 16.1501998901367 15.6884002685547 16.1133003234863 15.9224996566772 16.0445995330811 15.913800239563 16.7525005340576 17.7075004577637 17.8780994415283 18.8610992431641 19.1212997436523 21.0009002685547 19.8125 20.1877994537354 21.6909999847412 22.5842990875244 22.3201999664307 23.039400100708 22.1716995239258 21.7341003417969 20.4034004211426 21.6494007110596 20.5203990936279 19.1602001190186 18.9288005828857 18.4356994628906 18.9284000396729 18.496000289917 18.2639007568359 17.5702991485596 17.0711002349854 16.1865997314453 16.3787994384766 15.917200088501 16.408899307251
13.3872995376587 14.68630027771 14.8759002685547 14.8760004043579 13.6062002182007 13.1455001831055 13.7618999481201 13.9547996520996 14.186900138855 14.1873998641968 15.2648000717163 15.4963998794556 15.0742998123169 14.420599937439 14.3842000961304 14.4240999221802 14.8173999786377 16.0454998016357 17.4265995025635 18.8076000213623 21.5284996032715 22.1338996887207 20.8283004760742 21.5524997711182 23.4018001556396 22.9916000366211 23.7136001586914 25.0316009521484 25.2908000946045 25.0592994689941 24.5182991027832 23.8178005218506 23.2394008636475 22.3101997375488 22.3983001708984 22.8892993927002 20.7773990631104 19.3782997131348 19.6812000274658 18.5242004394531 17.8589000701904 17.6872005462646 16.5324993133545 16.5618991851807 16.8498992919922 17.4892997741699 18.6756000518799
13.3858003616333 14.6856002807617 13.1507997512817 12.8291997909546 13.1513004302979 13.375 14.1836004257202 13.9923000335693 14.6089000701904 14.4173002243042 14.2256002426147 14.2265996932983 14.1892995834351 14.8459997177124 15.5025997161865 14.6972999572754 14.9640998840332 16.5564002990723 18.7422008514404 19.7234992980957 20.8335990905762 21.2761993408203 21.2565002441406 21.2089004516602 22.5508995056152 22.6016006469727 24.6674003601074 25.6240005493164 25.4874992370605 26.3929996490479 26.919900894165 25.9367008209229 24.7513999938965 23.3819999694824 22.4731998443604 22.9554996490479 22.3285999298096 21.2409992218018 20.7737998962402 19.6161003112793 18.4804000854492 18.2350006103516 17.6007995605469 16.9365005493164 16.7325992584229 17.5408000946045 17.2971992492676
12.920599937439 13.1212997436523 12.5978002548218 12.8587999343872 13.6050996780396 14.1817998886108 13.9919004440308 14.4169998168945 14.4170999526978 14.2264003753662 13.8048000335693 14.2290000915527 14.4610004425049 14.2334995269775 16.0860996246338 16.5520992279053 15.6590995788574 18.0641002655029 20.9974994659424 19.6781997680664 21.0520000457764 22.1937007904053 22.0034999847412 21.2852993011475 22.0368995666504 21.2096004486084 22.029899597168 24.3995990753174 27.9974002838135 28.7192993164062 28.3656997680664 26.9715995788574 26.6606998443604 25.9612998962402 25.0555000305176 23.2443008422852 22.8262004852295 23.0786991119385 21.9666996002197 21.2702007293701 20.3169994354248 19.1326007843018 18.2061996459961 17.7716007232666 16.9043006896973 16.9307994842529 15.7434997558594
12.6583003997803 12.8893003463745 12.9198999404907 13.7973003387451 15.3022003173828 14.4153003692627 14.2242002487183 14.4573001861572 15.1140003204346 15.1539001464844 14.7318000793457 14.0396003723145 13.618200302124 13.6591997146606 13.8626003265381 15.2239999771118 15.6906003952026 17.8516006469727 18.7684001922607 16.5564002990723 16.9743995666504 18.3444995880127 19.734899520874 20.5638999938965 22.4631996154785 20.8939990997314 21.6396999359131 23.7992000579834 28.0951995849609 27.8444004058838 27.152099609375 26.5421009063721 25.422399520874 25.9729995727539 24.3687992095947 23.5300998687744 23.8075008392334 25.199499130249 24.5245990753174 23.5948009490967 22.5678997039795 21.3805999755859 20.429500579834 20.2849006652832 18.2311992645264 16.149299621582 15.2232999801636
12.4284000396729 13.3753004074097 13.5666999816895 13.3747997283936 14.4551000595093 14.2246999740601 14.8818998336792 16.4668006896973 14.7318000793457 14.5020999908447 13.6561002731323 13.6270999908447 13.628999710083 14.0640001296997 14.0177001953125 14.0438995361328 14.5117998123169 14.4671001434326 15.8840999603271 17.4869003295898 18.3931999206543 17.648099899292 18.8314990997314 19.3192005157471 20.2963008880615 21.2007999420166 21.3194999694824 24.130199432373 26.6877994537354 28.0870990753174 28.0912990570068 28.1688003540039 29.1105995178223 27.4636001586914 26.5338001251221 26.1128997802734 25.0447998046875 25.3241004943848 26.4601993560791 26.1282997131348 24.4277992248535 22.5492992401123 20.4825992584229 18.858699798584 17.2343006134033 15.8915004730225 15.0223999023438
14.6920003890991 13.3382997512817 13.5704002380371 13.3782997131348 13.8430004119873 14.9631996154785 14.9653997421265 14.5417003631592 14.1202001571655 14.7772998809814 14.555100440979 13.3415002822876 13.1126003265381 14.2718000411987 14.274299621582 13.581000328064 13.329400062561 14.0044002532959 16.3502006530762 18.2525005340576 19.1580009460449 17.720100402832 16.99880027771 18.4640007019043 21.0188007354736 22.2147006988525 23.6679992675781 25.7579002380371 26.2327003479004 27.1679992675781 28.3237991333008 27.1310005187988 27.684700012207 27.3798007965088 28.9312992095947 29.160400390625 29.4377994537354 28.8367004394531 28.8598003387451 28.6256999969482 26.5450992584229 24.9235000610352 22.369499206543 20.047700881958 18.1660995483398 16.0762004852295 14.5618000030518
13.5756998062134 13.3821001052856 13.1898002624512 14.3106002807617 15.6642999649048 15.2781000137329 15.7278003692627 15.081000328064 13.9731998443604 13.5403003692627 13.3891000747681 13.8535003662109 13.8559999465942 14.0901002883911 14.3240995407104 13.3514995574951 13.0981998443604 13.5885000228882 14.2863998413086 15.9117002487183 17.7919998168945 19.1844005584717 20.8325996398926 21.0804004669189 22.4167995452881 24.4284000396729 24.7808990478516 24.4659004211426 23.9188003540039 24.847900390625 25.3094997406006 23.9115009307861 23.2108001708984 23.4151992797852 25.6664009094238 27.940299987793 30.6758995056152 30.0762996673584 31.443000793457 30.7180004119873 28.2483997344971 25.8743000030518 24.0193996429443 21.9279003143311 19.5848007202148 17.0554008483887 15.4050998687744
13.4292001724243 13.6288995742798 14.3549995422363 15.9167995452881 16.3978996276855 17.0625991821289 17.2945995330811 16.6497001647949 15.3410997390747 14.0107002258301 13.2074003219604 13.7957000732422 14.910400390625 16.4724998474121 14.493800163269 14.8168001174927 15.5148000717163 17.8582992553711 18.0778999328613 18.2959995269775 17.63330078125 18.5471000671387 19.8959999084473 21.4629001617432 22.8099994659424 25.3339996337891 26.1075000762939 24.2019004821777 22.0247001647949 21.8278999328613 23.2206001281738 24.3794994354248 24.8411998748779 22.9792995452881 22.7233009338379 26.2056999206543 27.599100112915 29.2492008209229 30.6166000366211 32.0085983276367 29.9782009124756 27.8883991241455 25.4638996124268 24.0158004760742 22.1811008453369 20.557300567627 18.7003993988037
14.3281002044678 15.4568004608154 16.5869998931885 17.4857997894287 18.3995990753174 18.8645000457764 19.3328990936279 18.4526996612549 17.3549003601074 16.0289001464844 15.7946996688843 16.9074001312256 16.6928005218506 16.7042999267578 16.5512008666992 18.2763996124268 18.528299331665 19.1893997192383 19.2318992614746 19.4643993377686 20.7642002105713 19.6254997253418 19.433500289917 19.9013004302979 21.7268009185791 22.8920001983643 22.7353992462158 21.4883003234863 19.9722003936768 19.9710006713867 20.4346008300781 20.4332008361816 20.8945999145508 21.5669994354248 20.8901996612549 21.5895004272461 24.1466999053955 25.31130027771 27.8682994842529 30.4193992614746 29.9209003448486 28.2453994750977 26.7290992736816 24.8173999786377 23.8554000854492 22.2339992523193 21.0706996917725
16.5611000061035 17.9083995819092 19.9927005767822 20.4211006164551 20.6373996734619 20.8843994140625 20.8871994018555 20.6746006011963 19.843599319458 18.9073009490967 18.2537002563477 17.7119998931885 17.7530002593994 18.6842002868652 18.8008003234863 19.7350006103516 20.0074996948242 21.6026000976562 21.8411998748779 21.0625 19.7483005523682 19.672700881958 20.5265998840332 22.1180000305176 23.9407997131348 24.4841995239258 23.2021999359131 20.5981006622314 18.7805004119873 18.9514999389648 18.9195995330811 18.8092002868652 19.0389995574951 19.2234001159668 21.1292991638184 21.5953006744385 24.1522006988525 24.6207008361816 26.713399887085 28.5734004974365 29.496000289917 28.790599822998 27.3451995849609 26.0849990844727 24.8689002990723 23.7033004760742 22.7455997467041
19.917200088501 22.511100769043 23.75119972229 22.2077007293701 22.6406002044678 23.1793003082275 23.7247009277344 25.1639003753662 24.3118000030518 21.3194999694824 20.1949996948242 20.4304008483887 20.8362007141113 21.1334991455078 22.9216995239258 25.7987995147705 28.2495002746582 27.7467994689941 24.7982006072998 22.5090999603271 20.7227001190186 20.2192993164062 20.5699996948242 22.159200668335 24.2497997283936 26.5340995788574 26.6112003326416 22.1891002655029 19.915599822998 19.3890991210938 19.3577995300293 18.8913993835449 18.8120994567871 19.9729995727539 21.6000003814697 22.5305004119873 22.7656993865967 23.6982002258301 26.488000869751 29.0417003631592 29.9622993469238 29.2322006225586 28.0153999328613 27.1406002044678 26.1061992645264 24.8906002044678 23.982400894165
26.1900005340576 26.6937999725342 27.078800201416 26.4265995025635 26.8612995147705 27.0984992980957 27.452600479126 28.0778007507324 26.4111003875732 24.3129997253418 22.9610996246338 23.9757995605469 23.3397006988525 23.6380996704102 24.5972995758057 25.8852005004883 27.4025001525879 26.4720993041992 24.6473007202148 23.0184993743896 21.6215991973877 20.7268009185791 20.6877994537354 21.346700668335 22.9720001220703 25.6840991973877 26.8826999664307 23.1595001220703 22.5056991577148 22.9104995727539 23.345100402832 23.3794994354248 23.4235992431641 25.3262996673584 24.3962001800537 25.326000213623 26.4878005981445 25.3304004669189 25.5659999847412 29.2784004211426 29.0438003540039 29.275899887085 28.8129005432129 28.1009998321533 27.0877990722656 26.8822994232178 25.6898994445801
30.4150009155273 28.4676990509033 26.9136009216309 26.5580997467041 28.0118999481201 28.9724006652832 27.8043003082275 28.664400100708 28.7616004943848 27.3362007141113 25.8756008148193 24.6798992156982 24.0172004699707 23.4146995544434 23.6816997528076 23.9078998565674 24.2998008728027 24.4957008361816 23.7600994110107 23.0604991912842 22.127799987793 21.0009002685547 20.5333995819092 20.7654991149902 21.0340995788574 22 22.0741004943848 21.4860000610352 24.3356990814209 25.4992008209229 26.6972999572754 26.1746997833252 26.0002994537354 24.3810005187988 23.4286003112793 23.7068996429443 23.9400997161865 23.7099990844727 24.3722991943359 26.3526992797852 27.3617992401123 28.3584995269775 29.0496997833252 29.2858009338379 28.8043994903564 28.8054008483887 27.8663005828857
31.0412998199463 28.2374992370605 26.327600479126 26.8346004486084 29.6121997833252 30.7682991027832 30.6436996459961 29.7141990661621 28.7646007537842 26.7015991210938 25.2415008544922 24.0503997802734 23.1217994689941 22.2250995635986 22.0251007080078 22.55299949646 22.7478008270264 22.9437007904053 22.9064998626709 21.9761009216309 20.6534004211426 19.5268001556396 19.718599319458 19.5228996276855 18.9941997528076 19.1637992858887 19.3036994934082 18.9773998260498 19.5823993682861 21.4433002471924 21.6979999542236 21.4897994995117 23.2537994384766 23.3444004058838 22.9022006988525 23.44700050354 23.448600769043 23.2483997344971 24.3006000518799 25.1968994140625 26.6359004974365 28.0823001861572 30.1037998199463 30.9363994598389 30.4556999206543 32.7924003601074 32.0849990844727
31.941499710083 28.6291999816895 27.1798992156982 27.5464000701904 30.3542995452881 32.3838996887207 32.589900970459 30.8593997955322 28.3279991149902 25.9605007171631 24.1753005981445 22.7185001373291 21.7611999511719 20.6005001068115 19.173999786377 20.3994007110596 20.8645000457764 20.4004993438721 20.4622993469238 19.7353000640869 18.2751007080078 17.576099395752 18.3019008636475 18.2693996429443 18.1758995056152 17.8799991607666 18.0503997802734 18.1895999908447 18.5634002685547 18.9610004425049 19.4053001403809 19.4528007507324 19.1037006378174 19.24169921875 19.3106002807617 19.5210990905762 19.8139991760254 21.0680999755859 21.8591003417969 23.1410007476807 24.3439998626709 26.8589992523193 29.5998001098633 31.4129009246826 33.5148010253906 34.9115982055664 36.0648994445801
31.1219997406006 30.4069004058838 28.4136009216309 27.4421997070312 31.8887996673584 33.875 32.3157005310059 30.1653995513916 27.4039993286133 24.6170997619629 22.5552997589111 20.6627998352051 19.2684001922607 18.2777996063232 17.2831001281738 17.7164993286133 18.4766006469727 17.9810009002686 18.0128002166748 17.5466995239258 16.3826999664307 15.8843002319336 17.0466995239258 17.0146999359131 16.9521007537842 17.1233005523682 17.261999130249 17.1991996765137 17.5898990631104 18.010799407959 18.4766998291016 18.2679004669189 17.8973999023438 17.9676990509033 18.038200378418 18.2709007263184 18.8241996765137 19.3831005096436 19.9081993103027 20.6669998168945 22.0312995910645 24.7378997802734 28.5154991149902 33.75830078125 33.290599822998 33.9888000488281 37.2472991943359
32.5013999938965 30.6271991729736 -3.4e+38 -3.4e+38 34.1929016113281 34.7279014587402 30.1984996795654 29.3066997528076 25.0555000305176 22.3262996673584 19.9622993469238 18.1039009094238 16.7478008270264 16.387300491333 16.0569000244141 15.7590999603271 16.2882995605469 16.5533008575439 16.0881004333496 15.1569995880127 14.4875001907349 14.457799911499 15.1243000030518 15.3267002105713 15.5271997451782 15.9306001663208 16.1012992858887 16.0538005828857 16.4503993988037 16.8714008331299 17.1054000854492 16.8745994567871 16.9220008850098 16.9925003051758 17.0398998260498 17.3374004364014 17.8334999084473 18.3610000610352 18.6557006835938 19.1504993438721 19.8183002471924 21.8551006317139 26.774299621582 35.8727989196777 36.339298248291 34.0029983520508 35.4001007080078
33.6562004089355 -3.4e+38 -3.4e+38 33.0764999389648 37.7431983947754 30.2467002868652 28.8381004333496 26.8855991363525 23.1641998291016 20.4318008422852 17.8733997344971 16.0499000549316 15.4917001724243 15.1619997024536 15.2329998016357 14.9986000061035 14.565899848938 14.831000328064 14.3959999084473 13.4973001480103 13.0322999954224 13.2341995239258 13.4667997360229 13.8699998855591 14.3031997680664 14.7382001876831 15.3800001144409 15.5904998779297 15.5683002471924 15.5234003067017 15.7117004394531 15.4804000854492 15.7596998214722 16.2724990844727 16.5522994995117 16.8414993286133 17.3714008331299 17.6665000915527 17.7285003662109 17.9300003051758 18.1623992919922 19.0972995758057 23.517599105835 29.5821990966797 31.4475994110107 30.0436992645264 29.1098003387451
-3.4e+38 -3.4e+38 39.8258018493652 45.5143013000488 36.7886009216309 29.1266002655029 26.3882999420166 23.4374008178711 21.304500579834 18.5792999267578 16.5170001983643 15.2618999481201 14.6712999343872 14.5727996826172 14.4734001159668 14.0059995651245 13.3711996078491 13.4345998764038 12.7699003219604 12.3051996231079 11.8395004272461 11.8093996047974 12.243800163269 12.7102003097534 13.3759002685547 14.0544996261597 14.9837999343872 15.8893995285034 16.3554000854492 16.5445003509521 15.3382997512817 14.3632001876831 14.8536996841431 15.6209001541138 16.3756008148193 16.9057006835938 18.1627006530762 18.9225006103516 18.7224006652832 17.2973003387451 16.5701007843018 17.225700378418 20.957799911499 24.2220001220703 25.3847007751465 24.6805992126465 23.7457008361816
