ENMTML/All_vars/Predictors/EUR_only/bio10.asc
NCOLS 440 
NROWS 275 
XLLCORNER -11.5 
YLLCORNER 25.4999999994691 
CELLSIZE 0.166666666666667 
NODATA_value -3.4e+38 
[rows 42 to 62 of 275, columns 94 to 140 of 440]
-3.4e+38 -3.4e+38 -3.4e+38 -3.4e+38 -3.4e+38 -3.4e+38 -3.4e+38 -3.4e+38 -3.4e+38 -3.4e+38 -3.4e+38 -3.4e+38 -3.4e+38 -3.4e+38 -3.4e+38 -3.4e+38 -3.4e+38 -3.4e+38 -3.4e+38 -3.4e+38 -3.4e+38 -3.4e+38 -3.4e+38 -3.4e+38 -3.4e+38 -3.4e+38 -3.4e+38 -3.4e+38 -3.4e+38 -3.4e+38 -3.4e+38 -3.4e+38 -3.4e+38 -3.4e+38 -3.4e+38 -3.4e+38 11.7745599746704 11.2965497970581 11.0741195678711 10.7230997085571 11.0444297790527 11.1946096420288 12.0388803482056 11.8554096221924 11.6159801483154 11.4044399261475 11.6652603149414
-3.4e+38 -3.4e+38 -3.4e+38 -3.4e+38 -3.4e+38 -3.4e+38 -3.4e+38 -3.4e+38 -3.4e+38 -3.4e+38 -3.4e+38 -3.4e+38 -3.4e+38 -3.4e+38 -3.4e+38 -3.4e+38 -3.4e+38 -3.4e+38 -3.4e+38 -3.4e+38 -3.4e+38 -3.4e+38 -3.4e+38 -3.4e+38 -3.4e+38 -3.4e+38 -3.4e+38 -3.4e+38 -3.4e+38 -3.4e+38 -3.4e+38 -3.4e+38 -3.4e+38 -3.4e+38 -3.4e+38 11.3960103988647 10.9286298751831 11.0006198883057 10.7613096237183 10.4326496124268 10.5879898071289 10.9486799240112 12.098560333252 12.182089805603 12.4593601226807 12.5144701004028 12.0083904266357
-3.4e+38 -3.4e+38 -3.4e+38 -3.4e+38 -3.4e+38 -3.4e+38 -3.4e+38 -3.4e+38 -3.4e+38 -3.4e+38 -3.4e+38 -3.4e+38 -3.4e+38 -3.4e+38 -3.4e+38 -3.4e+38 -3.4e+38 -3.4e+38 -3.4e+38 -3.4e+38 -3.4e+38 -3.4e+38 -3.4e+38 -3.4e+38 -3.4e+38 -3.4e+38 -3.4e+38 -3.4e+38 -3.4e+38 -3.4e+38 -3.4e+38 -3.4e+38 -3.4e+38 -3.4e+38 11.7961101531982 11.3061304092407 11.255410194397 11.049750328064 10.4426803588867 10.7595596313477 11.3478899002075 11.9808902740479 12.5692300796509 12.56898021698 12.3023796081543 11.5515403747559 11.5514097213745
-3.4e+38 -3.4e+38 -3.4e+38 -3.4e+38 -3.4e+38 -3.4e+38 -3.4e+38 -3.4e+38 -3.4e+38 -3.4e+38 -3.4e+38 -3.4e+38 -3.4e+38 -3.4e+38 -3.4e+38 -3.4e+38 -3.4e+38 -3.4e+38 -3.4e+38 -3.4e+38 -3.4e+38 -3.4e+38 -3.4e+38 -3.4e+38 -3.4e+38 -3.4e+38 12.0378904342651 12.00940990448 -3.4e+38 -3.4e+38 -3.4e+38 -3.4e+38 11.7861795425415 11.6912899017334 11.6012201309204 11.2886896133423 11.0425996780396 10.8975896835327 11.3034496307373 11.3315896987915 11.7795295715332 12.6889400482178 12.5337200164795 12.3794002532959 12.0869703292847 11.8495302200317 11.2838001251221
-3.4e+38 -3.4e+38 -3.4e+38 -3.4e+38 -3.4e+38 -3.4e+38 -3.4e+38 -3.4e+38 -3.4e+38 -3.4e+38 -3.4e+38 -3.4e+38 -3.4e+38 -3.4e+38 -3.4e+38 -3.4e+38 -3.4e+38 -3.4e+38 -3.4e+38 -3.4e+38 -3.4e+38 -3.4e+38 -3.4e+38 -3.4e+38 -3.4e+38 12.1150598526001 12.0477695465088 11.8693599700928 11.9861297607422 12.0242900848389 -3.4e+38 11.6010704040527 11.1225299835205 11.3332996368408 11.5659303665161 11.6045198440552 11.3449602127075 10.8523101806641 -3.4e+38 12.5411195755005 12.1160497665405 12.0619897842407 11.8076601028442 11.1506204605103 10.5755596160889 10.304759979248 10.4849100112915
-3.4e+38 -3.4e+38 -3.4e+38 -3.4e+38 -3.4e+38 -3.4e+38 -3.4e+38 -3.4e+38 -3.4e+38 -3.4e+38 -3.4e+38 -3.4e+38 -3.4e+38 -3.4e+38 -3.4e+38 -3.4e+38 -3.4e+38 -3.4e+38 -3.4e+38 -3.4e+38 -3.4e+38 -3.4e+38 12.3325300216675 12.3208904266357 -3.4e+38 11.9749402999878 11.9860095977783 11.80189037323 11.8174695968628 11.5391798019409 11.5391798019409 10.938289642334 10.9493598937988 11.0315799713135 11.7259998321533 12.3115797042847 11.6328001022339 12.3205003738403 12.1758098602295 12.0541200637817 12.1215200424194 11.8133296966553 11.5142402648926 10.9549398422241 10.230770111084 11.3152599334717 10.5600500106812
-3.4e+38 -3.4e+38 -3.4e+38 -3.4e+38 -3.4e+38 -3.4e+38 -3.4e+38 -3.4e+38 -3.4e+38 -3.4e+38 -3.4e+38 -3.4e+38 -3.4e+38 -3.4e+38 -3.4e+38 -3.4e+38 -3.4e+38 -3.4e+38 -3.4e+38 -3.4e+38 -3.4e+38 -3.4e+38 -3.4e+38 11.7523603439331 12.0407199859619 11.7018899917603 11.4507703781128 10.6498699188232 10.9940700531006 11.2990102767944 10.4206895828247 10.1365699768066 11.0718097686768 11.6969404220581 11.2688999176025 11.7640695571899 12.2017698287964 11.560230255127 10.9862804412842 10.9945602416992 11.3559999465942 11.6185598373413 10.6757297515869 9.65701866149902 9.38510894775391 9.71734237670898 9.53101539611816
-3.4e+38 -3.4e+38 -3.4e+38 -3.4e+38 -3.4e+38 -3.4e+38 -3.4e+38 -3.4e+38 -3.4e+38 -3.4e+38 -3.4e+38 -3.4e+38 -3.4e+38 -3.4e+38 -3.4e+38 -3.4e+38 -3.4e+38 -3.4e+38 -3.4e+38 -3.4e+38 12.2707195281982 12.1426095962524 12.3081903457642 11.9957799911499 11.9341201782227 11.4166498184204 11.2383604049683 10.6871204376221 10.6589298248291 10.6321296691895 10.8437700271606 10.6209402084351 10.7855596542358 11.0401296615601 10.8504199981689 10.9403696060181 11.6695995330811 10.9417400360107 10.1831502914429 9.83109188079834 10.3769998550415 10.0687999725342 10.1811895370483 10.2665700912476 10.195779800415 9.79354667663574 9.29242706298828
-3.4e+38 -3.4e+38 -3.4e+38 -3.4e+38 -3.4e+38 -3.4e+38 -3.4e+38 -3.4e+38 -3.4e+38 -3.4e+38 -3.4e+38 -3.4e+38 -3.4e+38 -3.4e+38 -3.4e+38 -3.4e+38 -3.4e+38 12.0894804000854 11.4833002090454 11.4323101043701 11.1531295776367 11.1299495697021 11.4734802246094 11.6114196777344 11.9939498901367 11.7986602783203 11.4257001876831 10.4987897872925 9.7520055770874 9.15843868255615 8.98561000823975 9.0461254119873 9.57441329956055 10.710000038147 9.54634952545166 10.1748600006104 10.6050100326538 10.3968200683594 10.1739902496338 10.3571195602417 9.74892807006836 10.2092304229736 9.94163799285889 8.7519588470459 8.38236141204834 9.36660003662109 9.42898845672607
-3.4e+38 -3.4e+38 -3.4e+38 -3.4e+38 -3.4e+38 -3.4e+38 -3.4e+38 -3.4e+38 -3.4e+38 -3.4e+38 -3.4e+38 -3.4e+38 -3.4e+38 -3.4e+38 -3.4e+38 11.5036401748657 11.8679103851318 11.5890102386475 11.5656604766846 11.4531297683716 11.4464302062988 11.3564701080322 10.9828796386719 11.1155300140381 9.90288162231445 10.7830295562744 9.56776714324951 9.29493999481201 8.48151302337646 8.27533340454102 7.61600112915039 7.99428796768188 8.12354564666748 8.40183258056641 10.1018104553223 9.94883346557617 8.76878070831299 8.7500467300415 8.73019886016846 8.12499046325684 8.50328159332275 8.70193481445312 9.19784069061279 9.59486770629883 8.97687339782715 9.1592845916748 9.37504100799561
-3.4e+38 -3.4e+38 -3.4e+38 -3.4e+38 -3.4e+38 -3.4e+38 -3.4e+38 -3.4e+38 -3.4e+38 -3.4e+38 -3.4e+38 -3.4e+38 11.7015399932861 11.4158000946045 11.6374101638794 10.9492998123169 10.9663000106812 11.1823101043701 10.0914602279663 11.3012399673462 10.7507696151733 10.3275899887085 9.20399379730225 9.30871295928955 7.75613021850586 7.87622690200806 7.70434284210205 7.66166019439697 8.10250186920166 8.29615116119385 8.3007173538208 8.16736698150635 9.04548168182373 8.15600109100342 8.3165225982666 8.64387130737305 9.04183673858643 8.71878623962402 8.06993198394775 8.06695461273193 8.60948276519775 9.19074821472168 9.42089653015137 9.63643074035645 9.50218963623047 9.61794662475586 9.30221462249756
-3.4e+38 -3.4e+38 -3.4e+38 -3.4e+38 -3.4e+38 -3.4e+38 -3.4e+38 -3.4e+38 -3.4e+38 -3.4e+38 11.0926504135132 11.6824598312378 11.6467199325562 11.367919921875 11.4005403518677 10.4939498901367 10.704119682312 9.48587989807129 8.52335453033447 8.55588245391846 8.38240718841553 7.3924560546875 7.76133680343628 7.56776714324951 7.27508592605591 7.10041999816895 7.87421321868896 5.92952823638916 5.79208278656006 5.71402406692505 5.84714984893799 6.06947898864746 7.14871311187744 6.81037616729736 7.42588186264038 7.72104787826538 8.30119800567627 9.41283512115479 9.29298400878906 9.20648288726807 9.87015533447266 9.55030155181885 8.69806957244873 9.09286022186279 9.41360378265381 9.64285945892334 10.1282396316528
-3.4e+38 -3.4e+38 -3.4e+38 -3.4e+38 -3.4e+38 -3.4e+38 -3.4e+38 -3.4e+38 11.4617395401001 11.6829204559326 11.4731502532959 10.6094999313354 9.66781806945801 9.90029907226562 9.35982894897461 8.72600746154785 9.77977561950684 9.54595279693604 8.91171455383301 8.60488605499268 6.8924560546875 5.88948011398315 6.45089101791382 7.75635385513306 7.77942895889282 7.15548086166382 7.54543209075928 7.2057318687439 6.44118976593018 6.10468912124634 5.84873676300049 7.22067403793335 8.01469326019287 8.03045082092285 7.3635778427124 8.07538890838623 8.55963230133057 9.46717262268066 9.97127246856689 10.130669593811 9.79732418060303 8.60987854003906 8.3450927734375 9.00836753845215 8.85652923583984 9.85764503479004 10.2035503387451
-3.4e+38 -3.4e+38 -3.4e+38 -3.4e+38 -3.4e+38 -3.4e+38 11.3548097610474 11.2861995697021 11.0240297317505 10.0623598098755 10.0173196792603 10.7844104766846 10.0669498443604 9.32089424133301 8.88677501678467 8.90265274047852 9.12930297851562 7.71665000915527 7.0598258972168 6.71493911743164 6.13057088851929 6.4147891998291 5.54084300994873 4.68652486801147 5.78771495819092 6.34206008911133 7.07035112380981 7.39231014251709 8.46334934234619 9.21992969512939 8.3635778427124 6.7654390335083 7.05836820602417 7.89074993133545 9.14940738677979 9.08178806304932 8.76491928100586 9.06082153320312 10.1589603424072 10.0568704605103 10.070369720459 9.62223720550537 8.75240993499756 9.25240993499756 9.81293201446533 10.4994297027588 10.134819984436
-3.4e+38 -3.4e+38 -3.4e+38 -3.4e+38 10.9085597991943 11.5743198394775 11.2362003326416 10.8504600524902 10.3290100097656 10.4595003128052 10.2010698318481 10.5170698165894 10.6661796569824 10.3259601593018 10.8249597549438 9.65672206878662 8.80613422393799 8.68252754211426 7.04257917404175 5.36392116546631 5.48424291610718 7.1232271194458 7.98352289199829 7.45771598815918 7.97781181335449 7.48721981048584 7.69342517852783 7.86334896087646 8.60643005371094 8.99300575256348 9.53590869903564 9.03365039825439 6.78665399551392 6.46866703033447 6.75104808807373 8.30970573425293 8.65987873077393 8.6879940032959 8.28816699981689 9.13590812683105 11.0673999786377 11.0662803649902 9.48181438446045 9.21720027923584 9.7464542388916 10.4766101837158 10.5099496841431
-3.4e+38 -3.4e+38 -3.4e+38 -3.4e+38 12.0414400100708 10.9723501205444 10.3911600112915 9.24612998962402 8.94089508056641 8.55627727508545 9.24446773529053 9.58283042907715 9.55377197265625 10.5027799606323 8.76283073425293 8.01183986663818 6.46617698669434 5.59816408157349 6.26454210281372 6.12186002731323 5.89791297912598 5.81987714767456 5.17719697952271 5.1167459487915 6.5431752204895 7.39550685882568 5.99102020263672 5.93483877182007 8.22821998596191 9.4995813369751 9.79345226287842 10.0413599014282 10.4217395782471 9.03389835357666 8.67226314544678 8.23799419403076 8.55464458465576 9.01516532897949 10.1133003234863 10.9310703277588 10.7288103103638 10.8142004013062 11.0101003646851 10.3934497833252 10.4589796066284 10.3902702331543 9.90675067901611
-3.4e+38 -3.4e+38 -3.4e+38 -3.4e+38 -3.4e+38 11.9033203125 11.7647399902344 11.3123598098755 10.8514204025269 10.9397802352905 10.1161804199219 9.3035249710083 9.0195255279541 9.82930278778076 8.69506740570068 6.18851089477539 6.80399417877197 6.51987981796265 9.03982162475586 6.39791488647461 8.03761959075928 7.62756395339966 5.97123908996582 5.63339805603027 4.50856113433838 4.44811391830444 4.39491415023804 5.41201210021973 7.74077415466309 7.77276277542114 9.4556131362915 8.72136688232422 9.98203563690186 10.9614400863647 10.5945701599121 10.7956800460815 9.5092077255249 8.46106910705566 9.07883453369141 9.77359867095947 11.0883798599243 11.7198696136475 11.9386100769043 10.2030200958252 10.3425102233887 10.1913900375366 9.89325141906738
-3.4e+38 -3.4e+38 -3.4e+38 -3.4e+38 -3.4e+38 11.8675899505615 11.4554300308228 11.4241199493408 11.2123603820801 11.3996496200562 10.9211397171021 10.441840171814 9.24124431610107 8.10687732696533 7.55017280578613 9.60385036468506 7.55910921096802 9.17930316925049 10.5972900390625 9.8420877456665 7.81389188766479 7.12533521652222 7.43079090118408 6.18982791900635 5.80422210693359 6.10953187942505 5.6337251663208 6.70494318008423 6.86023092269897 8.06680393218994 9.05466747283936 8.9838981628418 8.53166198730469 9.7592077255249 9.47883605957031 9.87288188934326 11.3093500137329 9.79158878326416 9.0758581161499 9.20898342132568 10.4687595367432 11.8353996276855 12.0365200042725 11.184289932251 11.1706199645996 11.390419960022 11.3258104324341
-3.4e+38 -3.4e+38 -3.4e+38 -3.4e+38 -3.4e+38 12.3749399185181 11.9030504226685 11.4955902099609 10.6614599227905 10.7936000823975 10.0587100982666 9.4695291519165 8.83518695831299 8.40116691589355 10.9274501800537 8.75399303436279 9.73116397857666 11.1064500808716 11.2078199386597 9.59943008422852 9.57232856750488 9.01503944396973 6.82930612564087 6.98573112487793 7.64208316802979 7.11796617507935 6.79330396652222 8.52203845977783 9.46382713317871 8.84397602081299 8.73873710632324 8.65240669250488 9.09419345855713 9.69233512878418 10.290470123291 11.2518796920776 12.1534004211426 11.5835399627686 9.68838500976562 10.069899559021 9.8365478515625 10.3196697235107 12.2365198135376 12.9865198135376 12.0207901000977 11.8707895278931 11.789529800415
-3.4e+38 -3.4e+38 -3.4e+38 12.8618402481079 12.506609916687 12.0152101516724 11.9408702850342 11.8897800445557 11.3939399719238 10.9871196746826 9.65275478363037 9.25776767730713 9.71741962432861 10.2391395568848 10.4537296295166 8.07039833068848 10.2281799316406 10.0834503173828 8.02808856964111 8.97942924499512 8.53788661956787 7.79595708847046 7.49186515808105 6.80126905441284 6.08327913284302 6.67096996307373 8.85060119628906 9.43754768371582 10.4763603210449 11.2119598388672 9.70054817199707 9.65995025634766 9.69419384002686 9.27660083770752 10.3352603912354 10.6030302047729 11.4707899093628 13.1180095672607 12.253399848938 11.6365203857422 11.4865198135376 11.3689298629761 11.9689302444458 13.1200504302979 12.7689304351807 12.1719102859497 11.9061803817749
-3.4e+38 -3.4e+38 -3.4e+38 -3.4e+38 13.0042200088501 12.6989803314209 11.9732303619385 11.2222299575806 10.4154100418091 9.31416988372803 9.45253086090088 8.61816501617432 8.30091953277588 8.4829273223877 7.73791980743408 8.30873775482178 8.2469654083252 9.31753921508789 8.20302867889404 6.60491418838501 5.61818885803223 5.49126291275024 5.63193416595459 5.92372179031372 7.06044816970825 8.07642841339111 7.59290599822998 8.81000804901123 9.41658115386963 9.77412223815918 10.8119602203369 10.4619598388672 11.0717601776123 11.0548896789551 11.4196796417236 12.2854099273682 11.8865203857422 12.0824298858643 13.3004198074341 13.569299697876 13.1816902160645 12.5316896438599 12.2794504165649 13.2335500717163 13.465950012207 13.2189302444458 12.6248903274536
