ENMTML/All_vars/Predictors/EUR_only/bio16.asc
NCOLS 411 
NROWS 214 
XLLCORNER -11.5 
YLLCORNER 35.666666666112 
CELLSIZE 0.166666666666667 
NODATA_value -3.4e+38 
[rows 168 to 188 of 214, columns 188 to 234 of 411]
291.026702880859 283.026794433594 281.571197509766 271.058502197266 248.056198120117 258.084899902344 256.091400146484 235.410003662109 215.098297119141 202.595596313477 198.608505249023 186.079193115234 186.605697631836 192.123992919922 197.647003173828 198.636306762695 204.150405883789 230.561004638672 228.835296630859 224.141799926758 217.624496459961 226.134994506836 230.126098632812 225.333694458008 219.118392944336 206.194000244141 206.881805419922 207.60090637207 211.34440612793 206.325500488281 206.338592529297 205.628692626953 199.950103759766 198.225204467773 195.800598144531 199.152297973633 201.646102905273 206.614898681641 206.626403808594 209.125 198.60009765625 192.600296020508 192.074096679688 182.046005249023 175.009002685547 165.977600097656 158.516998291016
309.294494628906 293.550506591797 281.282409667969 267.017791748047 253.10090637207 240.543304443359 248.092193603516 238.616897583008 211.095504760742 207.617294311523 199.095794677734 179.571105957031 177.085906982422 184.114395141602 195.156097412109 190.634002685547 192.116394042969 203.131896972656 213.130294799805 231.807006835938 235.803100585938 234.684097290039 234.358993530273 224.333206176758 220.077896118164 217.829696655273 212.828094482422 214.281005859375 218.293701171875 214.286895751953 219.556304931641 209.877899169922 212.15950012207 205.766799926758 200.175704956055 195.670593261719 195.643096923828 208.123901367188 214.623199462891 212.576202392578 201.574295043945 195.065795898438 189.126098632812 180.161697387695 168.230194091797 161.555801391602 162.105606079102
341.430786132812 311.239685058594 298.785003662109 284.192504882812 267.168304443359 244.273696899414 228.543899536133 222.557601928711 206.082107543945 205.599899291992 188.07829284668 177.581207275391 170.576797485352 171.101699829102 183.65299987793 187.651901245117 193.643295288086 193.626007080078 199.584594726562 207.591003417969 217.091094970703 224.696304321289 231.70979309082 220.365997314453 224.091201782227 224.110900878906 230.845306396484 235.565704345703 227.839996337891 218.565399169922 217.842498779297 210.155899047852 214.427200317383 215.180404663086 211.151000976562 212.635406494141 209.615905761719 214.102401733398 215.589294433594 216.775695800781 210.480895996094 200.523101806641 191.544006347656 183.288803100586 178.925201416016 177.564102172852 178.085098266602
350.890991210938 327.215789794922 317.195587158203 302.347991943359 274.908294677734 252.24690246582 231.265197753906 211.331405639648 201.227005004883 195.58349609375 186.58219909668 180.100296020508 178.617004394531 169.611206054688 181.169006347656 185.175598144531 182.13200378418 187.6376953125 192.084701538086 197.583602905273 200.551605224609 206.070693969727 215.733306884766 222.713394165039 229.475601196289 234.483093261719 240.770492553711 246.833404541016 235.179092407227 249.540496826172 257.138305664062 251.15299987793 232.17399597168 234.163696289062 229.142593383789 222.627502441406 225.608596801758 218.803298950195 217.531402587891 210.256500244141 198.008605957031 186.329803466797 190.664703369141 192.974502563477 186.566696166992 184.135299682617 178.705902099609
361.856903076172 340.051696777344 335.338012695312 316.980102539062 286.138397216797 259.495788574219 237.259094238281 213.30110168457 201.855194091797 190.129806518555 176.192794799805 174.597900390625 167.110992431641 163.109893798828 178.684692382812 175.675994873047 171.140701293945 175.590301513672 181.089996337891 190.094100952148 211.136703491211 202.598495483398 206.108703613281 210.119903564453 213.749099731445 215.738403320312 226.766906738281 230.766906738281 219.436798095703 204.835906982422 211.424194335938 215.197906494141 205.699005126953 200.666305541992 201.656204223633 197.63720703125 189.002899169922 183.746307373047 178.477096557617 175.174102783203 180.695907592773 187.03450012207 195.360107421875 193.29069519043 183.644805908203 180.4375 178.785507202148
373.751800537109 377.120513916016 357.024597167969 328.558898925781 293.967803955078 264.462005615234 246.284194946289 218.521697998047 198.578506469727 180.322494506836 169.958694458008 161.209106445312 158.586502075195 162.636093139648 173.450302124023 165.635696411133 162.615997314453 168.607803344727 172.591003417969 178.570007324219 192.60530090332 198.615707397461 200.112106323242 199.637405395508 202.159301757812 197.721603393555 197.430603027344 195.384994506836 192.076095581055 190.079406738281 194.367797851562 198.720306396484 199.688903808594 195.189300537109 186.159103393555 177.131805419922 170.871597290039 173.281402587891 175.436599731445 180.08740234375 185.751007080078 192.091796875 194.074203491211 190.018997192383 185.215393066406 182.38720703125 186.676605224609
431.743194580078 408.660705566406 372.098114013672 335.028503417969 300.493408203125 269.932495117188 268.728912353516 248.688903808594 201.545593261719 198.682601928711 173.878799438477 155.236404418945 155.229904174805 158.281005859375 157.279800415039 158.615798950195 170.95329284668 159.074096679688 163.057403564453 168.051895141602 200.700302124023 210.643707275391 214.632995605469 212.120498657227 194.168792724609 180.209899902344 177.73779296875 178.416305541992 178.412704467773 180.09489440918 178.750595092773 176.212799072266 177.715194702148 176.783004760742 171.535507202148 168.659103393555 168.797393798828 175.456695556641 180.155303955078 183.844100952148 187.507293701172 194.471298217773 198.158996582031 199.099792480469 197.749801635742 197.402603149414 196.773300170898
454.625793457031 400.336303710938 374.245910644531 339.559692382812 318.926086425781 309.177612304688 289.15380859375 231.320907592773 198.28889465332 178.307495117188 164.343399047852 149.626205444336 148.902099609375 151.203903198242 157.996002197266 170.815002441406 165.974304199219 159.18620300293 161.584106445312 158.062393188477 190.02360534668 222.444396972656 219.050201416016 211.335098266602 204.733306884766 194.185592651367 185.21809387207 177.264495849609 179.761505126953 178.279907226562 171.76139831543 168.722793579102 165.707107543945 163.623306274414 165.089797973633 169.796295166016 174.822601318359 184.221603393555 191.691497802734 189.904800415039 192.583297729492 200.257202148438 205.973098754883 211.944900512695 215.940505981445 209.191604614258 208.106002807617
454.760314941406 411.495788574219 375.322296142578 353.569396972656 341.589294433594 330.012084960938 259.910003662109 238.851806640625 206.555297851562 177.064407348633 152.838195800781 148.44709777832 146.608505249023 145.874694824219 144.839797973633 145.170593261719 148.175399780273 155.203796386719 158.197006225586 152.142807006836 174.312698364258 185.06950378418 176.846496582031 198.699996948242 201.964996337891 209.354202270508 212.625 198.518905639648 217.535995483398 203.512496948242 193.57209777832 178.241500854492 175.372604370117 169.814697265625 173.5166015625 178.544097900391 180.572692871094 186.2998046875 197.830001831055 199.599304199219 198.521301269531 208.216796875 211.886093139648 213.964294433594 225.899795532227 226.80029296875 224.280807495117
478.42041015625 409.896087646484 378.035614013672 355.951690673828 349.335388183594 329.227111816406 269.985412597656 260.877899169922 227.320907592773 242.206207275391 175.34880065918 145.686706542969 142.333602905273 140.891998291016 143.882202148438 154.549194335938 161.683502197266 155.662094116211 166.358596801758 159.716094970703 163.251998901367 218.669006347656 186.87809753418 182.092803955078 199.521896362305 205.184005737305 204.233993530273 195.729995727539 213.90559387207 211.804504394531 208.912796020508 189.681304931641 183.749694824219 183.913101196289 184.275894165039 187.974502563477 192.105697631836 194.0458984375 194.070999145508 198.020401000977 198.842102050781 204.548294067383 207.461807250977 210.21240234375 213.945205688477 221.7666015625 236.368301391602
439.078094482422 417.5244140625 382.065399169922 350.351104736328 343.631988525391 337.966491699219 283.520599365234 259.432098388672 213.998794555664 208.34260559082 168.871200561523 150.846801757812 141.570602416992 138.427505493164 142.608001708984 141.600494384766 139.663497924805 150.810592651367 162.559204101562 152.5791015625 147.679992675781 171.720306396484 184.107192993164 166.195205688477 173.7373046875 184.131500244141 197.067596435547 204.236999511719 212.583404541016 202.104995727539 199.175201416016 197.153305053711 193.551803588867 190.736892700195 194.695999145508 200.821197509766 207.779998779297 206.981201171875 203.171493530273 204.182006835938 208.041702270508 213.644195556641 214.418701171875 214.012802124023 214.891204833984 218.499099731445 223.481201171875
426.934204101562 399.236206054688 384.076385498047 360.991790771484 341.280090332031 326.552398681641 282.585113525391 254.545104980469 223.223297119141 182.48649597168 178.702301025391 161.008193969727 147.608200073242 140.694305419922 137.726303100586 137.82780456543 137.333297729492 139.797698974609 151.145202636719 150.799499511719 150.194396972656 154.799102783203 178.338104248047 172.679092407227 177.433700561523 179.334594726562 190.997802734375 190.97380065918 202.631393432617 211.856994628906 206.811004638672 201.960998535156 201.138900756836 202.330795288086 206.386703491211 213.506607055664 216.631103515625 214.891494750977 215.182998657227 218.139404296875 223.082107543945 227.773498535156 224.301498413086 220.884994506836 222.429306030273 222.229202270508 222.155502319336
422.575592041016 395.953399658203 372.914398193359 365.668212890625 338.159606933594 299.730285644531 287.139190673828 257.088012695312 216.419296264648 183.134902954102 178.622100830078 164.919692993164 157.912994384766 158.385299682617 161.724792480469 137.527893066406 135.766906738281 139.829406738281 144.730606079102 151.861892700195 151.855392456055 157.528503417969 177.489700317383 185.115600585938 182.220794677734 195.632705688477 191.719192504883 196.483093261719 200.437194824219 208.412796020508 206.481994628906 206.771896362305 215.666305541992 215.948699951172 219.074203491211 228.878295898438 237.245803833008 227.850494384766 225.198501586914 229.232192993164 236.106002807617 241.791107177734 240.451507568359 234.667495727539 232.992492675781 230.888000488281 226.707794189453
407.533599853516 393.368286132812 375.184295654297 353.256195068359 325.303405761719 290.760589599609 287.667694091797 254.556793212891 225.34309387207 187.918792724609 180.127395629883 174.577499389648 186.791000366211 167.808303833008 159.821304321289 143.049697875977 137.729598999023 139.235702514648 143.2666015625 152.190505981445 152.228897094727 154.847305297852 164.893402099609 178.422393798828 183.283203125 187.908905029297 198.065200805664 206.993499755859 210.01789855957 207.169494628906 203.433807373047 204.460205078125 204.933700561523 208.051193237305 211.349395751953 224.185592651367 246.454498291016 238.70719909668 231.212295532227 236.234405517578 245.037399291992 254.690399169922 256.519287109375 250.70930480957 248.948196411133 246.218795776367 238.187896728516
396.761688232422 388.175109863281 375.540313720703 358.794189453125 327.367095947266 300.157196044922 280.489410400391 253.726699829102 264.947601318359 195.560897827148 181.884292602539 216.288696289062 169.505599975586 147.04670715332 153.035003662109 144.031997680664 137.984802246094 139.488693237305 144.303604125977 152.878005981445 160.950103759766 161.920394897461 165.593795776367 173.258499145508 185.769195556641 203.263900756836 205.721893310547 211.537506103516 209.50700378418 207.866394042969 208.067001342773 -3.4e+38 209.568099975586 215.742294311523 224.901992797852 233.93620300293 233.405395507812 238.53010559082 238.984893798828 246.1376953125 255.987396240234 266.767486572266 269.369506835938 269.048187255859 269.462005615234 261.343292236328 -3.4e+38
400.935913085938 400.749603271484 388.962005615234 366.794891357422 331.423706054688 295.343597412109 280.453704833984 257.185913085938 255.082397460938 214.798294067383 188.414703369141 173.857894897461 166.086700439453 150.828796386719 145.159301757812 141.437805175781 140.209594726562 140.433502197266 144.783798217773 148.746002197266 158.26530456543 165.639602661133 175.539398193359 180.200698852539 187.786193847656 198.335906982422 -3.4e+38 -3.4e+38 222.242492675781 223.296295166016 -3.4e+38 -3.4e+38 -3.4e+38 -3.4e+38 -3.4e+38 -3.4e+38 -3.4e+38 245.498504638672 254.659896850586 258.876708984375 267.778686523438 277.775787353516 285.591491699219 287.295501708984 296.093505859375 -3.4e+38 -3.4e+38
438.696990966797 438.049102783203 404.957305908203 373.821502685547 345.372192382812 305.874908447266 285.130706787109 267.413696289062 240.453704833984 234.530502319336 193.060394287109 176.606597900391 215.797103881836 167.432495117188 149.842895507812 144.37939453125 140.910903930664 140.827606201172 145.270599365234 153.937301635742 160.99169921875 163.697204589844 175.668502807617 185.211807250977 -3.4e+38 -3.4e+38 -3.4e+38 -3.4e+38 218.412704467773 -3.4e+38 -3.4e+38 -3.4e+38 -3.4e+38 -3.4e+38 -3.4e+38 -3.4e+38 -3.4e+38 -3.4e+38 263.722900390625 269.614990234375 275.5537109375 283.412292480469 287.312591552734 294.432312011719 -3.4e+38 -3.4e+38 284.161102294922
498.45849609375 476.337188720703 453.703002929688 398.207885742188 360.937896728516 342.717987060547 310.7578125 277.577392578125 250.346496582031 230.412399291992 219.582794189453 185.398406982422 184.143295288086 183.409805297852 159.418304443359 147.406799316406 143.156005859375 -3.4e+38 144.263000488281 150.976806640625 163.692199707031 174.841903686523 182.48649597168 185.328796386719 -3.4e+38 194.671493530273 -3.4e+38 -3.4e+38 -3.4e+38 -3.4e+38 -3.4e+38 -3.4e+38 -3.4e+38 -3.4e+38 275.880798339844 -3.4e+38 -3.4e+38 -3.4e+38 -3.4e+38 291.489898681641 290.167297363281 292.080993652344 301.408111572266 297.986389160156 294.255187988281 -3.4e+38 -3.4e+38
478.483489990234 535.29248046875 499.391815185547 465.505187988281 387.944610595703 357.775390625 329.773498535156 301.229095458984 268.008514404297 238.584396362305 225.203796386719 194.251602172852 176.040298461914 188.055206298828 185.823394775391 151.302795410156 147.845199584961 -3.4e+38 -3.4e+38 -3.4e+38 156.391494750977 165.435897827148 173.981597900391 180.53840637207 -3.4e+38 -3.4e+38 211.359100341797 -3.4e+38 -3.4e+38 -3.4e+38 -3.4e+38 -3.4e+38 -3.4e+38 -3.4e+38 -3.4e+38 -3.4e+38 308.996307373047 -3.4e+38 291.926391601562 293.118988037109 301.106506347656 312.890197753906 318.240600585938 300.9619140625 295.876495361328 290.898193359375 283.53271484375
534.411682128906 583.635192871094 557.195373535156 456.075592041016 458.359100341797 406.462005615234 356.205108642578 325.378814697266 290.676910400391 257.121490478516 229.770706176758 209.892105102539 198.196594238281 192.009902954102 204.957504272461 221.903396606445 155.542297363281 -3.4e+38 -3.4e+38 -3.4e+38 -3.4e+38 167.564605712891 -3.4e+38 -3.4e+38 196.036804199219 -3.4e+38 -3.4e+38 -3.4e+38 -3.4e+38 -3.4e+38 -3.4e+38 -3.4e+38 -3.4e+38 -3.4e+38 -3.4e+38 294.518798828125 -3.4e+38 -3.4e+38 297.152587890625 302.953796386719 315.748291015625 329.146392822266 319.493988037109 316.442291259766 319.796112060547 328.971588134766 299.885009765625
631.203796386719 629.520324707031 577.127197265625 535.687194824219 494.207214355469 408.862701416016 370.664611816406 347.579010009766 316.142608642578 281.115112304688 248.566192626953 230.497100830078 215.005096435547 187.812393188477 183.673904418945 187.851104736328 171.898101806641 161.017501831055 -3.4e+38 -3.4e+38 -3.4e+38 -3.4e+38 179.08039855957 -3.4e+38 -3.4e+38 -3.4e+38 -3.4e+38 -3.4e+38 -3.4e+38 -3.4e+38 -3.4e+38 229.632995605469 228.237701416016 237.675399780273 -3.4e+38 -3.4e+38 -3.4e+38 -3.4e+38 289.340606689453 315.383514404297 322.589996337891 328.795806884766 330.363311767578 340.132507324219 332.273712158203 318.212188720703 315.599487304688
