ENMTML/All_vars/Predictors/EUR_only/bio13.asc
NCOLS 411 
NROWS 214 
XLLCORNER -11.5 
YLLCORNER 35.666666666112 
CELLSIZE 0.166666666666667 
NODATA_value -3.4e+38 
[rows 21 to 41 of 214, columns 141 to 187 of 411]
-3.4e+38 -3.4e+38 -3.4e+38 -3.4e+38 -3.4e+38 -3.4e+38 -3.4e+38 -3.4e+38 -3.4e+38 -3.4e+38 -3.4e+38 -3.4e+38 -3.4e+38 -3.4e+38 -3.4e+38 -3.4e+38 -3.4e+38 35.5410995483398 35.0229988098145 35.0278015136719 34.5905990600586 34.1758003234863 33.7374000549316 32.8356018066406 31.74880027771 30.048900604248 28.7219009399414 26.9927997589111 25.4643993377686 23.7056007385254 22.1481990814209 20.360200881958 20.5604000091553 20.5552005767822 22.104700088501 22.5319995880127 20.7133007049561 20.2780990600586 20.4461002349854 19.0909996032715 19.317699432373 19.0858993530273 18.5937004089355 17.9321002960205 17.9009990692139 18.1317005157471 18.1009006500244
-3.4e+38 -3.4e+38 -3.4e+38 -3.4e+38 -3.4e+38 -3.4e+38 -3.4e+38 -3.4e+38 -3.4e+38 -3.4e+38 -3.4e+38 -3.4e+38 -3.4e+38 -3.4e+38 -3.4e+38 -3.4e+38 -3.4e+38 34.2159996032715 33.9277000427246 33.7326011657715 33.5038986206055 33.0737991333008 32.4127998352051 31.7217998504639 30.2530994415283 28.7548007965088 27.2264003753662 25.8994998931885 24.3418006896973 22.8132991790771 22.3533992767334 21.887300491333 22.3421993255615 21.2140998840332 20.2884006500244 20.4838008880615 20.0482006072998 21.3689994812012 20.0116996765137 19.5487995147705 18.1919002532959 17.7297992706299 18.1590003967285 18.3598003387451 17.92799949646 17.6975994110107 18.127799987793
-3.4e+38 -3.4e+38 -3.4e+38 -3.4e+38 -3.4e+38 -3.4e+38 -3.4e+38 -3.4e+38 -3.4e+38 -3.4e+38 -3.4e+38 -3.4e+38 -3.4e+38 -3.4e+38 -3.4e+38 34.2997016906738 33.810001373291 33.5839996337891 33.3871002197266 32.6678009033203 32.2089004516602 31.7201995849609 31.0881004333496 30.05299949646 28.7546997070312 27.6602993011475 26.5361995697021 24.9778003692627 23.2775001525879 22.7880992889404 22.982400894165 23.4374008178711 24.5254993438721 24.520299911499 24.0547008514404 23.3876991271973 21.3687992095947 20.6746006011963 19.3169002532959 18.4232006072998 17.5287990570068 17.7287006378174 17.7268009185791 17.7255001068115 17.7255001068115 18.1567993164062 17.9258995056152
-3.4e+38 -3.4e+38 -3.4e+38 -3.4e+38 -3.4e+38 -3.4e+38 -3.4e+38 -3.4e+38 -3.4e+38 -3.4e+38 -3.4e+38 -3.4e+38 -3.4e+38 -3.4e+38 34.725700378418 33.8357009887695 33.1479988098145 32.7216987609863 32.0320014953613 31.5428009033203 31.0860004425049 30.455099105835 29.6217994689941 28.3551006317139 26.8859996795654 25.9916000366211 24.7847995758057 23.889799118042 24.0851001739502 24.3090000152588 23.4118003845215 24.4990997314453 24.9535999298096 25.1501007080078 23.8215999603271 23.1259002685547 22.9207992553711 21.5625 20.2066993713379 20.6646003723145 20.4330997467041 18.6476993560791 17.7259998321533 17.9556007385254 17.7243003845215 17.9543991088867 17.7240009307861
-3.4e+38 -3.4e+38 -3.4e+38 -3.4e+38 -3.4e+38 -3.4e+38 -3.4e+38 -3.4e+38 -3.4e+38 -3.4e+38 -3.4e+38 -3.4e+38 42.5551986694336 39.437198638916 36.8158988952637 35.0290985107422 33.7066993713379 32.0908012390137 31.2005996704102 30.3108005523682 29.5893993377686 28.7866992950439 27.9230995178223 27.2329006195068 26.3391990661621 24.8675994873047 24.0925006866455 23.3960990905762 24.4829006195068 24.2775993347168 23.5806007385254 23.8052997589111 23.3379993438721 22.6417007446289 22.4337997436523 21.7686996459961 21.3043994903564 19.9775009155273 19.5426998138428 19.1095008850098 19.3370990753174 19.5384998321533 18.8460998535156 17.9836006164551 17.7530994415283 17.5226993560791 17.2931003570557
-3.4e+38 -3.4e+38 -3.4e+38 -3.4e+38 -3.4e+38 -3.4e+38 -3.4e+38 -3.4e+38 -3.4e+38 52.5542984008789 50.2411003112793 46.689998626709 43.7458992004395 40.4574012756348 37.6049003601074 35.1547012329102 33.0152015686035 31.4913997650146 30.1679000854492 28.9853000640869 28.1233005523682 27.318000793457 26.4265003204346 25.5335006713867 24.6396999359131 23.5450000762939 22.6203002929688 22.2134990692139 22.8983001708984 23.0937004089355 23.7784996032715 24.2040004730225 23.0755996704102 21.2847995758057 20.6177997589111 20.4130992889404 20.409200668335 19.7457008361816 19.1112995147705 18.4468994140625 18.4461002349854 18.2145004272461 17.7831001281738 17.7532005310059 17.7824993133545 17.7824993133545 17.3222999572754
-3.4e+38 -3.4e+38 -3.4e+38 -3.4e+38 -3.4e+38 -3.4e+38 -3.4e+38 -3.4e+38 58.2350997924805 54.6314010620117 50.9929008483887 46.1473007202148 43.2030982971191 40.0891990661621 36.8040008544922 34.5243988037109 32.5367012023926 30.4897994995117 29.1333999633789 28.07080078125 26.6277008056641 25.7339992523193 24.9011001586914 24.294900894165 23.1417007446289 23.7996006011963 24.6872997283936 23.5317001342773 24.2173004150391 23.4925003051758 23.0552005767822 22.1587009429932 21.9216995239258 21.9160003662109 21.9106998443604 21.2446994781494 20.6093997955322 20.1758003234863 20.2021999359131 19.5398006439209 18.8766994476318 18.2145004272461 17.7833995819092 17.3222007751465 17.3220996856689 17.3526992797852 17.1226005554199
-3.4e+38 -3.4e+38 -3.4e+38 -3.4e+38 -3.4e+38 -3.4e+38 65.9876022338867 63.0490989685059 59.0139999389648 54.4851989746094 48.2853012084961 45.5456008911133 41.7677993774414 38.6537017822266 36.3456001281738 33.6623001098633 31.4442005157471 29.1660003662109 27.6093997955322 26.484899520874 25.1608009338379 24.9862003326416 24.2933006286621 24.4916000366211 23.5685005187988 21.7248001098633 22.8423004150391 23.4992008209229 22.5732002258301 22.5678997039795 22.3323001861572 22.5569000244141 21.8899993896484 21.2233009338379 20.7576007843018 21.675500869751 21.9328002929688 21.2667999267578 21.0641994476318 20.4016990661621 19.5380001068115 18.6760005950928 18.2436008453369 17.7847995758057 17.5820007324219 17.152099609375 16.9230995178223
-3.4e+38 -3.4e+38 -3.4e+38 -3.4e+38 -3.4e+38 -3.4e+38 65.8470993041992 62.6747016906738 59.2731018066406 53.2181015014648 50.2487983703613 47.679500579834 43.8442993164062 40.2378005981445 36.0275001525879 32.7116012573242 29.8292007446289 27.6105995178223 25.8243007659912 24.4983005523682 24.2936992645264 24.5216999053955 24.4906997680664 24.228099822998 23.30419921875 22.5825004577637 21.9171009063721 21.8838005065918 21.6492004394531 21.6147003173828 21.4076995849609 20.9433994293213 21.398099899292 21.3936996459961 20.9582996368408 20.7539005279541 20.550199508667 20.5765991210938 20.1730003356934 19.7415008544922 19.7684993743896 19.5377998352051 18.9057006835938 18.6760997772217 18.4743995666504 17.8138999938965 17.4132995605469
-3.4e+38 -3.4e+38 -3.4e+38 -3.4e+38 63.4300003051758 64.5232009887695 65.1551971435547 62.2442016601562 59.4743995666504 56.274600982666 51.7480010986328 46.1837005615234 41.915599822998 38.1082992553711 34.3305015563965 30.9866008758545 28.3351993560791 26.0856990814209 24.528600692749 22.7427005767822 22.6765995025635 22.4447002410889 23.5356006622314 23.733699798584 23.5011005401611 23.2383995056152 22.3145999908447 22.0508995056152 21.8169994354248 21.3808002471924 21.1457996368408 20.9109992980957 20.7057991027832 21.1331005096436 21.1588001251221 20.7241992950439 20.5203990936279 20.5774993896484 19.9150009155273 19.2807006835938 19.2798004150391 19.3085994720459 19.1371994018555 19.1371994018555 18.7066993713379 18.2751998901367 17.8455009460449
-3.4e+38 -3.4e+38 59.4584999084473 60.782600402832 61.644401550293 61.8442993164062 61.3816986083984 57.8061981201172 55.9607009887695 53.1916007995605 48.9255981445312 44.0247993469238 39.3521003723145 35.5457000732422 32.4026985168457 29.4603004455566 26.5790004730225 24.3286991119385 22.5361003875732 23.8281993865967 22.2126998901367 22.6411991119385 23.9620990753174 23.7007999420166 22.1147994995117 22.9743995666504 23.1725997924805 22.736499786377 22.4729995727539 22.0084991455078 21.5440998077393 20.8794002532959 20.8752002716064 20.9004993438721 20.4671001434326 20.4650001525879 20.2903995513916 20.3190994262695 20.3456001281738 19.7131004333496 18.8507995605469 18.8493995666504 18.4491996765137 18.2479000091553 18.0468997955322 17.6457004547119 17.2154998779297
-3.4e+38 -3.4e+38 58.1053009033203 58.5946006774902 59.0275001525879 58.5639991760254 57.1763000488281 56.8861999511719 53.9455986022949 47.7178001403809 45.842098236084 41.6046981811523 37.1641998291016 33.9903984069824 30.8474006652832 27.7653007507324 25.2840003967285 23.8910999298096 23.1658000946045 24.9480991363525 21.9489002227783 21.68630027771 21.8852005004883 22.5447998046875 22.3118991851807 21.387300491333 21.354700088501 21.5520000457764 21.979700088501 21.7462005615234 21.5112991333008 21.2789001464844 21.0739002227783 20.6408996582031 20.4368991851807 20.4354991912842 20.262300491333 20.3190994262695 19.8868999481201 19.4846000671387 18.823600769043 18.6502990722656 18.2495002746582 18.048900604248 17.388500213623 17.4178009033203 16.7880992889404
-3.4e+38 -3.4e+38 55.9185981750488 56.3490982055664 55.4827995300293 55.2216987609863 53.4031982421875 53.3137016296387 49.1053009033203 45.7005996704102 41.9252014160156 39.5866012573242 36.2130012512207 32.2345008850098 29.0918006896973 26.1793994903564 23.4976997375488 21.4108009338379 20.6560001373291 21.7474002838135 20.7931003570557 20.9916000366211 21.6511993408203 21.8495006561279 21.5872993469238 21.3544006347656 21.551700592041 21.5193004608154 21.2849998474121 21.0515995025635 20.5874996185303 20.8150005340576 21.4736995697021 21.0412998199463 20.6376991271973 20.6355991363525 20.0319995880127 19.8304996490479 19.6580009460449 19.6867008209229 19.0543003082275 18.6520004272461 18.682300567627 18.2800998687744 17.8502998352051 17.2194995880127 17.0193996429443
-3.4e+38 53.9353981018066 53.7608985900879 53.9313011169434 53.2375984191895 51.2459983825684 50.2918014526367 48.4747009277344 46.6272010803223 43.252799987793 40.1105995178223 37.1371002197266 33.9945983886719 30.448600769043 27.5652008056641 25.0846004486084 23.2283000946045 22.5028991699219 21.3162002563477 20.361499786377 20.3582992553711 20.988899230957 21.6189994812012 20.6949996948242 20.8924999237061 21.3213996887207 21.2879009246826 21.2553997039795 21.0214996337891 20.7882995605469 20.5557994842529 20.7824993133545 20.3211994171143 20.349100112915 20.377799987793 20.406099319458 20.0030994415283 19.8313007354736 19.8612995147705 19.6875991821289 19.2858009338379 18.8850994110107 18.6840000152588 17.8225002288818 17.652099609375 17.4512996673584 17.021900177002
-3.4e+38 52.149299621582 52.1478996276855 51.4547996520996 50.1245994567871 48.5671997070312 45.6831016540527 44.4986991882324 42.8824996948242 39.9393997192383 36.592601776123 33.8828010559082 31.3736991882324 28.6909999847412 26.2397994995117 23.9902992248535 22.5352993011475 21.5785999298096 21.2852993011475 20.8202991485596 20.5576992034912 21.4174003601074 21.61549949646 20.6618995666504 19.9689998626709 19.9648990631104 20.3635997772217 20.5613994598389 20.9894008636475 20.9862003326416 20.752799987793 20.9815998077393 20.5207996368408 20.3194007873535 20.1184005737305 19.9461994171143 19.9750995635986 20.0331001281738 19.6301002502441 19.2297992706299 19.0571994781494 18.8572006225586 18.4857997894287 18.0552997589111 17.653299331665 17.2518005371094 17.163200378418
50.6276016235352 50.3956985473633 49.7299003601074 48.8046989440918 47.6776008605957 45.2243003845215 43.4356994628906 42.2518005371094 39.9706001281738 36.6556015014648 33.7411003112793 31.6634006500244 29.2129993438721 26.9640007019043 24.6840991973877 22.797399520874 22.0429000854492 21.5475006103516 20.8514995574951 21.6816005706787 21.4475994110107 21.6151008605957 20.6917991638184 20.1991004943848 20.3962993621826 20.3931999206543 20.1306991577148 19.8974990844727 20.0949993133545 20.5219993591309 21.1812992095947 21.1795997619629 20.7194004058838 20.2900009155273 20.0904006958008 19.68869972229 19.5160999298096 19.3733005523682 19.1730003356934 18.7709007263184 18.398099899292 18.2273006439209 17.8267002105713 17.4251003265381 17.4547996520996 17.2087993621826 17.1217994689941
48.2079010009766 47.7762985229492 46.6185989379883 45.9243011474609 43.932201385498 42.3432998657227 40.524299621582 39.3409004211426 37.0582008361816 34.3765983581543 32.0979995727539 29.6464004516602 27.4256992340088 25.5694999694824 23.6823997497559 22.7357997894287 22.0104999542236 21.3150005340576 20.7910003662109 21.448600769043 22.077299118042 20.6919994354248 20.2280006408691 20.1959991455078 20.3931999206543 20.1606006622314 20.1284999847412 20.5557994842529 20.753999710083 20.2901992797852 20.2565994262695 20.2565994262695 20.2586002349854 20.2616996765137 20.070499420166 19.9186000823975 19.5466003417969 19.1439990997314 18.9736003875732 18.801399230957 18.3997993469238 17.9990005493164 17.5983009338379 17.1965999603271 16.7956008911133 16.7064990997314 16.6629009246826
46.222599029541 45.094799041748 43.9681015014648 42.1757011413574 40.817798614502 39.6624984741211 38.2776985168457 36.2263984680176 34.1768989562988 32.1286010742188 29.8773002624512 27.6285991668701 25.5811004638672 23.5324001312256 22.2973003387451 21.5804996490479 21.546199798584 21.7136001586914 21.9106998443604 20.7549991607666 20.7224998474121 20.6895008087158 19.9953994750977 19.5030002593994 20.1611003875732 20.3598003387451 20.3554992675781 20.5244998931885 20.5221996307373 20.7196998596191 20.4869995117188 20.7182006835938 20.9491004943848 20.5195999145508 19.862699508667 19.4890003204346 19.1161003112793 18.9157009124756 18.5436992645264 18.1420993804932 17.7411003112793 17.5694007873535 17.3983001708984 17.226900100708 16.9825992584229 16.8938007354736 16.6720008850098
42.4444007873535 41.9822998046875 41.0549011230469 39.4967002868652 38.5415992736816 37.1540985107422 35.3638000488281 33.5442008972168 31.7275009155273 29.9083995819092 27.8589992523193 25.841100692749 23.9943008422852 22.528600692749 21.8411998748779 21.5478992462158 20.8229007720947 21.0195999145508 19.8642997741699 19.6005992889404 19.7987003326416 19.9965991973877 19.993200302124 19.961799621582 19.4976005554199 19.4664001464844 19.4631004333496 19.8917007446289 20.0902996063232 20.2884006500244 20.517599105835 20.9496002197266 21.0086002349854 20.7796993255615 20.3500003814697 19.5181999206543 19.1180992126465 18.744800567627 18.343599319458 17.9419002532959 17.7716007232666 17.3710994720459 16.9687995910645 16.797399520874 16.9841003417969 16.8957004547119 16.9032001495361
39.2745018005371 39.0112991333008 37.9138984680176 36.9872016906738 35.4276008605957 33.8672981262207 32.4794006347656 30.8922996520996 29.3055000305176 27.6879005432129 25.8400001525879 24.1842994689941 22.7591991424561 21.7164001464844 21.086799621582 20.6219005584717 19.8987007141113 19.6637001037598 19.8318996429443 19.5986995697021 19.1061000823975 19.3034000396729 19.2714996337891 19.4993991851807 20.3584995269775 20.3565006256104 19.6630992889404 19.4601993560791 19.6581993103027 19.8866996765137 20.0874004364014 20.317699432373 20.8089008331299 20.838399887085 20.4095001220703 20.0081996917725 19.4067993164062 18.7752990722656 18.3745994567871 17.7432994842529 17.3717994689941 17.1718997955322 16.9999008178711 16.5252990722656 16.7112007141113 16.9034004211426 16.9120006561279
35.6958999633789 35.2316017150879 34.7672004699707 33.8417015075684 32.7131996154785 31.3866004943848 30.1893997192383 28.8024005889893 27.3787994384766 25.9524002075195 24.5664005279541 23.3321990966797 22.1602001190186 20.5587997436523 19.4703998565674 19.2359008789062 19.2029991149902 19.6021995544434 19.1376991271973 19.3360996246338 19.3033008575439 18.840799331665 19.0685005187988 19.0655994415283 19.2639007568359 19.9244995117188 19.9214992523193 19.8906993865967 19.6581993103027 19.6875991821289 19.6870994567871 19.7164001464844 19.9475994110107 19.9778003692627 20.0088005065918 19.8376007080078 19.4384994506836 19.0363006591797 18.4351005554199 17.8031997680664 17.6322002410889 17.0016002655029 16.5715007781982 16.7115993499756 16.682300567627 16.9127006530762 16.9200000762939
