ENMTML/All_vars/Predictors/EUR_only/bio19.asc
NCOLS 440 
NROWS 275 
XLLCORNER -11.5 
YLLCORNER 25.4999999994691 
CELLSIZE 0.166666666666667 
NODATA_value -3.4e+38 
[rows 168 to 188 of 275, columns 376 to 422 of 440]
32.4908409118652 30.8289909362793 30.8358592987061 30.8250198364258 30.510669708252 30.5073394775391 30.499340057373 28.8540191650391 28.8540191650391 28.842399597168 28.8436298370361 28.8512992858887 28.1852397918701 28.1753005981445 28.1753005981445 27.185640335083 25.9867706298828 25.7300891876221 25.9150295257568 25.9150295257568 25.9151096343994 27.0810604095459 28.004020690918 28.1889495849609 28.1921405792236 28.1938495635986 28.1936893463135 28.1936893463135 28.1940498352051 29.1913604736328 29.4493598937988 30.2810001373291 30.2825908660889 30.2828006744385 30.290979385376 30.3720607757568 30.3755893707275 31.3732299804688 31.3757801055908 31.4552307128906 31.6336193084717 31.6333293914795 33.7209091186523 32.7107086181641 32.7112617492676 33.7218399047852 33.6466407775879
33.836841583252 33.4766311645508 31.8335990905762 31.1889705657959 31.1783905029297 30.5109806060791 30.5169792175293 30.5069808959961 28.8551807403564 28.8651790618896 28.8540992736816 28.8541603088379 28.1864204406738 28.1754207611084 28.5266895294189 28.0827198028564 26.9141502380371 25.9869194030762 25.9150295257568 25.9199104309082 25.9217205047607 26.0978908538818 28.1890296936035 28.1904907226562 28.1936893463135 28.1936893463135 28.1940498352051 28.1940498352051 28.1940498352051 28.1940498352051 29.4493598937988 30.2808208465576 30.2808208465576 30.2808208465576 30.2907199859619 30.3739395141602 30.3758506774902 31.3732299804688 31.5521297454834 31.5521297454834 31.6336193084717 31.6313304901123 31.6313304901123 32.8094787597656 33.6416206359863 32.6358184814453 32.5566482543945
33.8375701904297 33.8388404846191 33.8373718261719 32.1868591308594 32.1930084228516 30.5184497833252 30.5181999206543 30.5110492706299 29.8488502502441 28.8692493438721 28.5068702697754 28.8553695678711 28.8666400909424 27.1996402740479 28.5350608825684 27.0875701904297 27.0905303955078 26.9213199615479 25.918270111084 25.9220504760742 27.0209693908691 28.0159397125244 28.1940002441406 28.1940002441406 28.1938495635986 28.1943607330322 28.1943607330322 28.1959896087646 28.1940498352051 28.3738098144531 28.2864608764648 29.4626407623291 29.4626407623291 30.2907199859619 30.4669895172119 30.5521507263184 30.5521507263184 31.5498695373535 31.5515403747559 31.5521297454834 31.5521297454834 31.6313304901123 31.6313304901123 31.6313304901123 31.555549621582 31.5612297058105 31.5590400695801
36.4968109130859 34.8437309265137 33.8489112854004 33.1711311340332 32.1959686279297 32.1967315673828 30.5234298706055 30.5328807830811 30.5235900878906 28.8692493438721 28.8706092834473 28.8583106994629 28.8668003082275 27.204029083252 27.0922794342041 27.0922794342041 27.0922794342041 27.1026306152344 26.0019207000732 27.026180267334 27.0209693908691 27.1987991333008 28.1961402893066 28.1961402893066 28.199520111084 28.199520111084 28.199520111084 28.2071495056152 28.2068500518799 28.2068500518799 28.4650001525879 29.4626407623291 29.4626407623291 29.4626407623291 30.294620513916 30.2943096160889 30.5521507263184 31.5498695373535 31.5495700836182 31.5495700836182 31.5501403808594 31.5521297454834 31.5521297454834 31.5558891296387 31.5580005645752 31.479829788208 31.479829788208
36.4966583251953 36.5082511901855 34.8446311950684 33.8575897216797 33.180591583252 32.1967315673828 31.5402698516846 30.5329608917236 30.5343894958496 29.8543395996094 30.2057800292969 30.2128391265869 29.2168502807617 28.169189453125 27.1725006103516 27.0922794342041 27.1058692932129 26.9281902313232 27.1060009002686 27.1041793823242 27.202320098877 27.202320098877 27.2021198272705 28.199520111084 28.199520111084 28.2071495056152 28.2071495056152 28.2077007293701 28.2096500396729 28.2096500396729 28.2116298675537 28.4671592712402 29.4665699005127 29.4665699005127 30.3024196624756 30.3030796051025 30.3030796051025 30.4772605895996 31.5501403808594 31.5501403808594 31.5501403808594 31.5580005645752 31.5583896636963 31.479829788208 31.479829788208 31.4838695526123 31.4053707122803
37.8553314208984 36.5070190429688 35.840389251709 34.8567008972168 33.1928901672363 33.1817016601562 32.2093200683594 31.5292892456055 30.5343894958496 30.8843898773193 30.2059192657471 30.2130298614502 30.2056999206543 28.5506706237793 27.0063991546631 26.9281406402588 27.1064205169678 27.1064205169678 27.1060009002686 27.2822494506836 27.202320098877 27.202320098877 27.2021198272705 28.199520111084 28.2090892791748 28.2090892791748 28.2116298675537 28.2116298675537 28.2153205871582 28.2153205871582 28.2153205871582 28.2948303222656 28.4731101989746 28.4737300872803 29.4712505340576 30.3034706115723 30.3030796051025 30.3030796051025 30.3027000427246 32.4811592102051 30.481050491333 30.3027000427246 30.3033409118652 30.9405498504639 30.944580078125 30.9350299835205 30.9350299835205
39.5193786621094 37.865119934082 37.8677406311035 36.2039413452148 35.2093887329102 33.2026710510254 33.1945114135742 32.2107315063477 31.8809604644775 30.8858509063721 30.2130298614502 30.2130298614502 30.2194690704346 29.9314804077148 28.1795406341553 27.1861801147461 27.1064205169678 27.1064205169678 27.2822494506836 27.2822494506836 27.2822494506836 27.202320098877 27.211389541626 27.3894596099854 28.3872699737549 28.3872699737549 28.3878707885742 28.3936100006104 28.3936100006104 28.2153205871582 28.3936100006104 28.4731101989746 28.4731101989746 29.4712505340576 30.3034706115723 30.3034706115723 30.3034706115723 30.3034706115723 30.3034706115723 30.4793300628662 30.3030796051025 30.3030796051025 30.3076801300049 30.944580078125 30.9350299835205 30.9350299835205 30.9350299835205
40.5222206115723 39.5301399230957 37.8775787353516 37.8801689147949 36.2054100036621 35.2211990356445 33.5567893981934 33.547721862793 32.8784484863281 32.8769912719727 30.8977394104004 30.2194690704346 30.232759475708 29.9451694488525 28.1886501312256 27.1913795471191 27.1064205169678 27.2822494506836 27.2822494506836 27.2822494506836 27.2838401794434 27.469259262085 27.3894596099854 27.3894596099854 28.3872699737549 28.3872699737549 28.3878707885742 28.3915500640869 28.3915500640869 28.4711093902588 28.4727802276611 28.4727802276611 29.470630645752 30.3034706115723 30.3034706115723 30.3034706115723 30.3034706115723 30.307409286499 30.307409286499 30.3069801330566 30.3069801330566 30.3069801330566 30.3076801300049 30.2285194396973 30.9350299835205 30.9350299835205 30.9355392456055
40.5359992980957 40.5261306762695 38.8733406066895 37.8804092407227 36.2157592773438 36.2172012329102 35.2228698730469 33.5616188049316 33.5551986694336 32.890998840332 31.8964691162109 30.9125995635986 30.2328796386719 30.0284309387207 29.9490509033203 28.1886501312256 27.1896095275879 29.3859405517578 28.3883895874023 28.3883895874023 27.4618492126465 27.469259262085 27.469259262085 28.4669399261475 28.3872699737549 28.3905296325684 28.391149520874 28.4707794189453 28.6489505767822 29.5779209136963 28.4707794189453 29.3996505737305 31.229829788208 31.229829788208 31.2305603027344 30.307409286499 30.307409286499 30.307409286499 30.307409286499 30.307409286499 30.3069801330566 30.3076801300049 30.2285194396973 30.2285194396973 30.2290191650391 30.9355392456055 30.9355392456055
-3.4e+38 -3.4e+38 -3.4e+38 -3.4e+38 38.2438583374023 37.5778884887695 36.2222213745117 34.5659294128418 33.922679901123 32.8927001953125 32.8879508972168 30.9124794006348 30.0265293121338 30.0288906097412 30.0288906097412 29.1176490783691 27.1992607116699 29.3881092071533 29.3859405517578 29.3859405517578 29.3936996459961 28.3978805541992 29.5776500701904 29.5776500701904 29.5715408325195 29.5752105712891 29.5758590698242 29.5779209136963 29.5779209136963 29.5779209136963 31.4083309173584 31.4083309173584 31.4083309173584 31.4078807830811 31.4086093902588 31.2368392944336 31.2368392944336 31.2368392944336 31.2368392944336 30.3081207275391 31.237060546875 31.1581001281738 30.2290191650391 30.2290191650391 30.2290191650391 30.2290191650391 30.1500301361084
-3.4e+38 -3.4e+38 -3.4e+38 -3.4e+38 39.2416801452637 39.2366218566895 37.5811500549316 36.5854988098145 35.9076385498047 33.9178314208984 33.2586708068848 33.2508811950684 31.1184406280518 30.2074508666992 30.2074508666992 30.1404991149902 29.3104190826416 29.4818706512451 29.5660705566406 29.563850402832 29.5715408325195 29.5715408325195 29.5715408325195 29.5752105712891 29.5715408325195 29.7533893585205 29.7533893585205 29.5758590698242 29.5779209136963 31.4083309173584 31.5840606689453 31.5840606689453 31.4078807830811 31.4078807830811 31.4086093902588 31.2368392944336 31.2368392944336 31.2368392944336 31.2368392944336 31.2380905151367 31.1586494445801 31.1562805175781 31.1562805175781 31.1586494445801 30.2290191650391 30.2290191650391 30.1505908966064
-3.4e+38 -3.4e+38 -3.4e+38 -3.4e+38 41.2635498046875 40.2435684204102 39.2366218566895 37.5825386047363 36.5913581848145 35.9118118286133 33.9303894042969 33.2606506347656 33.0449295043945 30.2112407684326 30.2196502685547 30.2217693328857 30.142749786377 29.3104190826416 29.4818706512451 29.5718803405762 29.5715408325195 29.5752105712891 29.747350692749 29.7493190765381 29.7533893585205 29.752950668335 29.752950668335 29.7536392211914 29.756160736084 31.5867500305176 32.5134391784668 32.5134391784668 32.5129203796387 33.3459701538086 33.1682281494141 32.2450790405273 32.2450790405273 32.2450790405273 33.0647201538086 33.0660209655762 32.9872894287109 32.9872894287109 31.9889106750488 31.9889106750488 31.1586494445801 31.1592197418213 31.0848598480225
-3.4e+38 -3.4e+38 -3.4e+38 -3.4e+38 42.2597808837891 41.273681640625 39.6008682250977 39.605110168457 36.5913581848145 36.5816688537598 35.9243812561035 33.9576110839844 33.048900604248 33.0491981506348 31.148889541626 30.2214393615723 30.142749786377 29.3104190826416 29.4889793395996 29.4098892211914 29.4064292907715 29.5783290863037 29.5783290863037 29.752950668335 29.752950668335 29.7540397644043 29.756160736084 29.5843505859375 30.4175891876221 31.4247798919678 32.5134391784668 33.3454284667969 34.5199699401855 34.3437881469727 34.3494491577148 34.1731796264648 34.1731796264648 34.1731796264648 34.1737785339355 33.244800567627 33.1660499572754 32.9872894287109 32.9872894287109 32.9872894287109 32.9872894287109 31.9932098388672 31.9151496887207
-3.4e+38 -3.4e+38 -3.4e+38 -3.4e+38 44.2885894775391 43.936351776123 42.2675018310547 39.614818572998 39.6072807312012 36.9562301635742 36.2808685302734 35.0678482055664 33.1279182434082 33.0491981506348 31.9835395812988 31.3293895721436 30.4004306793213 30.3213596343994 29.4889793395996 29.4889793395996 29.4098892211914 29.5870990753174 29.7566204071045 29.7533893585205 30.8607292175293 30.8602409362793 30.6854400634766 32.5204315185547 32.5204315185547 32.5204315185547 33.3525314331055 34.3510284423828 34.3494491577148 35.4497184753418 35.2787704467773 34.3494491577148 34.1707916259766 34.1731796264648 34.1737785339355 34.1746788024902 34.0954208374023 34.0954208374023 33.1660499572754 32.9916687011719 33.1704711914062 33.1704711914062 33.0945892333984
-3.4e+38 -3.4e+38 -3.4e+38 -3.4e+38 46.9519386291504 45.2851409912109 44.296558380127 42.6306114196777 39.6188087463379 38.9544410705566 36.9604911804199 36.1445083618164 35.0682182312012 33.2392692565918 33.2388114929199 32.1618881225586 31.329870223999 31.2509708404541 31.2509708404541 30.4999694824219 29.6662998199463 29.5870990753174 29.7649803161621 30.6916599273682 30.6916599273682 30.8632202148438 32.6918601989746 32.7007293701172 32.5228118896484 33.3555793762207 35.3612403869629 35.3606185913086 35.3612403869629 36.1893501281738 37.1862411499023 36.1116104125977 36.1116104125977 35.9334716796875 35.0034484863281 34.1716499328613 34.1716499328613 34.0954208374023 34.0999603271484 33.1704711914062 33.1704711914062 33.1730804443359 33.1730804443359
-3.4e+38 -3.4e+38 -3.4e+38 -3.4e+38 48.9781913757324 47.3199081420898 45.2928009033203 43.3101501464844 42.630069732666 39.9779510498047 39.2988815307617 36.9774513244629 36.0668106079102 35.0804481506348 34.1684913635254 33.1600685119629 33.1600685119629 31.329870223999 31.4296607971191 31.4291191101074 31.4283008575439 30.7736892700195 30.6946105957031 30.8660106658936 30.8660106658936 32.7013816833496 33.8024101257324 34.7134895324707 35.5384292602539 35.5384292602539 36.368709564209 36.3696784973145 37.1893882751465 37.1920013427734 38.2945213317871 38.1163215637207 37.1102409362793 37.1109504699707 36.9320297241211 36.9320297241211 36.0028190612793 35.9243507385254 35.0960083007812 34.0980415344238 34.1006813049316 34.1033706665039 33.1730804443359
-3.4e+38 -3.4e+38 -3.4e+38 -3.4e+38 51.0111694335938 49.9812393188477 47.3219795227051 45.6604804992676 42.6396217346191 42.6428298950195 39.9783096313477 38.1647605895996 37.2537498474121 36.0831604003906 35.0055809020996 34.3444709777832 34.2662887573242 34.2654495239258 33.5327987670898 33.5296897888184 33.7026290893555 33.7026290893555 33.8805313110352 33.8805313110352 33.8014984130859 33.8805313110352 35.889720916748 36.6386184692383 37.4743118286133 38.4730415344238 38.4730415344238 39.3060188293457 39.1308784484863 39.1308784484863 38.9519004821777 39.12744140625 38.94921875 38.873649597168 37.1102409362793 37.1076812744141 37.1086082458496 36.9369506835938 35.9282608032227 35.9290008544922 35.0960083007812 35.098690032959 35.1112098693848
-3.4e+38 -3.4e+38 -3.4e+38 -3.4e+38 54.0258598327637 53.0068283081055 50.3360404968262 48.3244400024414 45.6568412780762 43.0043182373047 41.1869316101074 39.9998092651367 38.0932083129883 37.1925201416016 37.1054191589355 34.3444709777832 34.445140838623 34.4442405700684 34.3649291992188 34.362419128418 34.54296875 33.7101707458496 33.8846893310547 34.0589485168457 36.817211151123 36.8165283203125 36.8208999633789 39.751091003418 40.492919921875 41.4882698059082 41.4909706115723 42.1450881958008 42.145881652832 42.0688514709473 41.8905792236328 41.056640625 41.056640625 39.947151184082 39.8696708679199 39.8696708679199 38.107250213623 37.1132316589355 36.8586502075195 35.9290008544922 35.9290008544922 35.9415893554688 35.1083908081055
-3.4e+38 -3.4e+38 -3.4e+38 -3.4e+38 56.6870002746582 56.6818695068359 54.0295906066895 50.3451499938965 48.6714897155762 45.6639785766602 43.0954704284668 41.1092491149902 40.1936111450195 38.1956100463867 37.2844314575195 37.2844314575195 37.202751159668 35.370491027832 35.5466995239258 35.4673118591309 35.466381072998 36.6462783813477 36.6499481201172 37.4830589294434 37.6610717773438 39.6642112731934 40.6734313964844 42.5965118408203 43.4336814880371 43.4308204650879 45.359748840332 46.0139389038086 45.0839996337891 44.0736312866211 44.0765419006348 44.0736312866211 42.8857917785645 41.8897895812988 41.0574607849121 40.0490188598633 39.8747711181641 38.1119499206543 38.1119499206543 36.8594398498535 35.9415893554688 35.9415893554688 36.1205596923828
-3.4e+38 -3.4e+38 -3.4e+38 -3.4e+38 60.7330284118652 59.7052116394043 56.693431854248 54.0301094055176 49.3504486083984 47.6725006103516 45.9346313476562 43.9488105773926 41.1119117736816 40.2111396789551 38.2002792358398 37.2812309265137 37.2018013000488 37.3774185180664 37.3764801025391 37.3764801025391 37.5545616149902 38.4847183227539 39.662281036377 40.4981384277344 40.5021018981934 42.3344116210938 43.3402404785156 46.2736701965332 46.2748794555664 47.2018890380859 49.0313301086426 49.0313301086426 48.8551292419434 47.0151901245117 46.8367691040039 45.8368797302246 44.9060401916504 43.8156585693359 42.8860893249512 42.8918991088867 39.8747711181641 39.8755989074707 38.1126594543457 37.8714218139648 37.8714218139648 36.9405517578125 36.9417610168457
-3.4e+38 -3.4e+38 -3.4e+38 -3.4e+38 65.4176483154297 63.39453125 60.377571105957 56.6999282836914 53.0492706298828 49.3493194580078 47.7751808166504 45.8657684326172 42.782958984375 40.8697891235352 40.7869987487793 39.9528198242188 39.0525703430176 39.1405487060547 38.4776496887207 39.6517791748047 40.4926414489746 40.4953498840332 43.258129119873 43.4353981018066 46.2766609191895 46.2817802429199 48.1157989501953 49.8807983398438 49.948600769043 50.9477005004883 51.7983818054199 51.7997703552246 51.6203117370605 49.85546875 48.8563690185547 48.7766418457031 46.8358612060547 46.8358612060547 44.9950103759766 42.8918991088867 42.8140411376953 40.8736686706543 39.8849182128906 38.0466117858887 37.8714218139648 37.8726806640625 37.120849609375
