ENMTML/All_vars/Predictors/EUR_only/bio10.asc
NCOLS 440 
NROWS 275 
XLLCORNER -11.5 
YLLCORNER 25.4999999994691 
CELLSIZE 0.166666666666667 
NODATA_value -3.4e+38 
[rows 63 to 83 of 275, columns 329 to 375 of 440]
14.4636201858521 14.4497499465942 14.4991598129272 14.4991598129272 14.4129295349121 14.4088296890259 14.4088296890259 14.4088296890259 14.4087400436401 14.3932504653931 14.4409704208374 14.5254802703857 14.5587301254272 14.5070199966431 14.5087404251099 14.5046396255493 14.5742702484131 14.7576198577881 14.7516603469849 14.5742702484131 14.4683103561401 14.5100698471069 14.5589504241943 14.6119298934937 14.7285804748535 14.8596000671387 14.8410902023315 14.8458299636841 14.6917295455933 14.7113103866577 14.7417297363281 14.8061504364014 14.8757200241089 14.9423799514771 14.9797201156616 14.9590196609497 14.8941402435303 14.9441404342651 14.8952503204346 14.9792499542236 15.0273895263672 15.2606897354126 15.2124996185303 15.0302696228027 15.1112899780273 15.1469202041626 15.1439399719238
14.63623046875 14.5880403518677 14.5832500457764 14.5527296066284 14.5135297775269 14.4647903442383 14.4677696228027 14.5469303131104 14.5302696228027 14.5958099365234 14.5980396270752 14.5951099395752 14.611720085144 14.6635303497314 14.6243200302124 14.6224498748779 14.6909599304199 14.8408699035645 14.7909698486328 14.7742204666138 14.7535200119019 14.7190103530884 14.6833696365356 14.7690095901489 14.8666696548462 14.7655000686646 14.7114095687866 14.86439037323 15.0642900466919 14.863169670105 14.9131698608398 15.0149297714233 15.0798196792603 15.1483297348022 15.1315803527832 15.1983299255371 15.1845598220825 15.2166996002197 15.1333503723145 15.0333499908447 15.1499996185303 15.1999998092651 15.3833503723145 15.3970203399658 15.352879524231 15.4528799057007 15.2498998641968
14.4880399703979 14.5432996749878 14.604700088501 14.604700088501 14.6390600204468 14.636079788208 14.6498498916626 14.6528902053833 14.6528902053833 14.5683698654175 14.5153903961182 14.4969301223755 14.4814395904541 14.5635299682617 14.6635303497314 14.6801795959473 14.710599899292 14.7428302764893 14.732029914856 14.8583097457886 14.774959564209 14.8197002410889 14.9041204452515 14.704119682312 14.7352304458618 14.7184801101685 14.7869501113892 14.9173698425293 15.0202503204346 15.1191301345825 15.2144403457642 15.2180099487305 15.2042398452759 15.1013097763062 15.0656795501709 15.1334495544434 15.2196798324585 15.3726501464844 15.3030700683594 15.2892999649048 15.1892995834351 15.1822299957275 15.1863298416138 15.1863298416138 15.1852102279663 15.3237199783325 15.3018598556519
14.5772495269775 14.6399002075195 14.6909198760986 14.6909198760986 14.64501953125 14.5880403518677 14.6420402526855 14.5546998977661 14.5546998977661 14.5528898239136 14.6173400878906 14.5683698654175 14.5683698654175 14.6112899780273 14.6124095916748 14.6183700561523 14.7112903594971 14.6446399688721 14.6809196472168 14.7756595611572 14.875659942627 14.9475202560425 14.9434204101562 14.838210105896 14.9548101425171 14.9899301528931 15.0037403106689 14.9928998947144 15.0065698623657 15.0543403625488 15.0875902175903 15.1572103500366 15.1364803314209 15.1061000823975 15.1549797058105 15.2560997009277 15.358980178833 15.4589796066284 15.3297300338745 15.3256301879883 15.1911201477051 15.142279624939 15.174409866333 15.1393098831177 15.2744102478027 15.3714399337769 15.3714399337769
14.8124504089355 14.7428302764893 14.6790599822998 14.6399002075195 14.610650062561 14.5968799591064 14.5231599807739 14.5910196304321 14.6398096084595 14.6701803207397 14.6869297027588 14.7380895614624 14.7731599807739 14.8173398971558 14.849479675293 14.8683700561523 14.8357095718384 14.8523597717285 14.9982204437256 14.9815702438354 14.87975025177 14.8745403289795 14.8952903747559 14.9286403656006 14.9930000305176 15.0096597671509 15.0751399993896 15.0417900085449 15.0240201950073 15.1073198318481 15.090669631958 15.2073202133179 15.1786499023438 15.2090797424316 15.3608999252319 15.3453102111816 15.3453102111816 15.395359992981 15.430419921875 15.3678197860718 15.212010383606 15.1844701766968 15.2648401260376 15.2607498168945 15.3125095367432 15.4095296859741 15.3773899078369
14.7505397796631 14.7124500274658 14.7124500274658 14.7458000183105 14.7262296676636 14.6957101821899 14.680230140686 14.6624603271484 14.6261301040649 14.8231601715088 14.8790102005005 14.8231601715088 14.9220399856567 14.9731597900391 15.0535802841187 15.0065603256226 14.8690595626831 14.9505996704102 14.9476203918457 14.985710144043 15.0345897674561 14.9500703811646 14.9833297729492 15.0471000671387 15.1126298904419 15.0781097412109 15.0637502670288 15.0436000823975 15.0298795700073 15.0936498641968 15.1591300964355 15.2465200424194 15.3776397705078 15.3805198669434 15.3661499023438 15.3816299438477 15.3501501083374 15.2833995819092 15.2971696853638 15.3000497817993 15.281590461731 15.3334503173828 15.3196802139282 15.3179702758789 15.330470085144 15.2970199584961 15.4125099182129
14.7523603439331 14.8172397613525 14.850549697876 14.850549697876 14.8654403686523 14.7809200286865 14.6262302398682 14.6446895599365 14.680230140686 14.793999671936 14.8969697952271 15.0279502868652 15.0939998626709 14.926139831543 14.926139831543 14.8582696914673 14.7041702270508 14.8427801132202 14.9012899398804 15.0001802444458 14.9168195724487 14.8697004318237 14.8823099136353 15.0019397735596 15.1459798812866 15.2144403457642 15.1340703964233 15.1437501907349 15.1662101745605 15.2150897979736 15.1984901428223 15.2455101013184 15.2828502655029 15.2668504714966 15.2806196212769 15.380669593811 15.3669004440308 15.3894996643066 15.408390045166 15.3738698959351 15.3738698959351 15.4502000808716 15.5226602554321 15.5196800231934 15.5892601013184 15.5863304138184 15.5666999816895
14.8553304672241 14.8731899261475 14.8564500808716 14.9534702301025 15.0339002609253 14.9338998794556 14.6957998275757 14.7809200286865 14.8809204101562 14.879810333252 14.961350440979 15.0458602905273 15.0458602905273 15.0613498687744 14.8928804397583 14.891770362854 14.9434795379639 14.9393796920776 14.9738998413086 15.0893802642822 15.053150177002 14.9852895736694 14.9364004135132 14.9703998565674 15.1019401550293 15.3174200057983 15.2192802429199 15.316309928894 15.1508197784424 15.2514200210571 15.2710399627686 15.2210397720337 15.201470375061 15.1669502258301 15.2876901626587 15.3935499191284 15.5894603729248 15.510199546814 15.5049896240234 15.5912199020386 15.5619602203369 15.6227598190308 15.6738700866699 15.7738704681396 15.7048902511597 15.5215396881104 15.4530296325684
14.9399499893188 15.0399503707886 15.1053304672241 15.2191095352173 15.2191095352173 15.1690998077393 15.1191101074219 15.0368700027466 14.9368696212769 15.0006399154663 15.0172996520996 15.0327796936035 15.1476697921753 15.1798095703125 15.1251201629639 15.0798101425171 15.056079864502 15.056079864502 15.1245899200439 15.2393798828125 15.2423601150513 15.1893796920776 15.1371002197266 15.1901302337646 15.2744998931885 15.2358798980713 15.3222599029541 15.4358797073364 15.337739944458 15.2866296768188 15.4198799133301 15.3532800674438 15.3521604537964 15.3769998550415 15.508020401001 15.4574203491211 15.5269002914429 15.7091798782349 15.7091798782349 15.5620603561401 15.6512603759766 15.6328001022339 15.6279602050781 15.67982006073 15.8591299057007 15.6941003799438 15.6756296157837
15.2209100723267 15.2595300674438 15.3387804031372 15.3054304122925 15.2388296127319 15.2358503341675 15.2358503341675 15.2898502349854 15.2543201446533 15.2191095352173 15.135760307312 15.135760307312 15.1690101623535 15.1327800750732 15.135760307312 15.1524095535278 15.129810333252 15.1494398117065 15.2120399475098 15.3257102966309 15.4245901107788 15.3734798431396 15.2579898834229 15.2400798797607 15.3251895904541 15.2723598480225 15.3948202133179 15.5878496170044 15.5896100997925 15.5396099090576 15.5896100997925 15.4247198104858 15.5562601089478 15.6562595367432 15.7609901428223 15.6650800704956 15.7317304611206 15.717960357666 15.8858804702759 15.8329000473022 15.8495502471924 15.7025299072266 15.7827997207642 15.8476896286011 15.9465703964233 15.92982006073 15.9119596481323
15.4446401596069 15.4446401596069 15.4268703460693 15.4042596817017 15.3761796951294 15.3595304489136 15.276180267334 15.2388296127319 15.3191995620728 15.2709703445435 15.3358497619629 15.285849571228 15.2679901123047 15.3858499526978 15.2679901123047 15.2984104156494 15.3650102615356 15.382869720459 15.3965501785278 15.3816699981689 15.4971504211426 15.4490098953247 15.522310256958 15.4960298538208 15.4115695953369 15.4437999725342 15.5937995910645 15.5438003540039 15.6240701675415 15.8104496002197 15.6436996459961 15.5104503631592 15.6795101165771 15.7788095474243 15.8776998519897 15.9335403442383 15.9669399261475 15.9025802612305 15.8554601669312 16.0261993408203 16.0358791351318 16.0864791870117 16.0721092224121 16.0191307067871 16.0834999084473 15.9816799163818 15.9011697769165
15.3988304138184 15.4488296508789 15.4154796600342 15.4809703826904 15.495849609375 15.5446395874023 15.4238901138306 15.4732999801636 15.4054298400879 15.4721803665161 15.4888296127319 15.3888301849365 15.418080329895 15.535849571228 15.5983600616455 15.6347303390503 15.6524496078491 15.6347303390503 15.6002197265625 15.6002197265625 15.6293802261353 15.6990098953247 15.6306400299072 15.6478900909424 15.6271495819092 15.4978904724121 15.631139755249 15.6133699417114 15.6175203323364 15.7984895706177 15.8789100646973 15.7455596923828 15.7985401153564 15.9474201202393 16.0324802398682 15.9806699752808 16.0199203491211 16.0281600952148 16.0643997192383 16.0614109039307 16.0769500732422 16.2573204040527 16.1566295623779 16.1055107116699 16.1514091491699 16.0709896087646 15.9553604125977
15.5518102645874 15.4518098831177 15.3959503173828 15.4518098831177 15.4810600280762 15.5333499908447 15.5988302230835 15.6292495727539 15.5447301864624 15.6309604644775 15.6084098815918 15.5918102264404 15.67516040802 15.8279895782471 15.8227796554565 15.7554302215576 15.7227802276611 15.7847299575806 15.8031902313232 15.8198499679565 15.8336200714111 15.7853298187256 15.8145904541016 15.7144899368286 15.6146402359009 15.6842098236084 15.7342100143433 15.7842102050781 15.8163499832153 15.7663497924805 15.9973802566528 15.8306198120117 15.8462600708008 15.9503498077393 16.0813598632812 16.185510635376 16.2896003723145 16.3644905090332 16.3311405181885 16.1822605133057 16.2143993377686 16.3603000640869 16.2614192962646 16.1435508728027 16.1739692687988 16.0721092224121 16.0209903717041
15.6392498016357 15.8047800064087 15.7310600280762 15.7988300323486 15.7833499908447 15.7695798873901 15.7477102279663 15.8126001358032 15.8126001358032 15.7477102279663 15.893630027771 15.8292503356934 15.8906497955322 15.961389541626 15.9102697372437 15.8906497955322 15.8407001495361 15.8198499679565 15.8031997680664 15.8199501037598 15.8343200683594 15.8365497589111 15.9187297821045 15.9009704589844 15.8997001647949 15.9193296432495 15.8704395294189 15.9193296432495 15.9860801696777 16.0836906433105 16.1652297973633 16.2003498077393 16.086669921875 16.182580947876 16.298059463501 16.3148193359375 16.3218307495117 16.3340702056885 16.5037002563477 16.4477500915527 16.4036998748779 16.4477500915527 16.2632808685303 16.2132797241211 16.2240695953369 16.2073192596436 16.157320022583
15.9911098480225 16.0214900970459 15.9922304153442 15.9851598739624 15.9922304153442 15.9851598739624 15.9172897338867 15.8810701370239 16.0132007598877 16.0310592651367 16.0299491882324 16.0073890686035 16.107400894165 16.0436305999756 15.9740495681763 15.9865503311157 15.9395303726196 16.0032901763916 16.0384101867676 16.0050106048584 15.9384098052979 15.9050598144531 15.9424104690552 15.9194297790527 15.9498500823975 15.9705495834351 15.9586296081543 15.9683103561401 16.0722999572754 16.1867809295654 16.2200298309326 16.365930557251 16.3159294128418 16.303430557251 16.2325801849365 16.2717895507812 16.2873191833496 16.3438491821289 16.3870506286621 16.452579498291 16.4036998748779 16.4144897460938 16.4299793243408 16.3799800872803 16.2781600952148 16.3143997192383 16.3406600952148
16.1589794158936 16.1744709014893 16.1899509429932 16.2411098480225 16.0548801422119 16.0226497650146 15.9881401062012 16.0840396881104 16.1840400695801 16.0840396881104 16.0144100189209 16.1133003234863 16.2133007049561 16.1466007232666 16.1466007232666 16.2080898284912 16.1758594512939 16.1954898834229 16.109260559082 16.0954895019531 16.1091594696045 16.0913906097412 16.0579891204834 16.1402702331543 16.1735305786133 16.2235298156738 16.2098503112793 16.2224102020264 16.1741199493408 16.2586402893066 16.4378890991211 16.3878898620605 16.2879390716553 16.224760055542 16.225980758667 16.2396507263184 16.2592792510986 16.3485298156738 16.3996505737305 16.4008197784424 16.3692798614502 16.2497005462646 16.2829494476318 16.2967205047607 16.2604007720947 16.3269996643066 16.3447608947754
16.3149394989014 16.2756805419922 16.3149394989014 16.2734508514404 16.2746200561523 16.3026008605957 16.322229385376 16.3162708282471 16.2174396514893 16.1036701202393 16.1036701202393 16.1829299926758 16.1870193481445 16.1799507141113 16.1788291931152 16.3014392852783 16.2984600067139 16.2455806732178 16.2902793884277 16.2925090789795 16.2460803985596 16.1943206787109 16.2454891204834 16.3081398010254 16.3598499298096 16.3604507446289 16.3794803619385 16.3587398529053 16.3593292236328 16.390869140625 16.5367698669434 16.4789600372314 16.3742694854736 16.3075199127197 16.1229991912842 16.1271495819092 16.276029586792 16.2497501373291 16.2830104827881 16.3175201416016 16.3008193969727 16.3026294708252 16.3008193969727 16.3497009277344 16.2799797058105 16.3616104125977 16.3799705505371
16.4660606384277 16.4441890716553 16.5119590759277 16.4774494171143 16.4257392883301 16.3549900054932 16.3067493438721 16.252010345459 16.202600479126 16.2162799835205 16.2537708282471 16.3496799468994 16.4025096893311 16.3191604614258 16.3329296112061 16.4466991424561 16.4455795288086 16.3973007202148 16.3139495849609 16.2973003387451 16.2973003387451 16.3777198791504 16.4081401824951 16.4111194610596 16.4431991577148 16.4920902252197 16.5312900543213 16.4961795806885 16.4950695037842 16.5076198577881 16.5438499450684 16.5742206573486 16.4968299865723 16.3634796142578 16.3123607635498 16.1623592376709 16.0623607635498 16.1008701324463 16.2538394927979 16.4164009094238 16.4204998016357 16.5026302337646 16.6222591400146 16.5341701507568 16.4008197784424 16.3497009277344 16.384069442749
16.549409866333 16.549409866333 16.6970195770264 16.5815391540527 16.4815406799316 16.441219329834 16.3912105560303 16.336519241333 16.2871208190918 16.3497791290283 16.449779510498 16.519250869751 16.5652599334717 16.5973892211914 16.5639991760254 16.480640411377 16.4013900756836 16.480640411377 16.3973007202148 16.3961791992188 16.3002796173096 16.3444690704346 16.4140892028809 16.4461803436279 16.4961795806885 16.4991607666016 16.5992107391357 16.6480407714844 16.5801792144775 16.5646896362305 16.499210357666 16.5790596008301 16.6790599822998 16.5343208312988 16.4802207946777 16.2802200317383 16.1802196502686 16.4153308868408 16.3872394561768 16.3234691619873 16.5413398742676 16.8705005645752 16.7205009460449 16.6871395111084 16.6193809509277 16.4537906646729 16.3841705322266
16.7857303619385 16.7661590576172 16.6982402801514 16.6120090484619 16.5286693572998 16.4453105926514 16.4090900421143 16.4871196746826 16.5871200561523 16.6538696289062 16.7175407409668 16.6146602630615 16.5468006134033 16.4330291748047 16.4514904022217 16.531909942627 16.4485092163086 16.4485092163086 16.4473896026611 16.4640502929688 16.4640502929688 16.4319591522217 16.4504203796387 16.5629291534424 16.5921802520752 16.5462799072266 16.5836791992188 16.6521301269531 16.7480392456055 16.7147903442383 16.7676696777344 16.7510204315186 16.7195301055908 16.769380569458 16.5538997650146 16.5224094390869 16.5528297424316 16.6401805877686 16.5539493560791 16.6069297790527 16.7538509368896 16.7068195343018 16.7383708953857 16.7234802246094 16.820499420166 16.6704998016357 16.6871490478516
16.8565692901611 16.7340202331543 16.7162494659424 16.699499130249 16.6454105377197 16.5816402435303 16.6097793579102 16.5596809387207 16.5900993347168 16.6900997161865 16.8223304748535 16.6682395935059 16.6860008239746 16.7008895874023 16.699779510498 16.699779510498 16.6860008239746 16.6152591705322 16.6319103240967 16.5860004425049 16.5670204162598 16.5670204162598 16.5670204162598 16.6992492675781 16.6813907623291 16.615909576416 16.6354904174805 16.7355308532715 16.6688899993896 16.6677703857422 16.7021408081055 16.7188892364502 16.6706409454346 16.6706409454346 16.5189304351807 16.5218105316162 16.7873001098633 16.9110298156738 16.9151191711426 16.9747009277344 16.8080406188965 16.7454299926758 16.8775691986084 16.8579406738281 16.8579998016357 16.9204998016357 16.820499420166
