ENMTML/All_vars/Predictors/EUR_only/bio12.asc
NCOLS 411 
NROWS 214 
XLLCORNER -11.5 
YLLCORNER 35.666666666112 
CELLSIZE 0.166666666666667 
NODATA_value -3.4e+38 
[rows 92 to 114 of 214, columns 204 to 254 of 411]
734.999877929688 710.999877929688 685 661.999877929688 641.000122070312 630.999877929688 628 625.999816894531 620.000122070312 619 616.000305175781 614.000183105469 614.999877929688 615.999877929688 623.000305175781 627.999816894531 636.99951171875 642.999816894531 654 654.999877929688 662 663 662.000122070312 652.999572753906 650.000122070312 654.000122070312 648.000183105469 646.000122070312 642.999572753906 636.000305175781 638.000122070312 634.000122070312 630 630.999877929688 637.000427246094 637.999694824219 642.999877929688 644 647.000305175781 646.000305175781 649.000122070312 643.999877929688 645.000183105469 646.000610351562 640.999877929688 643.999877929688 643 631.999877929688 630.999877929688 630.000305175781 630.000122070312
750 716 694.000183105469 670.000122070312 650.000122070312 638.999877929688 632 628 619.999877929688 616.000122070312 614 613.999877929688 614.000122070312 618.000183105469 624.000122070312 629.999877929688 638.000122070312 643.999877929688 653.999816894531 652 658.999816894531 661.999877929688 662.000122070312 656 655.000122070312 652.000183105469 648.999572753906 639.000183105469 635.000183105469 631.999816894531 628.000122070312 627.999877929688 627.999816894531 628.000122070312 632.000183105469 639.999877929688 641.000122070312 644 644.999877929688 649.000122070312 648.999877929688 646.999877929688 645.999877929688 647 649.999694824219 651.000183105469 646.000305175781 640.999572753906 636.000122070312 634.000183105469 633
745.999877929688 724.000122070312 696.999877929688 675.999877929688 659.999816894531 645.000427246094 635.999694824219 629.999694824219 622 613.000122070312 614.000183105469 612.000122070312 613.999877929688 615 620.999877929688 628.999877929688 638.999877929688 647.999877929688 653.999877929688 662.999816894531 664.999694824219 663.000122070312 662.000183105469 654.999572753906 649.999877929688 647.999877929688 641.999816894531 635.000122070312 635 628.000305175781 628.999877929688 627.999816894531 630.000122070312 631.000122070312 633.999816894531 639.000122070312 644.000122070312 645.000183105469 647.999877929688 647.999816894531 648.000122070312 647 647.999816894531 652.000305175781 657 657 649.999877929688 644.999816894531 642.999877929688 637.999877929688 636.000183105469
728.999877929688 707.999816894531 688.999877929688 673.999816894531 658.999877929688 646 633.999816894531 627 618.999816894531 612.999877929688 612.000183105469 612.000183105469 612.999877929688 611.000122070312 618.000122070312 631.000183105469 642.999877929688 655 659.000122070312 666 664.000122070312 657.999816894531 661.000122070312 652.000183105469 647.000122070312 643 638 634.999877929688 626.999877929688 623.999572753906 624.000183105469 627.000305175781 632.000122070312 634.999877929688 638.999694824219 643.000183105469 647.000305175781 648.000122070312 646.999877929688 646.999877929688 648.999816894531 648.000122070312 648.000122070312 651.000122070312 653.999877929688 654.999816894531 649.000122070312 645.999877929688 644.000183105469 636.999572753906 635.999877929688
703.999877929688 687.000183105469 670.999816894531 663.000427246094 652.000122070312 638.999877929688 631 622 615.999877929688 614.999877929688 615.000122070312 615.000122070312 609.999877929688 608.000122070312 624.000183105469 638 645.999816894531 653.999816894531 657.000122070312 659.000122070312 654.999877929688 654.999877929688 663.00048828125 654.000183105469 644 639 636.000122070312 631.999877929688 629.000183105469 627.999877929688 629.000122070312 634.000183105469 637.999816894531 647.000122070312 650.999877929688 649.999877929688 648.999877929688 651.000183105469 649.000122070312 649.000122070312 651.000122070312 648 648 646.999877929688 650.000122070312 652.000122070312 650.999816894531 650 650.000122070312 645 642.999877929688
688.000305175781 671 658 645.999877929688 637 628.000122070312 625.000183105469 620.999877929688 619.000183105469 618.000122070312 617 617 613.999877929688 625.000183105469 629.999816894531 641.999877929688 650.999877929688 659.000183105469 657.000183105469 655.000183105469 653 658.999877929688 663.000183105469 654.999694824219 653 647 639.999877929688 642.000305175781 635.000122070312 636 638.999572753906 641.999877929688 645.000122070312 646.999877929688 653.000122070312 657.999877929688 655.999816894531 658.000122070312 653.000183105469 649.999877929688 649.000122070312 649.999816894531 646.999572753906 645.999816894531 648.999877929688 649 649.000122070312 650 650.999816894531 647 645.000427246094
669.000122070312 654.000183105469 642.000427246094 633.000183105469 628.000122070312 625.999572753906 621.000122070312 619.000122070312 618 619.000183105469 622.000183105469 624 628.999816894531 632.000183105469 637.999572753906 652.000122070312 657.999816894531 661.000305175781 657 652.000183105469 652.999877929688 653.000122070312 646.999694824219 655.999816894531 653 646.999816894531 644 644.000122070312 643.999572753906 641.999877929688 645.999572753906 646.999816894531 647.999816894531 648 652.999877929688 655.999694824219 663.000122070312 661 654.999877929688 650.999877929688 647 644.000183105469 645.000427246094 644 645.000122070312 643 641.999877929688 640.000122070312 638.999877929688 640.000305175781 640.000305175781
653.999877929688 636.999877929688 622.999816894531 617 611.000122070312 612.000305175781 613.999694824219 618.999572753906 616 619.000122070312 629 637.999877929688 638.999816894531 649.000122070312 653.999572753906 664.999877929688 665.000122070312 662 660.999877929688 666 656.000183105469 651 644.999877929688 644.999816894531 647 644.000122070312 645.999877929688 645.000122070312 643.000305175781 643.000305175781 645.999572753906 645.999877929688 652.000122070312 651 651.000122070312 652.999877929688 656 658.999877929688 664.999572753906 654.000183105469 646.000122070312 645.000183105469 650.999877929688 649.000427246094 642.999694824219 645 642.999877929688 635.999694824219 631.999816894531 632.000305175781 633.000305175781
640.000183105469 631.000122070312 617.999816894531 608.999572753906 604.999877929688 604.000122070312 610.000122070312 612.999816894531 615.999816894531 618.999877929688 626.999816894531 645.999572753906 653.000122070312 658.000305175781 666 671.000183105469 672 677.999816894531 675.000183105469 670.000122070312 665 654 645.999877929688 645.999694824219 645 641.999877929688 643.999816894531 649.000122070312 645.000122070312 646.000183105469 647 651.000183105469 658.000183105469 655.999877929688 648.999816894531 648.000305175781 652.999816894531 657.000122070312 653.000183105469 650.000122070312 647.999877929688 647 647.000122070312 650.999816894531 645 642.999816894531 637.999877929688 630.999877929688 628.999694824219 627.999816894531 628.000122070312
649 643.999816894531 633.000183105469 612 599.999877929688 598.999816894531 600 602 609.000122070312 623 640.000183105469 645.000183105469 653.000122070312 660 661 667.000183105469 670.999694824219 674.000305175781 673.000183105469 671.999816894531 665.999572753906 662.000122070312 663.000122070312 653.000183105469 640.999877929688 641.999572753906 640.999694824219 646.999877929688 648.000122070312 654.000122070312 657.999877929688 655.000122070312 660.999877929688 652.999816894531 645.999877929688 642 650.000122070312 650.999816894531 645.999877929688 645.000122070312 646 643.999816894531 646.000122070312 641 638.999877929688 635.999694824219 629.000183105469 626.000183105469 625.999816894531 623.999572753906 622.999816894531
644 636.999816894531 617 606.999694824219 600.000122070312 598.999694824219 597.999816894531 601.000183105469 608.000183105469 616.999877929688 629.999816894531 638.999877929688 649.999877929688 660.999816894531 662.999694824219 668 667.999816894531 668.999816894531 669.999816894531 668.000183105469 663.000183105469 665.999572753906 658.000183105469 660.000122070312 655.000427246094 649.999816894531 650 654.99951171875 654.000122070312 665.000427246094 673.999877929688 663.000183105469 655.000427246094 647.000122070312 637.999877929688 639.000183105469 636.999816894531 640.999877929688 639.000183105469 636.999877929688 637.999877929688 636.999877929688 635.000122070312 635.000122070312 630.999877929688 629.000122070312 618.999877929688 619.999694824219 617.999877929688 615.000122070312 614.999877929688
623.999877929688 612.999816894531 601.000183105469 590.000122070312 586 586.999816894531 589.000122070312 594.00048828125 603.999816894531 611.000305175781 622.000122070312 634.999816894531 646.999694824219 656.999877929688 658.999816894531 661.000305175781 666.999877929688 663 662.999877929688 652.999816894531 651.999877929688 647.999816894531 643.999877929688 643.999877929688 654.000122070312 658.999877929688 655.999328613281 669.000183105469 665.999877929688 667.000427246094 671.999877929688 664.000427246094 648 639.000122070312 635.000183105469 632.000183105469 629.999877929688 629.999877929688 631.000183105469 632.000183105469 633.999877929688 631.999877929688 629.999877929688 625.999816894531 621.999816894531 621.999816894531 615.000122070312 611.999877929688 612.000122070312 611.999877929688 613.000122070312
606.000122070312 601 589 584.000305175781 583.999816894531 580.999877929688 583.000122070312 584.999877929688 594.999877929688 606.99951171875 617.000122070312 628.000122070312 639.999816894531 649.000183105469 651.999572753906 653 660.000183105469 659.000122070312 649.999816894531 650.000122070312 644.000122070312 642 640.999572753906 641.000122070312 644.000122070312 650.999572753906 663.999816894531 667.000183105469 668.999816894531 666.000122070312 663.000183105469 660 643.000122070312 636.000183105469 629.000183105469 625.999877929688 626.000305175781 624.999877929688 625.999572753906 626.000122070312 627 627.000183105469 625.000183105469 618.999694824219 620.000183105469 612.999816894531 608.000427246094 606.000122070312 604.999572753906 606.000122070312 609.000122070312
592.999816894531 585.999877929688 579.999816894531 579.999877929688 577 578.000183105469 583.999694824219 590.000122070312 588.999877929688 597.000122070312 608.999877929688 622.999877929688 635.999877929688 644.999572753906 648.999877929688 651.999877929688 652.999877929688 649.999694824219 649.000305175781 654.000183105469 648.000122070312 634.999877929688 632.999877929688 637 644.999877929688 648.000122070312 656.999816894531 660.000183105469 658.99951171875 655.999816894531 650.000183105469 642 629.000183105469 618.999877929688 617 618 621.999816894531 622.000427246094 622.000122070312 621.000183105469 622 623.000122070312 621.000122070312 616.999877929688 615 608.000122070312 604.999694824219 601.000183105469 600.999877929688 602 603.000122070312
582.000122070312 579.000122070312 574 575 586.000183105469 583 587 589.000427246094 592.000183105469 592.000122070312 600 613.999877929688 629.999694824219 641.999877929688 646 647.000122070312 649.000305175781 649.000183105469 652.999816894531 666.000183105469 657.000122070312 641.000305175781 629.000427246094 631.999816894531 635.000183105469 637.999572753906 643.000183105469 642.000122070312 642.000122070312 642.999694824219 638.000427246094 629.000122070312 618.999694824219 607.000183105469 606.000122070312 611.000183105469 615.000122070312 617.999694824219 614.999816894531 616.999816894531 617.000183105469 619.999816894531 619.000122070312 615 611 608.999816894531 602.999816894531 601.000122070312 600 600 598.999877929688
578.000122070312 578.999877929688 582.000122070312 577.000122070312 583 582 587.999816894531 591.999877929688 585 589.999877929688 597.999877929688 607.999816894531 619.000305175781 628 638.000122070312 644.999877929688 654.999694824219 662.000183105469 652.999572753906 652.999877929688 648.999816894531 636 630.000122070312 631.000183105469 634.999572753906 632.000122070312 635.000183105469 632.999877929688 634.000183105469 635 628.999694824219 624.000122070312 613.000183105469 605.000183105469 604.999816894531 607 610.000183105469 616.000122070312 616 618 615.000183105469 615.999816894531 619.000183105469 614.999877929688 611.000122070312 608 603 601.999877929688 599.000183105469 597.000122070312 597.000122070312
567.000122070312 567.000122070312 571.000122070312 580.000183105469 577.99951171875 579.999877929688 584.999877929688 586.000305175781 589.000122070312 602.000122070312 605.999816894531 612.999816894531 626.999877929688 625 640.000122070312 644.999877929688 652.99951171875 662 654.000122070312 644.00048828125 636.999816894531 629.000183105469 629.000122070312 629 627.999572753906 628.000122070312 630.000122070312 633 630.000183105469 630.000183105469 625.999877929688 619 615.999816894531 608.999816894531 607.000183105469 606.000183105469 609 613 613 614.000122070312 615.000122070312 618 616.000183105469 611.999877929688 609 609 607 604 601.000122070312 598.000183105469 597.000305175781
565.000427246094 565 563.999877929688 570.999877929688 576.000122070312 580.000122070312 581 585.999877929688 588 596.999877929688 605.000122070312 612.999877929688 627.999877929688 632.999877929688 640.000122070312 652.000122070312 654.000122070312 653.999877929688 648.000122070312 635.999816894531 624.999877929688 620 622.000122070312 626.999877929688 627.999877929688 629 629.000122070312 628.000122070312 625.000305175781 625 619.000122070312 615.999572753906 615.000122070312 609 610.000122070312 611 612.000122070312 613 614.000122070312 614.999877929688 615.999877929688 617.000122070312 614.000122070312 611.999877929688 609.999877929688 608 602.999877929688 603.000183105469 601.999816894531 600 595.000122070312
564.000183105469 564 564.999877929688 565.000122070312 569.000122070312 574 575.000122070312 581.000122070312 584.999877929688 594.999694824219 604 611.999877929688 617.999877929688 624.999816894531 631.000122070312 640.000183105469 644.999877929688 644.000122070312 635.000122070312 629.999877929688 619.000122070312 617.999572753906 619.000122070312 619.999816894531 619.999816894531 621.000122070312 622 622 623.000122070312 620.000183105469 617.000183105469 614.999877929688 614 611.000305175781 612.999877929688 612.999877929688 611.999877929688 609.999816894531 616.000122070312 618.000122070312 617.000122070312 615.000122070312 615.000122070312 616.999816894531 613.000122070312 608.999816894531 607.000122070312 602.999694824219 601.000305175781 601.000305175781 592.999816894531
552.999877929688 558.000183105469 558.999877929688 565 564.999877929688 572 574.999572753906 581 585 590.000183105469 595.999877929688 601.000122070312 608.999816894531 620.999877929688 626 629.000122070312 629.999816894531 627.999877929688 624.000122070312 620.000122070312 614.999877929688 612.999572753906 611.999877929688 614.000122070312 617.000122070312 617 614.999877929688 617.999816894531 617.999816894531 616.999816894531 618.999877929688 614.999877929688 614 611.999572753906 610.999877929688 612 614.999877929688 613.999877929688 619.000183105469 618.999816894531 619.999816894531 617.999877929688 620 617.999816894531 615.999816894531 611.999877929688 609.999694824219 606.000183105469 601.999877929688 599.999877929688 592.000427246094
550.000122070312 559.000183105469 562.000122070312 559.999877929688 564.999816894531 572.000122070312 572.000183105469 575.000122070312 584.000183105469 586.000122070312 589.999877929688 596 599.999816894531 607.000427246094 610 618.999877929688 621.000122070312 616.999877929688 617 612.000122070312 611 608.999816894531 610.999877929688 612.999816894531 612.999877929688 612.999877929688 613.000122070312 617.000122070312 618.000122070312 616.999877929688 617 614.999816894531 617 615.000122070312 614.999877929688 616.999877929688 614.999877929688 616 616.999877929688 622.000122070312 623 623.999877929688 622.999816894531 620.999877929688 617 614 610.00048828125 606.000183105469 601.000122070312 598.999877929688 593
539.999877929688 550 556.000122070312 563 560 562.000122070312 565.000183105469 570 573.000122070312 578.999816894531 582.999877929688 589.000305175781 592.999572753906 597.000122070312 604.000183105469 606.000305175781 608.000122070312 608 606.999816894531 608.000122070312 605.999877929688 605.999877929688 608.999816894531 608.999877929688 611.000183105469 611.999572753906 613 616 618 617.999877929688 618.000183105469 617.999816894531 617.999816894531 618.999877929688 619.999816894531 620.000183105469 619.999877929688 620.999877929688 619.000122070312 624.999694824219 624.999694824219 629.00048828125 626.000122070312 625.999816894531 625 622.999877929688 616 607.999877929688 604.999877929688 598.999816894531 591.999572753906
547.000122070312 547.000122070312 553.999877929688 552.999877929688 546.999877929688 549.000183105469 554.999877929688 561.000427246094 567.000122070312 566.999816894531 573.000122070312 579.000122070312 585 591 596.999877929688 601.999877929688 601.999816894531 603.999694824219 604 602.999877929688 601.999877929688 601.000122070312 602.000183105469 604.000183105469 605.999877929688 611.000183105469 612.999816894531 615.000183105469 618 617.999877929688 619.999816894531 619.000122070312 621.000183105469 621.999877929688 621.999816894531 620 620.999877929688 620.999877929688 620.000183105469 625.000122070312 626.999816894531 626.000183105469 629.000183105469 631 628.000122070312 622.000183105469 616 610.000183105469 603 598 593.999816894531
