ENMTML/All_vars/Predictors/EUR_only/bio11.asc
NCOLS 411 
NROWS 214 
XLLCORNER -11.5 
YLLCORNER 35.666666666112 
CELLSIZE 0.166666666666667 
NODATA_value -3.4e+38 
[rows 100 to 119 of 214, columns 138 to 183 of 411]
-3.4e+38 -3.4e+38 -3.4e+38 -3.4e+38 -3.4e+38 -3.4e+38 -3.4e+38 -3.4e+38 -3.4e+38 -3.4e+38 0.734234929084778 0.706877171993256 0.279776811599731 -3.4e+38 -3.4e+38 -3.4e+38 -3.4e+38 -3.4e+38 -3.4e+38 -3.4e+38 -3.4e+38 -3.4e+38 -3.4e+38 -3.4e+38 -3.4e+38 -3.4e+38 -3.4e+38 -3.4e+38 -3.4e+38 -3.4e+38 -0.927100777626038 -1.13364505767822 -1.42353594303131 -1.60697305202484 -1.84172904491425 -2.02395510673523 -2.13492298126221 -2.37113499641418 -2.44404006004333 -2.13043403625488 -1.94474399089813 -1.35297298431396 -3.4e+38 -3.4e+38 -3.4e+38 -3.4e+38
-3.4e+38 -3.4e+38 -3.4e+38 -3.4e+38 -3.4e+38 -3.4e+38 0.781062722206116 0.769453883171082 0.79624480009079 0.723796308040619 0.695524871349335 0.563097178936005 0.535987913608551 -3.4e+38 -3.4e+38 -3.4e+38 -3.4e+38 -3.4e+38 -3.4e+38 -3.4e+38 -3.4e+38 -3.4e+38 -3.4e+38 -3.4e+38 -3.4e+38 -3.4e+38 -3.4e+38 -3.4e+38 -3.4e+38 -0.785380303859711 -1.11965596675873 -1.42217099666595 -1.74670803546906 -1.99093902111053 -2.31049609184265 -2.53963804244995 -2.82018995285034 -3.00930500030518 -3.0543839931488 -2.85715389251709 -2.7159960269928 -2.29697704315186 -1.82502496242523 -1.33581900596619 -3.4e+38 -3.4e+38
-3.4e+38 -3.4e+38 -3.4e+38 -3.4e+38 0.837556123733521 0.776550471782684 0.703953504562378 0.658651173114777 0.641468226909637 0.613444685935974 0.640198290348053 0.61836177110672 -3.4e+38 -3.4e+38 -3.4e+38 -3.4e+38 -3.4e+38 -3.4e+38 -3.4e+38 -3.4e+38 -3.4e+38 -3.4e+38 -3.4e+38 -3.4e+38 -3.4e+38 -0.603237926959991 -0.520382881164551 -0.462053596973419 -0.67432177066803 -1.12683594226837 -1.62217104434967 -1.89098405838013 -2.19895792007446 -2.52658009529114 -2.7403678894043 -2.94036793708801 -3.11563110351562 -3.31054210662842 -3.29309296607971 -3.17417097091675 -3.04778003692627 -2.78327989578247 -2.12851095199585 -1.56184005737305 -1.41138994693756 -1.48035597801208
0.733408272266388 0.632646918296814 0.732282996177673 0.90344500541687 0.753793001174927 0.598920702934265 0.560008227825165 0.604425370693207 0.554069399833679 0.536335706710815 0.546410024166107 0.502133786678314 0.337635308504105 0.284735500812531 0.192128300666809 -3.4e+38 -3.4e+38 -3.4e+38 -3.4e+38 -3.4e+38 -0.510564088821411 -0.685456693172455 -0.824137210845947 -0.898829102516174 -0.962662875652313 -0.936250388622284 -0.827721118927002 -0.886110484600067 -1.14989805221558 -1.67186105251312 -2.15902209281921 -2.6129469871521 -2.73600888252258 -3.04827809333801 -3.24827790260315 -3.33292388916016 -3.39010310173035 -3.33203911781311 -3.19503307342529 -3.06227707862854 -2.94194388389587 -2.77150106430054 -2.3453540802002 -1.94387996196747 -1.76861703395844 -1.79319894313812
0.682833015918732 0.559826672077179 0.765339374542236 0.820844113826752 0.676419377326965 0.527572274208069 0.455331385135651 0.399756908416748 0.454363197088242 0.453643411397934 0.475371807813644 0.397906899452209 0.282858192920685 0.203141897916794 0.0857383534312248 -0.083074577152729 -0.217350795865059 -0.33534300327301 -0.32025420665741 -0.411664813756943 -0.651755273342133 -0.934466481208801 -1.18394100666046 -1.43782103061676 -1.52262198925018 -1.46570301055908 -1.4380350112915 -1.42693102359772 -1.64228498935699 -2.21409296989441 -2.72217488288879 -3.04140901565552 -3.20488595962524 -3.25618696212769 -3.3183000087738 -3.32259488105774 -3.36012601852417 -3.33690810203552 -3.16369104385376 -3.01144099235535 -2.82443499565125 -2.63722896575928 -2.38874888420105 -2.13874888420105 -2.04813289642334 -2.23498296737671
0.693449318408966 0.699218571186066 0.737609922885895 0.682639122009277 0.599851071834564 0.400455802679062 0.351104587316513 0.311845004558563 0.249586299061775 0.153946205973625 0.231955498456955 0.282601803541183 0.258385092020035 0.206290498375893 0.058426421135664 -0.0451426915824413 -0.165584698319435 -3.4e+38 -0.323668301105499 -0.535936415195465 -0.80364978313446 -1.16847801208496 -1.53174102306366 -1.91297805309296 -1.96859204769135 -1.89804005622864 -2.02341198921204 -2.14149498939514 -2.25239896774292 -2.51341199874878 -2.96740102767944 -3.17693996429443 -3.24046301841736 -3.32772994041443 -3.34429311752319 -3.46085596084595 -3.43182396888733 -3.24911308288574 -3.04377794265747 -2.89152789115906 -2.71390604972839 -2.58639311790466 -2.40877199172974 -2.23791408538818 -2.16265106201172 -2.49000811576843
0.654367804527283 0.632283210754395 0.565711796283722 0.543362975120544 0.416608989238739 0.283023506402969 0.205455705523491 0.166451692581177 0.121059201657772 0.109359301626682 0.187112703919411 0.069243848323822 -0.032760001718998 -0.0515280812978745 -0.06756641715765 -0.057301539927721 -0.165274992585182 -0.215275406837463 -0.242851600050926 -0.420364111661911 -0.862923920154572 -1.30951404571533 -1.65898895263672 -1.97923099994659 -1.98205101490021 -2.0712571144104 -2.15590405464172 -2.27687096595764 -2.50460290908813 -2.71535205841064 -3.02367997169495 -3.21509099006653 -3.18715906143188 -3.27301502227783 -3.34266304969788 -3.36063694953918 -3.29827809333801 -3.10959696769714 -2.90305304527283 -2.76604700088501 -2.54430294036865 -2.40011692047119 -2.28476405143738 -2.06238603591919 -2.35667991638184 -2.52853298187256
0.748419880867004 0.610020399093628 0.581956386566162 0.526729226112366 0.354645103216171 0.227085098624229 0.22737880051136 0.176828503608704 0.0593506507575512 0.0534199997782707 -0.0351615399122238 -0.206658095121384 -0.279720395803452 -0.1595468968153 -0.0646361634135246 -0.219724595546722 -0.148556500673294 -0.233203202486038 -0.259104788303375 -0.442016392946243 -0.788761079311371 -1.17182803153992 -1.50876903533936 -1.86689794063568 -2.04866003990173 -2.04577493667603 -2.1486599445343 -2.377445936203 -2.51365804672241 -2.62304210662842 -2.80066394805908 -2.94757890701294 -2.96843695640564 -3.05334901809692 -3.05623292922974 -3.04376411437988 -3.03276896476746 -2.92202091217041 -2.66825199127197 -2.51159691810608 -2.35353207588196 -2.05934691429138 -2.00813603401184 -2.07040500640869 -2.38423800468445 -2.50300693511963
0.764728724956512 0.74258029460907 0.570239722728729 0.564763784408569 0.326364606618881 0.337460488080978 0.260095506906509 0.198751300573349 0.176054194569588 0.0859615430235863 -0.0218573100864887 -0.145028799772263 -0.172385796904564 -0.123070396482944 -0.144723102450371 -0.1984011977911 -0.227433994412422 -0.188137292861938 -0.395955502986908 -0.598515212535858 -0.793585419654846 -1.07528698444366 -1.36370301246643 -1.58985102176666 -1.83555698394775 -1.93676602840424 -2.03676605224609 -2.10605907440186 -2.37403202056885 -2.48782110214233 -2.63185095787048 -2.58017611503601 -2.66361308097839 -2.68620991706848 -2.67819094657898 -2.69774794578552 -2.65660309791565 -2.61221694946289 -2.41950607299805 -2.30855703353882 -2.04917311668396 -1.9578720331192 -2.02454495429993 -2.15216708183289 -2.34214901924133 -2.54875802993774
0.836007177829742 0.801205575466156 0.719243228435516 0.567568182945251 0.468887597322464 0.482675611972809 0.36611220240593 0.234350398182869 0.191885396838188 0.0992657691240311 0.107855796813965 0.0639353767037392 -0.0454480797052383 -0.164216503500938 -0.188753098249435 -0.174393802881241 -0.198931396007538 -0.358314990997314 -0.662194013595581 -0.866073071956635 -1.01554799079895 -1.2178430557251 -1.37313294410706 -1.55196404457092 -1.68372595310211 -1.77943098545074 -1.83216094970703 -1.93216097354889 -2.13337111473083 -2.2026629447937 -2.18295001983643 -2.2494490146637 -2.28724598884583 -2.30816698074341 -2.32788109779358 -2.31446695327759 -2.30488204956055 -2.22741603851318 -2.10267806053162 -2.0071918964386 -1.84901797771454 -1.70483195781708 -1.72439002990723 -1.96296095848083 -2.2292640209198 -2.47072005271912
0.911469876766205 0.894815623760223 0.887636125087738 0.741930902004242 0.661379277706146 0.628252387046814 0.535431981086731 0.453515112400055 0.376048594713211 0.265254199504852 0.219749599695206 0.163250401616096 0.014770770445466 -0.0735546126961708 -0.160559996962547 -0.150451198220253 -0.420893400907516 -0.541135311126709 -0.811668515205383 -0.951759517192841 -1.07072794437408 -1.25793397426605 -1.41872799396515 -1.49760496616364 -1.54463005065918 -1.58057701587677 -1.58068704605103 -1.58619105815887 -1.7025990486145 -1.77209305763245 -1.91103398799896 -2.01512789726257 -2.03625106811523 -2.04081106185913 -2.08950996398926 -2.14375901222229 -2.18023610115051 -2.09690809249878 -2.04979300498962 -1.96934998035431 -1.86007702350616 -1.74780797958374 -1.73245394229889 -1.8211350440979 -2.18732905387878 -2.52449011802673
0.953605711460114 0.914774596691132 0.899421215057373 0.817504286766052 0.834177017211914 0.739946186542511 0.663889586925507 0.616975009441376 0.506180822849274 0.392501890659332 0.285738110542297 0.154021203517914 0.043163850903511 -0.0162196196615696 -0.272673696279526 -0.173623099923134 -0.242545396089554 -0.564508080482483 -0.818277597427368 -0.959778785705566 -1.09116995334625 -1.18540096282959 -1.14628601074219 -1.19613099098206 -1.18198800086975 -1.2861909866333 -1.35715901851654 -1.47079205513 -1.52629697322845 -1.58059203624725 -1.60296905040741 -1.57682204246521 -1.60067403316498 -1.6854749917984 -1.7994190454483 -1.93569505214691 -1.96483600139618 -1.98166394233704 -1.96510100364685 -1.88622403144836 -1.84869301319122 -1.84728300571442 -1.92779004573822 -2.06787991523743 -2.19125294685364 -2.49493193626404
0.884267628192902 0.93594229221344 0.954135775566101 0.919133603572845 0.855546176433563 0.827987670898438 0.750521183013916 0.691137313842773 0.612305283546448 0.489242613315582 0.373733699321747 0.27802848815918 0.133844196796417 0.0714665427803993 -0.151660799980164 -0.189875394105911 -0.30324849486351 -0.499947786331177 -0.784379482269287 -0.909317672252655 -0.891014993190765 -0.950444519519806 -1.00189995765686 -1.05174505710602 -1.09189605712891 -1.14321601390839 -1.25988805294037 -1.40691304206848 -1.49155902862549 -1.51823198795319 -1.3933390378952 -1.26210296154022 -1.29978895187378 -1.48029601573944 -1.64423894882202 -1.75397801399231 -1.83737003803253 -1.86494600772858 -1.84701800346375 -1.87752497196198 -1.87034595012665 -1.88428902626038 -2.05629706382751 -2.16603589057922 -2.32416391372681 -2.43502306938171
0.804071009159088 0.93898218870163 0.975303471088409 0.959949970245361 0.911470413208008 0.865874588489532 0.805171370506287 0.777814090251923 0.689488887786865 0.595258176326752 0.446422189474106 0.382478505373001 0.352328091859818 0.274596512317657 0.168298795819283 -0.0231569204479456 -0.353093206882477 -0.747327983379364 -0.956451177597046 -1.14411902427673 -1.08022105693817 -1.14678394794464 -1.23854601383209 -1.0201530456543 -0.918477773666382 -1.00171399116516 -1.15964198112488 -1.34140396118164 -1.45937705039978 -1.34990298748016 -1.26567196846008 -1.11646199226379 -1.02505099773407 -1.2318160533905 -1.39287400245667 -1.59282898902893 -1.6400990486145 -1.68595898151398 -1.7773699760437 -1.77307498455048 -1.83549797534943 -1.93664801120758 -2.11154103279114 -2.28213810920715 -2.47495794296265 -2.65703010559082
0.991912603378296 1.01287996768951 0.946316778659821 0.89642608165741 0.849155783653259 0.753651797771454 0.774774491786957 0.767065584659576 0.674445927143097 0.660813093185425 0.613341271877289 0.517636179924011 0.467481195926666 0.426426887512207 0.330922693014145 0.118654198944569 -0.125316306948662 -0.584703624248505 -0.849797189235687 -0.862201929092407 -0.919271886348724 -0.892905175685883 -0.851184904575348 -0.751030087471008 -0.813143014907837 -0.857438027858734 -0.94858318567276 -1.1594409942627 -1.37302899360657 -1.32443904876709 -1.24840104579926 -1.11857497692108 -1.02716505527496 -1.11196601390839 -1.20934700965881 -1.32626497745514 -1.41767501831055 -1.46494603157043 -1.5273699760437 -1.63569903373718 -1.75902605056763 -1.88103401660919 -2.14995694160461 -2.33879208564758 -2.43738198280334 -2.64414501190186
0.994952201843262 1.10873997211456 0.993496179580688 0.895015776157379 0.700721025466919 0.484157711267471 0.555326521396637 0.647417187690735 0.686713874340057 0.721670925617218 0.660611987113953 0.56061202287674 0.513542294502258 0.517837285995483 0.423743098974228 0.318654209375381 0.0688700005412102 -0.435165286064148 -0.70591801404953 -0.550103008747101 -0.58206570148468 -0.505698919296265 -0.443120002746582 -0.363823086023331 -0.480231493711472 -0.679460227489471 -0.881819427013397 -1.08549797534943 -1.30867004394531 -1.39038705825806 -1.35029602050781 -1.24976599216461 -1.16276001930237 -1.10049104690552 -1.10625994205475 -1.19403803348541 -1.25232195854187 -1.29959201812744 -1.43827295303345 -1.55089795589447 -1.73957800865173 -1.94759702682495 -2.06531000137329 -2.17066407203674 -2.33020210266113 -2.49115204811096
1.07232797145844 1.12252795696259 1.14208602905273 1.03411197662354 0.947946488857269 0.791337192058563 0.6582111120224 0.647417187690735 0.665591180324554 0.635349273681641 0.522880017757416 0.442373514175415 0.527220785617828 0.569402873516083 0.506979882717133 0.380768090486526 0.140722706913948 -0.113202303647995 -0.291135191917419 -0.317237496376038 -0.368757486343384 -0.3853659927845 -0.360363394021988 -0.344699800014496 -0.423577010631561 -0.61567211151123 -0.896972477436066 -1.14635598659515 -1.41800904273987 -1.67598295211792 -1.66351401805878 -1.41712296009064 -1.27361798286438 -1.21852898597717 -1.24247205257416 -1.27738296985626 -1.30950105190277 -1.37192499637604 -1.35095703601837 -1.50787699222565 -1.67710900306702 -1.90200197696686 -1.95436096191406 -2.04722690582275 -2.24969601631165 -2.41064500808716
0.9663125872612 1.17076301574707 1.10849404335022 1.07825195789337 1.04512596130371 0.920479595661163 0.705235421657562 0.762771010398865 0.797617614269257 0.732464671134949 0.68675971031189 0.521515488624573 0.501958191394806 0.524336218833923 0.428833097219467 0.441626012325287 0.251470804214478 0.107130400836468 -0.0582692287862301 -0.213513001799583 -0.302609503269196 -0.364923298358917 -0.393709301948547 -0.493289887905121 -0.596904516220093 -0.775320410728455 -1.00803101062775 -1.2601900100708 -1.51239502429962 -1.65051901340485 -1.62578201293945 -1.45853400230408 -1.28011798858643 -1.24599599838257 -1.15337598323822 -1.20793604850769 -1.29703199863434 -1.32632899284363 -1.31930494308472 -1.38025403022766 -1.51746094226837 -1.68528294563293 -1.79341197013855 -1.90006601810455 -2.11101603507996 -2.32857298851013
0.743533074855804 0.917631387710571 1.00410795211792 1.07825195789337 1.02856194972992 0.934267699718475 0.726294100284576 0.62796950340271 0.727969527244568 0.747462570667267 0.717220723628998 0.632309675216675 0.615746319293976 0.536604583263397 0.389535397291183 0.377267301082611 0.169138506054878 0.0579238496720791 -0.116813503205776 -0.183531895279884 -0.330802589654922 -0.525097072124481 -0.498360097408295 -0.700208783149719 -0.906507670879364 -1.20021295547485 -1.48124897480011 -1.66851997375488 -1.55693602561951 -1.60669004917145 -1.53457200527191 -1.31575798988342 -1.12047004699707 -1.0017009973526 -1.01055598258972 -1.04687702655792 -1.03167796134949 -1.09859800338745 -1.24597799777985 -1.23875296115875 -1.37454903125763 -1.61625099182129 -1.70184695720673 -1.72658395767212 -1.99991095066071 -2.1994960308075
0.736108422279358 0.981483578681946 1.11789703369141 1.061488032341 0.92977237701416 0.755235373973846 0.62640392780304 0.583473324775696 0.465435802936554 0.526604890823364 0.714335978031158 0.729425072669983 0.646098017692566 0.643213272094727 0.483830094337463 0.28812500834465 0.214798092842102 0.118937700986862 0.0384307689964771 -0.107430003583431 -0.239501401782036 -0.47818261384964 -0.695539712905884 -0.980871021747589 -1.26715099811554 -1.51913499832153 -1.70325696468353 -1.87935900688171 -1.80702698230743 -1.49592196941376 -1.4296840429306 -1.26056003570557 -0.982053220272064 -0.861610770225525 -1.03425300121307 -0.975024402141571 -1.07518005371094 -1.07386004924774 -1.30604195594788 -1.18077898025513 -1.23875296115875 -1.39560794830322 -1.53124904632568 -1.60598599910736 -1.69162797927856 -1.93151795864105
