ENMTML/All_vars/Predictors/EUR_only/bio16.asc
NCOLS 440 
NROWS 275 
XLLCORNER -11.5 
YLLCORNER 25.4999999994691 
CELLSIZE 0.166666666666667 
NODATA_value -3.4e+38 
[rows 42 to 62 of 275, columns 376 to 422 of 440]
198.738204956055 197.125503540039 197.130798339844 198.728393554688 204.747406005859 208.384506225586 205.731994628906 202.707595825195 201.133499145508 199.717193603516 197.277694702148 199.304000854492 196.908004760742 195.947204589844 195.720199584961 198.707397460938 200.686996459961 199.734405517578 198.490997314453 197.555099487305 200.306900024414 201.329406738281 202.210494995117 202.213592529297 202.221603393555 204.12370300293 204.12370300293 204.12370300293 205.008499145508 206.046295166016 208.894104003906 210.647598266602 211.765502929688 212.646606445312 214.625900268555 215.621002197266 217.81559753418 218.776702880859 219.954406738281 220.1416015625 220.41960144043 218.070098876953 220.037704467773 221.39680480957 219.393798828125 221.82470703125 217.801803588867
197.722595214844 197.722595214844 197.722595214844 197.727203369141 199.732299804688 204.714599609375 206.740798950195 204.112701416016 204.117401123047 202.707504272461 201.685104370117 201.265899658203 199.299102783203 196.935501098633 197.691299438477 198.718505859375 200.914398193359 200.912704467773 201.43310546875 201.437896728516 201.473007202148 203.293792724609 204.31770324707 204.319396972656 204.318603515625 205.107406616211 205.107299804688 204.255599975586 205.1416015625 207.017395019531 208.143203735352 209.875900268555 211.003494262695 212.744293212891 214.71549987793 215.860794067383 217.06950378418 219.199600219727 219.43620300293 223.423797607422 223.42610168457 224.398803710938 226.826904296875 224.828399658203 221.819900512695 223.22819519043 223.21240234375
197.715393066406 197.715393066406 197.727203369141 198.724502563477 198.724304199219 201.707901000977 206.732498168945 204.112701416016 204.117401123047 204.116394042969 203.703201293945 201.679000854492 200.263397216797 200.273193359375 199.888793945312 196.933395385742 200.952606201172 201.700607299805 201.705200195312 203.671096801758 203.671096801758 204.420501708984 206.29670715332 207.30810546875 207.30810546875 207.317504882812 210.066497802734 208.199203491211 209.215301513672 209.218597412109 211.981903076172 211.978805541992 211.842300415039 211.939407348633 213.694595336914 215.848297119141 217.028503417969 219.191604614258 220.425704956055 225.43879699707 225.837600708008 226.270599365234 227.823699951172 226.228698730469 223.221694946289 225.65559387207 224.211700439453
198.720001220703 198.724502563477 197.723495483398 197.70849609375 197.723403930664 198.724304199219 201.717803955078 202.725006103516 202.716796875 204.114807128906 204.116104125977 204.116104125977 201.681396484375 201.682006835938 201.26579284668 199.923797607422 201.268493652344 202.879196166992 202.692092895508 203.934906005859 204.687393188477 206.665893554688 208.47900390625 208.477401733398 208.442596435547 208.210403442383 209.494094848633 210.298599243164 212.222106933594 213.061904907227 212.925201416016 212.177703857422 212.177703857422 212.932205200195 217.066497802734 218.082702636719 219.231094360352 220.174499511719 222.439895629883 226.275497436523 233.260894775391 230.262802124023 228.676193237305 228.66259765625 228.231506347656 232.074096679688 242.604705810547
197.36279296875 198.332794189453 198.334594726562 198.349197387695 199.346603393555 199.354904174805 200.692199707031 201.71549987793 202.716796875 202.711700439453 203.090301513672 203.090301513672 202.678695678711 201.677307128906 201.677307128906 201.268493652344 201.268493652344 201.269897460938 202.921997070312 204.886306762695 204.893997192383 205.677093505859 207.669296264648 209.428695678711 209.428695678711 210.447906494141 209.484298706055 209.484298706055 212.221603393555 213.39860534668 213.168701171875 212.177703857422 212.169799804688 216.072998046875 218.275802612305 220.216995239258 220.213806152344 223.853500366211 231.294494628906 228.291305541992 237.716400146484 239.11360168457 233.67790222168 229.651702880859 227.665298461914 233.057907104492 246.235992431641
197.993606567383 196.990798950195 199.332107543945 199.342102050781 199.346603393555 199.342102050781 200.688095092773 202.330200195312 204.343505859375 201.69580078125 202.069396972656 204.690902709961 204.089096069336 204.087707519531 205.100601196289 204.250900268555 204.250900268555 204.254104614258 203.868392944336 204.930892944336 204.929000854492 205.677093505859 206.696395874023 206.696197509766 208.673400878906 208.673400878906 209.419494628906 210.435699462891 212.679595947266 213.43049621582 213.43049621582 213.152603149414 214.340805053711 217.296493530273 218.312805175781 219.501007080078 221.879898071289 225.866500854492 227.276596069336 230.258697509766 236.67919921875 236.115005493164 237.102600097656 234.104095458984 230.072906494141 233.062896728516 247.870803833008
197.988204956055 196.990798950195 198.330902099609 199.335098266602 199.335098266602 200.973297119141 202.330200195312 203.333999633789 203.342407226562 204.684494018555 203.67529296875 204.689102172852 204.68879699707 207.06689453125 206.074005126953 205.666107177734 205.248199462891 204.250793457031 204.252304077148 204.259902954102 204.929000854492 204.929000854492 205.675201416016 207.687393188477 207.689102172852 208.71110534668 209.458892822266 209.463592529297 211.431106567383 212.6748046875 212.6748046875 214.375503540039 216.586395263672 216.548095703125 219.486099243164 221.871994018555 224.279098510742 224.279693603516 226.283599853516 233.682601928711 237.126602172852 233.106704711914 237.090805053711 238.587905883789 230.059295654297 242.220794677734 248.843994140625
198.622406005859 198.623794555664 198.965103149414 199.965301513672 199.967300415039 199.972305297852 201.315704345703 203.963592529297 203.97819519043 206.324493408203 206.322494506836 206.325302124023 206.328994750977 207.675903320312 207.069793701172 207.069793701172 206.658294677734 205.661193847656 205.664596557617 205.25309753418 206.270599365234 207.849594116211 208.867492675781 210.279495239258 211.862396240234 211.698104858398 211.698104858398 211.698104858398 211.421600341797 212.714904785156 213.667007446289 216.613098144531 218.882293701172 219.877899169922 220.481597900391 222.857696533203 223.863098144531 224.274597167969 227.288497924805 232.709594726562 238.134506225586 237.08740234375 234.088195800781 230.067306518555 229.578094482422 242.212203979492 247.508895874023
197.61149597168 197.621002197266 199.96240234375 201.598999023438 202.601898193359 202.606597900391 202.947296142578 202.945907592773 202.955993652344 205.306793212891 207.326507568359 209.311096191406 209.322494506836 209.322494506836 208.682800292969 209.694107055664 210.072799682617 209.653305053711 209.651306152344 209.64860534668 210.665893554688 210.681793212891 213.251007080078 214.273406982422 217.264892578125 218.289199829102 218.284805297852 217.869705200195 215.912704467773 214.615295410156 213.65299987793 215.888305664062 219.871597290039 219.871597290039 220.868804931641 221.277297973633 223.288696289062 225.260696411133 226.247894287109 228.674301147461 234.10009765625 237.613098144531 241.597503662109 239.219192504883 230.584197998047 231.568801879883 251.489593505859
198.603805541992 199.254196166992 201.588897705078 201.591705322266 201.591705322266 201.600402832031 201.941497802734 203.944702148438 203.948593139648 203.956100463867 207.960693359375 209.299102783203 210.955596923828 213.314697265625 213.316604614258 211.674896240234 211.671295166016 211.061996459961 212.090896606445 212.090805053711 212.090805053711 213.664001464844 215.680801391602 215.682205200195 216.710403442383 216.702499389648 216.291107177734 217.307403564453 217.300598144531 216.886596679688 213.891403198242 215.861404418945 218.290893554688 220.860702514648 220.85920715332 222.274597167969 223.272094726562 224.704193115234 225.693603515625 227.105697631836 229.671203613281 234.611099243164 236.078002929688 238.233596801758 233.216003417969 228.571502685547 233.548095703125
200.243392944336 200.247100830078 200.566497802734 200.587707519531 201.600402832031 203.227294921875 203.571197509766 204.587600708008 205.580093383789 203.951797485352 204.297393798828 205.295394897461 206.951293945312 209.303405761719 210.319793701172 212.66569519043 210.654006958008 211.658599853516 211.058807373047 211.054000854492 213.089202880859 213.091995239258 214.666000366211 216.684097290039 216.683807373047 217.695297241211 217.698104858398 217.278701782227 215.879898071289 215.29670715332 215.297302246094 215.855102539062 218.292999267578 219.28840637207 222.269607543945 223.266906738281 223.268493652344 224.671005249023 226.674392700195 229.10969543457 230.664993286133 230.097106933594 231.579895019531 237.227600097656 236.57080078125 243.200500488281 233.207397460938
199.226303100586 199.227798461914 201.198806762695 202.197998046875 202.218002319336 202.217803955078 202.558898925781 203.563201904297 203.574600219727 204.585693359375 203.951797485352 205.925598144531 206.938507080078 209.298904418945 209.307098388672 210.317901611328 210.313201904297 209.672103881836 209.682006835938 211.054000854492 212.052597045898 214.059692382812 214.661193847656 217.095306396484 217.090606689453 216.686599731445 217.70280456543 216.263107299805 215.265701293945 215.306396484375 216.301895141602 219.297805786133 220.701599121094 220.706604003906 223.268493652344 224.273498535156 224.683502197266 226.700103759766 227.682693481445 230.108795166016 233.083999633789 236.60090637207 234.583801269531 235.217498779297 232.550399780273 232.203598022461 237.840805053711
200.852798461914 201.200103759766 201.195297241211 202.197998046875 203.207107543945 203.556304931641 202.550704956055 202.550704956055 203.564697265625 204.563705444336 205.920806884766 208.565307617188 208.923797607422 208.923797607422 209.946105957031 209.304901123047 210.313201904297 210.316192626953 209.677200317383 212.657196044922 212.676895141602 213.084197998047 216.074905395508 216.07470703125 217.090606689453 218.093994140625 219.110305786133 216.674499511719 216.267700195312 216.259796142578 218.689804077148 220.291793823242 222.266098022461 221.699096679688 224.267105102539 224.689697265625 226.700103759766 228.107406616211 232.091400146484 234.094604492188 235.591400146484 237.598205566406 240.227905273438 234.588592529297 240.19450378418 241.195007324219 250.487701416016
198.195205688477 199.841598510742 201.190505981445 202.194396972656 202.196105957031 202.201095581055 203.548095703125 203.5498046875 203.548095703125 205.209701538086 207.557205200195 210.206405639648 209.921203613281 208.918899536133 210.943603515625 211.944702148438 213.283004760742 212.285598754883 211.656005859375 212.657196044922 213.670806884766 212.060394287109 212.05729675293 214.081100463867 214.081100463867 216.657104492188 217.680999755859 217.673492431641 217.673492431641 217.671905517578 221.712600708008 221.712600708008 221.705505371094 223.255599975586 225.687301635742 225.688705444336 227.702301025391 229.105804443359 233.08869934082 234.08610534668 234.602905273438 234.596206665039 235.591201782227 234.558898925781 238.188995361328 241.847396850586 240.826507568359
198.817306518555 198.817306518555 199.826797485352 201.186798095703 202.189498901367 202.197494506836 202.194305419922 202.548706054688 204.182205200195 205.198394775391 206.551300048828 208.563003540039 207.565704345703 210.559005737305 212.570205688477 213.93049621582 214.930999755859 215.951904296875 213.287506103516 213.287506103516 213.660995483398 213.659194946289 212.05729675293 214.670394897461 217.076599121094 219.091506958008 219.089706420898 219.094696044922 219.094299316406 221.108001708984 223.679397583008 223.679397583008 223.679397583008 225.692901611328 225.688705444336 227.102005004883 229.110504150391 230.103103637695 233.075805664062 232.614898681641 233.076995849609 236.566604614258 241.208206176758 239.221694946289 241.842300415039 241.822204589844 245.477005004883
197.172393798828 199.816497802734 201.160202026367 201.170394897461 201.815902709961 204.173599243164 205.810302734375 205.822296142578 208.174606323242 208.192993164062 209.19709777832 211.176498413086 209.541198730469 210.543899536133 209.909805297852 212.562301635742 212.915603637695 213.917098999023 213.930099487305 215.936706542969 215.297698974609 214.30029296875 213.659194946289 213.661895751953 218.663696289062 218.672103881836 218.07780456543 220.093200683594 220.09309387207 222.667602539062 222.667602539062 224.679595947266 224.676803588867 225.675704956055 225.674606323242 227.68359375 229.091995239258 230.09489440918 231.095504760742 234.059600830078 233.596893310547 236.593704223633 242.203704833984 240.210205078125 241.838592529297 245.823699951172 251.467193603516
199.813095092773 202.798400878906 201.827102661133 202.813293457031 206.642501831055 208.574096679688 208.801895141602 210.578201293945 212.805099487305 212.816299438477 212.817596435547 213.189605712891 213.189605712891 212.192092895508 211.54670715332 209.912902832031 209.914596557617 209.919006347656 210.920501708984 211.935592651367 213.282699584961 212.657699584961 212.657699584961 217.662094116211 219.671203613281 219.67399597168 219.67399597168 220.67529296875 221.093307495117 221.094802856445 222.667602539062 223.664901733398 224.655899047852 227.095504760742 228.100692749023 229.096603393555 231.10530090332 233.070205688477 237.618301391602 237.598205566406 237.057800292969 238.572906494141 237.571899414062 243.19140625 242.193099975586 251.471099853516 263.751007080078
202.824493408203 202.819595336914 204.563507080078 204.569793701172 207.566696166992 208.784301757812 208.788803100586 208.830902099609 209.811492919922 212.803207397461 212.819702148438 213.819000244141 213.181396484375 216.184600830078 215.177398681641 216.1875 214.547393798828 210.916305541992 210.923294067383 212.268600463867 212.281204223633 214.296203613281 217.287292480469 219.300796508789 219.303695678711 219.669097900391 221.049606323242 219.666595458984 220.072799682617 223.067901611328 225.084701538086 225.086395263672 225.074295043945 227.095504760742 231.083801269531 233.096893310547 233.084197998047 233.07209777832 239.070404052734 238.602096557617 238.597106933594 240.56770324707 240.556701660156 246.846893310547 246.824905395508 249.815505981445 246.80810546875
202.819595336914 205.814697265625 206.624298095703 206.621200561523 204.813995361328 207.631607055664 210.620101928711 210.633102416992 210.634704589844 212.629196166992 212.804992675781 212.809600830078 214.829803466797 214.171493530273 213.181304931641 213.194107055664 213.537994384766 212.903900146484 212.906097412109 212.286193847656 213.286193847656 216.273193359375 217.292007446289 219.303695678711 221.649597167969 221.671905517578 223.673706054688 223.672103881836 224.673904418945 224.668701171875 227.055297851562 226.667694091797 226.073104858398 228.102203369141 231.083801269531 232.073196411133 232.060592651367 238.06120300293 240.599792480469 242.610000610352 242.574295043945 241.564895629883 241.204299926758 242.19059753418 251.815002441406 244.170104980469 253.440795898438
206.812103271484 207.688003540039 207.686599731445 209.606292724609 208.623901367188 209.608200073242 209.611099243164 210.626693725586 212.617904663086 213.619995117188 216.443893432617 215.800094604492 214.648406982422 215.802993774414 215.80940246582 216.182693481445 216.188995361328 213.537994384766 214.553497314453 215.555892944336 216.265502929688 216.27490234375 218.292495727539 218.292495727539 221.274398803711 223.306503295898 225.303695678711 224.673904418945 224.6708984375 224.664001464844 228.66389465332 228.057601928711 228.057601928711 230.071701049805 232.645202636719 232.073196411133 234.084701538086 240.61799621582 240.603103637695 244.236404418945 242.574295043945 243.562896728516 249.196594238281 246.186599731445 253.818099975586 247.820404052734 268.079193115234
207.865707397461 209.666305541992 209.669692993164 211.483093261719 211.479507446289 212.425506591797 212.425506591797 213.485900878906 215.490295410156 216.424499511719 215.430206298828 216.623306274414 214.820999145508 214.816101074219 215.802993774414 216.810592651367 217.818893432617 216.1875 217.184692382812 218.54460144043 219.564895629883 220.560394287109 219.932601928711 217.278305053711 218.293792724609 221.289993286133 221.663604736328 222.667892456055 223.660705566406 225.670394897461 227.666595458984 228.078994750977 229.074996948242 230.057205200195 231.064498901367 236.632904052734 237.058395385742 239.606704711914 244.583801269531 241.578399658203 242.046401977539 244.560302734375 246.544006347656 247.183807373047 257.801910400391 251.789199829102 253.787094116211
