ENMTML/All_vars/Predictors/EUR_only/bio11.asc
NCOLS 411 
NROWS 214 
XLLCORNER -11.5 
YLLCORNER 35.666666666112 
CELLSIZE 0.166666666666667 
NODATA_value -3.4e+38 
[rows 180 to 199 of 214, columns 230 to 275 of 411]
4.88789892196655 5.27646780014038 5.20445394515991 4.88820123672485 4.73933410644531 4.6676230430603 4.7003059387207 4.83232021331787 4.99224519729614 5.3933629989624 5.80304002761841 5.90037298202515 5.9913158416748 6.08567094802856 6.27344799041748 6.16358518600464 -3.4e+38 -3.4e+38 -3.4e+38 -3.4e+38 -3.4e+38 -3.4e+38 -3.4e+38 -3.4e+38 -3.4e+38 -3.4e+38 -3.4e+38 5.99601411819458 5.53038692474365 4.27719593048096 4.53837108612061 4.68849515914917 3.91345405578613 3.00171089172363 1.44913196563721 2.73935103416443 2.01157402992249 1.75077998638153 1.0774530172348 0.404281109571457 -0.0273715406656265 -0.124395802617073 -0.584879219532013 -1.2787549495697 -1.81529605388641 -2.20901608467102
4.69328022003174 5.2484188079834 4.99910116195679 4.69395399093628 4.78373384475708 4.93958187103271 5.11120796203613 5.3708438873291 5.58287811279297 5.51687288284302 5.92009878158569 6.03914403915405 6.21507406234741 6.25198602676392 6.12766885757446 6.04937791824341 5.79187297821045 5.98492479324341 6.12071895599365 6.37468719482422 6.47679710388184 6.57865810394287 6.53746604919434 5.97592878341675 6.00855922698975 5.40044689178467 5.40716218948364 4.8588171005249 3.25097990036011 2.63555908203125 3.97865605354309 2.24111700057983 2.11962008476257 0.025483850389719 2.29615592956543 2.08551692962646 1.36062502861023 0.812144577503204 -0.644838511943817 -1.79384803771973 -2.61355996131897 -2.99983692169189 -3.37384295463562 -0.303027302026749 0.731203377246857 1.71527898311615
5.00976419448853 5.07600116729736 4.82054996490479 5.03196382522583 -3.4e+38 -3.4e+38 -3.4e+38 -3.4e+38 -3.4e+38 -3.4e+38 -3.4e+38 -3.4e+38 -3.4e+38 6.69447994232178 6.3626561164856 6.16240882873535 5.51718282699585 5.42890787124634 5.53182411193848 5.86736822128296 6.31147480010986 6.6614727973938 6.27906179428101 4.09807586669922 4.7025351524353 4.29263496398926 4.17695617675781 2.98473596572876 1.21010303497314 0.949813783168793 2.2137598991394 1.89058697223663 -0.0747726932168007 -0.47928461432457 1.08472299575806 -0.362921088933945 -0.988977789878845 -1.02864897251129 -0.819731175899506 -1.30149304866791 -0.545148372650146 -1.01627194881439 -0.318845391273499 -0.391643494367599 -2.00109195709229 -0.475870788097382
4.9309549331665 5.08659982681274 4.15874719619751 -3.4e+38 -3.4e+38 -3.4e+38 -3.4e+38 -3.4e+38 -3.4e+38 -3.4e+38 -3.4e+38 -3.4e+38 -3.4e+38 -3.4e+38 -3.4e+38 6.57202577590942 6.10217189788818 5.63312578201294 6.34299087524414 6.30905818939209 6.20316410064697 6.7128791809082 6.5241641998291 5.05372190475464 3.06717205047607 3.17846202850342 3.10951399803162 1.59587705135345 1.48917698860168 1.55867099761963 0.169551104307175 0.40875768661499 -0.134218096733093 -0.919083774089813 -1.96040105819702 -1.43778705596924 -1.09704303741455 -1.40783703327179 -1.46706604957581 -1.21103203296661 -0.524180829524994 -0.945367872714996 -0.711976885795593 -1.27104997634888 -1.0239349603653 0.552851915359497
5.89105176925659 5.43590307235718 -3.4e+38 -3.4e+38 5.33610391616821 -3.4e+38 -3.4e+38 -3.4e+38 -3.4e+38 -3.4e+38 -3.4e+38 -3.4e+38 5.06625318527222 5.11519908905029 5.80613994598389 5.58393287658691 5.20874118804932 3.9659469127655 3.03902411460876 2.48995399475098 4.13937997817993 3.5843551158905 3.15111303329468 2.39678692817688 1.02565801143646 1.14587700366974 0.304311513900757 0.144818499684334 -0.36221119761467 -1.88509905338287 -2.14538908004761 -1.1982250213623 -1.19225597381592 -1.37437295913696 -0.67080420255661 -1.89884603023529 -2.76137900352478 -1.32948899269104 -1.69772696495056 -1.05662798881531 0.703085422515869 0.815709173679352 0.76114958524704 1.66780400276184 2.15774011611938 2.93106698989868
6.04034280776978 6.31781196594238 6.41172122955322 -3.4e+38 -3.4e+38 4.86923122406006 5.46923112869263 5.75986289978027 4.74619102478027 5.9026050567627 6.35179996490479 6.18734502792358 6.22078084945679 6.19514322280884 5.14078807830811 5.56338691711426 5.70832586288452 4.92713785171509 4.35653400421143 5.32277917861938 4.3237099647522 3.08048009872437 2.51410293579102 1.44310200214386 0.654466927051544 0.893672704696655 0.782768785953522 0.512217283248901 0.968186914920807 0.437480002641678 -0.911484599113464 -1.87428200244904 -0.320648789405823 0.516156613826752 -0.295057713985443 -0.690808475017548 -1.99937498569489 -1.74752700328827 0.0631038472056389 -0.0853311568498611 1.06687295436859 2.12683200836182 2.6377809047699 2.99569010734558 2.32582306861877 0.89018189907074
5.07923698425293 6.39511299133301 6.49466514587402 6.01842308044434 6.20130491256714 6.02805185317993 6.23790311813354 6.25446701049805 6.11882400512695 6.35144996643066 6.55144596099854 6.52328205108643 6.49537515640259 6.14050722122192 5.13534021377563 4.60383796691895 4.89923477172852 4.61744022369385 3.94116592407227 5.05233287811279 3.24228310585022 2.29032707214355 1.94907104969025 2.1870219707489 1.78041398525238 0.887328386306763 1.12810003757477 1.75210702419281 1.74549901485443 1.34963798522949 0.602303922176361 1.60247802734375 1.09157395362854 0.857301473617554 0.197498098015785 0.699146211147308 -0.336978912353516 -0.231255397200584 -0.385549992322922 0.617973387241364 1.75046503543854 1.71125900745392 1.57330799102783 2.68038201332092 2.07839798927307 0.435512691736221
5.78952789306641 5.96718597412109 5.30057907104492 4.29550790786743 5.63320016860962 5.76714515686035 6.09682083129883 6.24788284301758 6.44762706756592 6.59580183029175 5.83515691757202 4.88560819625854 4.21316814422607 2.34071111679077 -0.0523323081433773 3.69340801239014 4.28935480117798 2.79580307006836 2.58600091934204 3.83751392364502 3.64497709274292 3.33984303474426 2.34131693840027 2.58208894729614 2.99089789390564 2.13140392303467 1.91893494129181 3.30970692634583 3.58355903625488 3.23769903182983 2.97234511375427 2.75866603851318 2.29802799224854 0.770341515541077 1.7012859582901 0.324745804071426 0.632143914699554 -0.161095798015594 -1.63281202316284 0.863769173622131 0.548351883888245 0.290752291679382 0.26815539598465 2.4314820766449 1.9587299823761 0.312605798244476
5.71737098693848 4.9505090713501 5.13966989517212 5.45624017715454 5.0125150680542 5.28617286682129 4.74847412109375 5.08924007415771 4.78260183334351 4.55367708206177 5.20889711380005 3.8693790435791 4.10275506973267 3.10847806930542 2.01449489593506 0.765736877918243 1.84487199783325 1.25631904602051 1.66821396350861 1.76627397537231 1.25783503055573 0.917835414409637 0.826534628868103 0.744772672653198 1.18265998363495 0.685434222221375 0.354818105697632 0.660587310791016 1.61803197860718 2.22259092330933 2.04355907440186 2.31767606735229 1.93747901916504 1.75723695755005 1.59503304958344 1.52988004684448 1.06598305702209 -0.426113098859787 0.322541087865829 1.74923694133759 0.844303071498871 0.759237289428711 1.43529295921326 2.19205808639526 0.796088099479675 -0.158784598112106
2.93940401077271 4.37805986404419 5.2172679901123 4.81245279312134 5.16899013519287 4.97552919387817 4.98355722427368 5.2424521446228 4.83611679077148 3.32634401321411 3.28160810470581 3.75946998596191 3.07578611373901 3.02597999572754 2.60489702224731 2.44929504394531 2.18052792549133 0.613298118114471 0.689026474952698 1.2219330072403 1.21799004077911 1.33527994155884 1.46605098247528 1.48554396629333 1.85666704177856 2.16389203071594 2.21530199050903 2.13197493553162 2.32107090950012 2.36027693748474 2.97862505912781 2.17080593109131 1.79622399806976 2.21027708053589 0.704904973506927 1.02618396282196 -0.257627695798874 0.178738802671432 0.390915393829346 1.51589095592499 0.6638423204422 -0.0455419197678566 1.90080296993256 1.97366404533386 2.48472309112549 2.09976601600647
6.83907794952393 7.11166381835938 5.18452787399292 5.45712804794312 5.21943521499634 5.31543493270874 5.83456516265869 5.55468988418579 4.65206813812256 3.81022310256958 3.60413503646851 4.1933422088623 3.98750996589661 3.59925007820129 2.58107495307922 2.34134101867676 1.718013048172 1.3057450056076 0.968629598617554 1.17753005027771 1.15446698665619 1.06574094295502 0.804836511611938 1.32737004756927 1.51232600212097 1.66389203071594 1.44721901416779 1.39124894142151 1.86530196666718 2.6365339756012 2.87417411804199 2.43318390846252 1.77818596363068 1.7131439447403 0.593936920166016 1.11239504814148 0.81814581155777 0.75006228685379 0.66364997625351 1.80093896389008 0.783535778522491 1.33857905864716 1.58769905567169 0.156881898641586 -0.115351498126984 1.73948299884796
7.64509105682373 5.25660610198975 4.11784982681274 5.2354211807251 5.34195899963379 4.70375490188599 5.1723370552063 5.44101905822754 4.51179122924805 3.48260092735291 2.15919804573059 2.79257202148438 2.79859805107117 1.83779501914978 2.76578593254089 1.67437601089478 1.78605103492737 0.724991917610168 0.803431212902069 1.56950998306274 0.331578105688095 0.0401676893234253 0.853316485881805 1.07444000244141 1.56373703479767 1.84853804111481 1.91686797142029 1.82898104190826 1.52312099933624 1.92736995220184 2.86239099502563 2.50300693511963 1.99503302574158 1.14453101158142 0.408980399370193 0.731778085231781 0.587593078613281 1.01981997489929 1.86129403114319 1.65527904033661 0.595804572105408 0.82023161649704 0.0827649980783463 0.0250107701867819 0.396973103284836 0.797238111495972
6.72743082046509 5.29525995254517 6.25198221206665 6.4798378944397 6.28080081939697 4.82572412490845 4.72653102874756 5.13883018493652 4.89992618560791 3.51522302627563 3.27676200866699 1.77048003673553 2.70942902565002 1.88849294185638 2.91558504104614 1.23785305023193 2.11646604537964 1.6778769493103 1.55631601810455 1.29552102088928 1.08446300029755 0.620674312114716 0.914174973964691 0.553271472454071 1.26080703735352 1.72888994216919 2.04712796211243 2.28318500518799 2.34681797027588 1.82014405727386 2.43362307548523 2.66518402099609 2.37403798103333 1.34774398803711 0.763978481292725 0.641071081161499 0.365123808383942 0.87272310256958 0.797415018081665 1.58867001533508 1.44329404830933 0.246333494782448 -0.338202685117722 0.253052294254303 0.348602712154388 1.14184296131134
8.29399967193604 7.60624599456787 7.65724897384644 6.76316595077515 4.91918611526489 6.34252500534058 5.84277486801147 4.08128213882446 3.15919804573059 3.39814710617065 3.20391607284546 2.78201794624329 2.61545491218567 2.74812293052673 1.79582703113556 2.45756602287292 1.84959197044373 1.23873496055603 1.50040996074677 1.94122695922852 1.61496901512146 1.33761203289032 0.575033128261566 -0.120781198143959 0.73822808265686 1.51060605049133 1.96490097045898 2.11065101623535 2.33807301521301 2.56978893280029 2.59417104721069 2.40471911430359 2.22881698608398 1.92864394187927 1.23397505283356 1.04309296607971 0.606398105621338 0.761221885681152 1.09439396858215 1.36483597755432 1.08910894393921 1.67888903617859 1.83245801925659 1.83732795715332 1.11160099506378 1.05735194683075
8.26608467102051 8.08957672119141 6.17947483062744 5.16893100738525 6.55539083480835 7.24448585510254 6.06918001174927 4.89201402664185 4.89758920669556 4.49788999557495 4.64819192886353 4.22078084945679 3.39311408996582 3.30395603179932 3.99452590942383 3.27291989326477 1.76327204704285 0.186950400471687 1.52783095836639 1.73809599876404 1.53961598873138 1.7664430141449 1.5693279504776 0.811199605464935 0.799086511135101 0.671619594097137 0.169990405440331 1.23529803752899 1.78095805644989 1.90978896617889 2.4052939414978 2.35220909118652 1.94130504131317 1.34386098384857 0.625294625759125 1.38273799419403 1.37361896038055 1.28110897541046 1.49505198001862 1.64100301265717 1.15027701854706 0.260541498661041 1.16730499267578 1.88906705379486 2.40431094169617 1.76358497142792
9.12708759307861 7.57300901412964 7.12967300415039 7.36843299865723 7.60612010955811 7.49743413925171 7.07369709014893 6.23040819168091 5.60259485244751 6.56927490234375 5.7584810256958 5.43683910369873 4.89889192581177 4.54446315765381 4.5944619178772 2.96820497512817 2.57558488845825 2.98291897773743 1.64868903160095 0.951774179935455 1.7743079662323 1.57441699504852 2.23038697242737 2.12822794914246 1.4324779510498 1.45228099822998 0.931113123893738 1.12833797931671 1.5585800409317 1.89333498477936 2.4221670627594 2.28302597999573 1.87355101108551 1.30639505386353 1.15141499042511 0.928087294101715 1.49041998386383 1.74361395835876 1.77908194065094 1.81978905200958 1.79468095302582 0.741422712802887 0.0157857704907656 0.894882321357727 1.50279104709625 2.26678109169006
9.65474796295166 8.65067481994629 6.80687808990479 6.08035898208618 7.86697912216187 7.20849895477295 7.74330377578735 7.95001316070557 7.5561671257019 6.17354011535645 5.11369514465332 5.90822696685791 5.23152208328247 4.76122617721558 4.09884786605835 4.18208503723145 3.84512400627136 2.41913199424744 1.97631096839905 1.76122200489044 1.88516497612 0.576991081237793 1.67745697498322 1.6027660369873 1.81009995937347 0.979593515396118 2.2769730091095 2.33792209625244 2.32408809661865 1.24228000640869 1.39500999450684 1.90855300426483 1.76987195014954 1.39517998695374 1.09701001644135 1.07526695728302 1.53638899326324 1.80451798439026 1.84260499477386 1.91115295886993 2.04635691642761 1.89210796356201 0.790058374404907 -0.0887730792164803 0.90688568353653 0.998231887817383
8.87637424468994 9.07762432098389 8.00592136383057 6.66227293014526 6.91054821014404 5.9799919128418 5.02433586120605 4.5906867980957 5.8672571182251 7.9769549369812 7.1335768699646 5.01439189910889 4.40970611572266 4.48506021499634 4.75739192962646 4.47562980651855 4.14816379547119 2.37201595306396 2.22348999977112 2.59470391273499 2.54758906364441 -0.0548803806304932 1.73003101348877 1.91073894500732 1.23311698436737 0.598314583301544 -0.247344598174095 2.49574089050293 2.63373708724976 1.90915405750275 1.3482049703598 1.4066389799118 1.41760301589966 1.26760399341583 1.16681396961212 1.42117202281952 1.52421200275421 1.62306702136993 1.72474098205566 1.84747505187988 2.02990293502808 2.09530210494995 2.01605105400085 1.24157798290253 1.18413400650024 0.916470408439636
8.10428619384766 8.4211483001709 8.94367694854736 8.08295917510986 6.90091800689697 6.8759651184082 7.1745548248291 5.97837591171265 5.61713886260986 3.64979696273804 6.94537115097046 6.91840791702271 4.38669013977051 4.91492795944214 5.3178129196167 4.1010479927063 3.58155488967896 4.318030834198 3.32232594490051 1.61556303501129 2.21571803092957 1.93668496608734 1.51194798946381 2.47582793235779 2.41073894500732 2.55507898330688 1.30952894687653 -0.50027459859848 1.64873504638672 1.60470402240753 1.6068400144577 1.35820496082306 1.01663994789124 0.99589079618454 1.33802700042725 1.52168297767639 1.06209897994995 1.47751605510712 1.56262803077698 1.61571395397186 1.89794099330902 1.96763503551483 1.78408896923065 1.5321489572525 0.365740805864334 -1.08405900001526
9.2317476272583 8.67069530487061 9.03720378875732 9.28169918060303 8.59902477264404 7.32585477828979 6.54393911361694 6.12292623519897 5.73838520050049 5.01353979110718 4.17521476745605 4.70063304901123 6.26598787307739 4.99832010269165 4.00408792495728 3.92232704162598 4.25424194335938 3.37798500061035 3.79333901405334 3.62657499313354 2.73375391960144 1.62133204936981 1.17703700065613 1.27567195892334 3.40340399742126 0.595275402069092 1.26073801517487 1.12604701519012 -0.38051649928093 0.537830412387848 -0.0520142316818237 -0.814437687397003 -1.11302804946899 -0.736044585704803 1.28565299510956 1.44001197814941 0.659569203853607 1.0835770368576 1.31989800930023 1.23657202720642 1.35789501667023 1.32020902633667 1.25065195560455 -0.0783350020647049 -1.76036202907562 -2.78458905220032
