ENMTML/All_vars/Predictors/EUR_only/bio10.asc
NCOLS 440 
NROWS 275 
XLLCORNER -11.5 
YLLCORNER 25.4999999994691 
CELLSIZE 0.166666666666667 
NODATA_value -3.4e+38 
[rows 84 to 104 of 275, columns 376 to 422 of 440]
16.9538497924805 16.8371505737305 16.9175205230713 16.918119430542 16.8300800323486 16.6438007354736 16.6604499816895 16.6466808319092 16.556360244751 16.2573699951172 16.3211402893066 16.3211402893066 16.3043899536133 16.4336490631104 16.5502891540527 16.4681606292725 16.5692806243896 16.5388603210449 16.6083393096924 16.6221103668213 16.4221096038818 16.3899803161621 16.5802993774414 16.7124290466309 16.4950904846191 16.5646705627441 16.5646705627441 16.0824394226074 15.5824298858643 15.682430267334 15.8854103088379 15.9979200363159 16.0824394226074 16.0186595916748 15.9656801223755 15.611590385437 15.5478200912476 15.7763204574585 15.6918601989746 15.4899997711182 15.4376201629639 15.284049987793 15.2810697555542 15.2132997512817 15.1114902496338 15.1114902496338 15.1418695449829
17.0579490661621 17.0413398742676 16.9538497924805 16.7716102600098 16.7467803955078 16.7134304046631 16.8134307861328 16.6811904907227 16.6311893463135 16.5782108306885 16.6907196044922 16.7241191864014 16.7199802398682 16.5681591033936 16.6222591400146 16.7222595214844 16.7418308258057 16.7888603210449 16.7114105224609 16.7084407806396 16.7957801818848 16.7623805999756 16.7957801818848 16.3957805633545 16.3117904663086 16.3980197906494 16.5372200012207 16.1991291046143 15.865779876709 15.4854097366333 15.7854099273682 15.9549903869629 16.1354103088379 15.9686603546143 15.8186597824097 15.5166997909546 15.3989295959473 15.7292003631592 15.6792001724243 15.6577596664429 15.5025100708008 15.2036199569702 15.0810699462891 15.2006998062134 15.2310695648193 15.1810703277588 15.3280897140503
17.1246891021729 17.1217193603516 17.1411895751953 17.0734806060791 16.9831008911133 17.0038509368896 16.8467807769775 16.8645496368408 16.7145404815674 16.7604503631592 16.8282108306885 16.9085903167725 16.7740707397461 16.7907199859619 16.7240695953369 16.7418403625488 16.9418392181396 16.9614105224609 16.9263000488281 16.69407081604 16.5832691192627 16.4981708526611 16.4332294464111 16.314769744873 16.3539695739746 16.368860244751 16.5217399597168 16.1383399963379 16.0728492736816 15.7883396148682 15.9717397689819 15.9865303039551 16.0412101745605 16.1061096191406 15.8882398605347 15.5559997558594 15.3000497817993 15.4500503540039 15.5625495910645 15.4136695861816 15.4095697402954 15.4065999984741 15.2566003799438 15.4174003601074 15.471489906311 15.5989398956299 15.5989398956299
17.0287799835205 17.0569190979004 17.0579395294189 17.1549606323242 17.1549606323242 17.0176105499268 16.9538497924805 16.9675197601318 16.8478908538818 16.8949108123779 16.8283100128174 16.9449100494385 16.9919395446777 16.7615604400635 16.8240699768066 17.0447692871094 17.1144008636475 16.9614105224609 16.8655109405518 16.75172996521 16.7528495788574 16.6677398681641 16.5862007141113 16.4695491790771 16.3884391784668 16.3235492706299 16.4080696105957 16.3608894348145 16.2061996459961 16.0603008270264 16.1286506652832 15.9894504547119 16.0107898712158 16.0607891082764 15.8738698959351 15.6071195602417 15.2696304321289 15.2011604309082 15.2987804412842 15.3940896987915 15.5899496078491 15.6065998077393 15.5036201477051 15.2703695297241 15.3048896789551 15.456000328064 15.3489398956299
17.1746501922607 17.1235294342041 17.0091590881348 17.0901794433594 16.8246898651123 16.987190246582 17.0687294006348 16.8508701324463 16.9163608551025 16.9978904724121 17.0645008087158 17.1937408447266 16.8967800140381 16.9075202941895 16.9430599212646 17.1281700134277 17.1811008453369 16.8488597869873 16.7333793640137 16.7861995697021 16.9862003326416 16.7861995697021 16.6403007507324 16.6914196014404 16.5914192199707 16.5591793060303 16.427640914917 16.3276405334473 16.2787609100342 16.4453601837158 16.3935394287109 16.1286506652832 16.0786590576172 16.0256805419922 15.9619102478027 15.542329788208 15.3196296691895 15.2374897003174 15.1725101470947 15.6236295700073 15.6147899627686 15.6261701583862 15.6940402984619 15.6285600662231 15.4577198028564 15.2714796066284 15.2048797607422
17.3650703430176 17.1943702697754 17.1972408294678 17.0610103607178 16.9735298156738 17.0067691802979 17.1187305450439 16.9549598693848 16.9842205047607 17.1187305450439 17.3145904541016 17.0812397003174 17.0323600769043 16.9948692321777 17.0840702056885 17.1353397369385 17.2656097412109 17.2030506134033 16.9892807006836 17.0708198547363 16.9088592529297 16.8903999328613 16.8432807922363 16.9622592926025 16.9288597106934 16.8973197937012 16.860990524292 16.7138195037842 16.5983390808105 16.6983394622803 16.3661003112793 16.363130569458 16.2327499389648 16.0463790893555 15.9130296707153 15.6630296707153 15.4237203598022 15.2599496841431 15.2265996932983 15.6039896011353 15.7862300872803 15.5832500457764 15.6470203399658 15.6440401077271 15.8285598754883 15.6923303604126 15.7744703292847
17.5652103424072 17.4806003570557 17.2650699615479 17.1954898834229 17.1746406555176 17.0246391296387 17.0091590881348 17.1067695617676 17.1716594696045 17.2383098602295 17.4078903198242 17.3353290557861 17.3168697357178 17.2186794281006 17.2049102783203 17.1589107513428 17.0726795196533 17.2392807006836 17.3463592529297 17.3088607788086 17.2088603973389 17.1962108612061 17.1629600524902 17.0491905212402 16.8818397521973 16.8180694580078 16.8150901794434 16.7359409332275 16.7484397888184 16.8042507171631 16.731689453125 16.4339809417725 16.4315891265869 16.2826995849609 15.9286098480225 15.8434000015259 15.6492500305176 15.3778095245361 15.32483959198 15.5248403549194 15.8999996185303 15.8207502365112 15.75 15.8636703491211 15.7619104385376 15.8285598754883 15.7440500259399
17.4846992492676 17.6650695800781 17.4150695800781 17.5109691619873 17.4109706878662 17.291389465332 17.3746490478516 17.4246501922607 17.2412891387939 17.4061794281006 17.5716209411621 17.385440826416 17.1531505584717 17.30491065979 17.1697998046875 17.2560291290283 17.2601299285889 17.4601306915283 17.4571495056152 17.1808204650879 17.0629501342773 17.0629501342773 17.0473194122314 17.0163097381592 17.1192798614502 17.0192909240723 16.9710006713867 16.9417400360107 17.0572299957275 16.9238700866699 16.6524295806885 16.4524307250977 16.4202003479004 16.3856906890869 16.2034492492676 15.9993495941162 15.9463796615601 15.7141399383545 15.7456798553467 15.7581901550293 15.8581895828247 16.0552597045898 16.0541000366211 15.9648895263672 15.9303703308105 15.8453102111816 15.7453098297119
17.5473003387451 17.78590965271 17.7013893127441 17.4650707244873 17.3150691986084 17.4258594512939 17.6443195343018 17.6758594512939 17.705020904541 17.7798595428467 17.7745990753174 17.4757595062256 17.3561305999756 17.4757099151611 17.6757202148438 17.726879119873 17.6612396240234 17.5934791564941 17.5296993255615 17.3451900482178 17.2670497894287 17.2503890991211 17.2211399078369 17.3544902801514 17.337739944458 17.2399806976318 17.2418308258057 17.1750907897949 17.0095996856689 16.9262104034424 16.7398796081543 16.5387592315674 16.576099395752 16.4565200805664 16.2356796264648 16.1200504302979 15.9004697799683 15.7142400741577 15.5641403198242 15.3749399185181 15.9933996200562 16.1570701599121 16.221960067749 16.2374496459961 16.0719604492188 15.9471197128296 15.7286596298218
17.5330295562744 17.9192600250244 17.7318096160889 17.6318206787109 17.828929901123 17.8329296112061 17.8299598693848 17.7426109313965 17.5620899200439 17.4120903015137 17.6728801727295 17.7798595428467 17.7602291107178 17.8608303070068 17.7643203735352 17.5768795013428 17.600549697876 17.6975708007812 17.7492809295654 17.6641693115234 17.6837501525879 17.6252307891846 17.4878406524658 17.3585891723633 17.3907203674316 17.1948108673096 17.1222190856934 17.059549331665 16.9291706085205 16.8613204956055 16.7583408355713 16.7083301544189 16.5731296539307 16.4076404571533 16.4742393493652 16.200569152832 15.821310043335 15.6159496307373 15.543399810791 15.3434000015259 15.9434003829956 15.9945096969604 16.1111698150635 16.3719596862793 16.2053108215332 16.0816402435303 16.1327590942383
17.836009979248 17.784740447998 18.0151596069336 17.965160369873 17.6329307556152 17.5829296112061 17.6455307006836 17.5269794464111 17.4829292297363 17.7799491882324 17.7632102966309 17.5810699462891 17.7740001678467 17.7798099517822 17.6643199920654 17.493579864502 17.6493892669678 17.6671504974365 17.5182590484619 17.5712394714355 17.622350692749 17.7348709106445 17.5240707397461 17.5604000091553 17.390079498291 17.312629699707 17.3184795379639 17.1625308990479 17.0981597900391 16.9987506866455 16.7291698455811 16.6594505310059 16.7594509124756 16.5064792633057 16.121410369873 16.1701507568359 16.0701503753662 15.9791297912598 15.9791297912598 15.7642402648926 16.0750408172607 15.9887104034424 16.3761596679688 16.3387107849121 16.221960067749 16.0160999298096 15.9827499389648
18.1555805206299 17.9055805206299 17.8871192932129 17.952600479126 17.8162803649902 17.8037700653076 17.6173992156982 17.4662799835205 17.7300491333008 17.7506504058838 17.7155799865723 17.8976707458496 17.6827907562256 17.4810695648193 17.5298099517822 17.7006492614746 17.6879901885986 17.4339008331299 17.6046390533447 17.550500869751 17.555700302124 17.6408195495605 17.5109195709229 17.5263996124268 17.5156097412109 17.6977405548096 17.4529495239258 17.3833694458008 17.3350791931152 17.183219909668 16.9802894592285 16.7302894592285 16.7302894592285 16.4594497680664 16.190990447998 15.9701499938965 15.871319770813 15.6350898742676 15.7350902557373 16.1683406829834 16.26535987854 16.0612602233887 16.4405193328857 16.2554092407227 16.2720603942871 16.0387096405029 15.9535999298096
18.0889301300049 17.8526096343994 17.6371192932129 17.5841407775879 17.8673992156982 17.952600479126 17.66628074646 17.4007892608643 17.6466503143311 17.66628074646 17.7644195556641 17.8995304107666 17.8506507873535 17.3987903594971 17.5310192108154 17.7172508239746 17.6517601013184 17.4391002655029 17.45458984375 17.5724506378174 17.5086803436279 17.4556999206543 17.4598007202148 17.5907707214355 17.7656097412109 17.7656097412109 17.5322093963623 17.6362991333008 17.2350807189941 17.1196002960205 17.1361999511719 17.2653503417969 17.2791194915771 17.0968894958496 16.8773097991943 16.3421096801758 15.7868995666504 15.9035501480103 16.0350894927979 15.9280099868774 15.9332304000854 16.263650894165 16.2595500946045 16.4076900482178 16.4024791717529 16.1024799346924 16.2387104034424
18.1889305114746 18.1049900054932 17.9215908050537 17.8037204742432 17.6525993347168 17.9233493804932 17.7174892425537 17.3996200561523 17.5352592468262 17.4852600097656 17.717399597168 17.7674007415771 17.9880905151367 17.5351104736328 17.6351108551025 17.7666492462158 17.5028800964355 17.4213409423828 17.4224491119385 17.5431995391846 17.4557094573975 17.562780380249 17.7116107940674 17.7656097412109 17.683479309082 17.8197002410889 17.7726306915283 17.7892799377441 17.5719394683838 17.3902893066406 17.3999691009521 17.5636005401611 17.5166206359863 17.3468894958496 17.2106609344482 17.0928001403809 16.5380096435547 16.138069152832 16.3987998962402 16.2487106323242 16.1624794006348 16.2291297912598 16.0583801269531 15.7065696716309 16.1595497131348 15.6347198486328 15.5673599243164
18.0722808837891 18.1538200378418 18.1508407592773 17.8538208007812 17.7674903869629 17.7371196746826 17.8990306854248 17.8352603912354 17.6174907684326 17.4185104370117 17.5186100006104 17.5655307769775 17.7685108184814 18.0546894073486 17.8196296691895 17.7707405090332 17.5058498382568 17.470739364624 17.3379898071289 17.4694805145264 17.4431495666504 17.5461292266846 17.8461303710938 17.6334705352783 17.7168292999268 17.8685398101807 17.8570499420166 17.8600196838379 17.8903999328613 17.5874195098877 17.6570491790771 17.7570495605469 17.4677391052246 17.3647594451904 17.4606609344482 17.4909400939941 17.3421096801758 16.371410369873 16.1029491424561 16.1322002410889 15.9969902038574 16.1613597869873 15.907790184021 15.9554004669189 15.3007202148438 15.1703395843506 14.9662504196167
18.0912609100342 18.0579109191895 18.1038208007812 18.0698204040527 17.8686103820801 17.7031307220459 17.4531307220459 17.8174896240234 17.7674903869629 17.6174907684326 17.3863792419434 17.5352592468262 17.7363796234131 17.8334007263184 18.1737194061279 17.6684608459473 17.7540893554688 17.6225490570068 17.4069690704346 17.5903205871582 17.8265495300293 17.8764991760254 17.667989730835 17.701940536499 17.7501697540283 17.7767696380615 17.7571506500244 17.7070999145508 18.0070991516113 17.9237499237061 17.8540706634521 17.6195507049561 17.5010890960693 17.6981105804443 17.5814208984375 17.292200088501 16.93922996521 16.0851802825928 15.2792301177979 15.3137397766113 15.510760307312 15.7607698440552 15.659649848938 15.6566696166992 15.6733198165894 15.37034034729 14.5162496566772
18.3384304046631 18.2032203674316 18.250940322876 17.9579105377197 18.0687007904053 17.9519500732422 17.7215900421143 17.536470413208 17.7531299591064 17.3863792419434 17.5208892822266 17.6019496917725 17.9018592834473 18.1070709228516 17.9737205505371 18.0725498199463 17.977819442749 17.8403205871582 17.5725498199463 17.6628799438477 17.9444198608398 17.7151107788086 17.6472492218018 17.5835704803467 17.8541698455811 17.9709205627441 17.8904991149902 17.9767208099365 18.1129493713379 18.0069999694824 17.9052791595459 17.6982192993164 17.7982196807861 17.665979385376 17.3451805114746 17.3785305023193 16.921459197998 16.3196506500244 15.7822103500366 15.698860168457 14.8734197616577 15.0244398117065 15.2382097244263 14.6078395843506 14.3449096679688 14.5800304412842 13.8615598678589
18.2050304412842 18.0591297149658 18.0716800689697 18.1728000640869 17.9394493103027 18.0032196044922 17.7853603363037 17.8519496917725 17.6186103820801 17.5376396179199 17.6374893188477 17.8542404174805 17.7874908447266 18.1708507537842 17.5679206848145 17.7374401092529 17.8737201690674 17.8207397460938 17.356969833374 17.7759609222412 17.8944206237793 17.6651096343994 17.916820526123 18.0180797576904 18.2025508880615 17.8179397583008 17.9375190734863 18.0405006408691 17.8875198364258 17.8875198364258 18.0219306945801 18.0874195098877 18.0708198547363 17.9309196472168 17.5630493164062 17.2393207550049 16.8363990783691 16.4030494689941 16.3000793457031 15.7470998764038 15.2079401016235 14.8079395294189 13.9324102401733 14.2716102600098 14.8008699417114 15.0841197967529 14.9829998016357
18.3395004272461 18.3199195861816 18.3198204040527 18.1895503997803 18.0865707397461 18.0365695953369 17.9198799133301 17.8002490997314 17.9139099121094 17.786470413208 17.7691307067871 17.652530670166 17.9374904632568 18.1708393096924 17.8915901184082 17.7023792266846 17.4052104949951 17.7915897369385 17.3552093505859 17.2081909179688 17.5259609222412 17.9455299377441 17.9788799285889 18.2496204376221 18.0466003417969 18.0346908569336 18.1191997528076 17.9012908935547 17.9541702270508 17.7857093811035 17.8368301391602 18.1857109069824 18.0827293395996 17.7464008331299 16.8727207183838 16.5042591094971 16.1834297180176 16.0375194549561 16.6530494689941 15.5305004119873 15.341290473938 14.122730255127 13.9824104309082 14.6519804000854 15.3549604415894 15.340069770813 15.0478897094727
18.472900390625 18.722900390625 18.5061492919922 18.5406608581543 18.4906692504883 18.4365692138672 18.1847095489502 18.2347106933594 18.0698204040527 18.0013599395752 17.9375896453857 18.0328998565674 18.0316295623779 18.3208408355713 18.0846099853516 17.8553600311279 17.7053604125977 17.4897308349609 17.5248394012451 17.2397308349609 17.475959777832 17.7789306640625 18.3633995056152 18.2454795837402 17.9328804016113 18.0984592437744 18.1817092895508 18.0839996337891 17.9132499694824 17.8172492980957 18.1994705200195 18.1464996337891 17.7642707824707 17.4768199920654 16.8405990600586 16.9893798828125 15.8668203353882 16.2471904754639 15.9638500213623 15.9412899017334 15.1579399108887 14.5687303543091 14.6687297821045 15.2657604217529 14.9353799819946 15.0990104675293 15.9549598693848
18.9230003356934 18.7002906799316 18.4210395812988 18.4199199676514 18.3222007751465 18.3014602661133 18.3514595031738 18.4043407440186 18.3388595581055 18.337589263916 18.23996925354 18.199499130249 18.1524791717529 18.087589263916 18.2994995117188 18.0357303619385 17.8368892669678 17.6534996032715 17.706470489502 17.5212707519531 17.725959777832 17.9633903503418 18.2466506958008 18.3770198822021 17.9811592102051 18.2299995422363 18.0317096710205 17.9799995422363 17.8994808197021 18.0810203552246 18.3810195922852 18.1424007415771 17.6239490509033 16.8250999450684 16.2995700836182 16.8542594909668 16.11794090271 15.7454795837402 15.84547996521 15.8942699432373 15.5061798095703 15.6412897109985 16.0424098968506 15.6871900558472 15.2394800186157 15.7519798278809 16.134220123291
