ENMTML/All_vars/Predictors/EUR_only/bio12.asc
NCOLS 411 
NROWS 214 
XLLCORNER -11.5 
YLLCORNER 35.666666666112 
CELLSIZE 0.166666666666667 
NODATA_value -3.4e+38 
[rows 115 to 137 of 214, columns 102 to 152 of 411]
785 788.000122070312 798.000183105469 773.999877929688 764.999877929688 767 768.999816894531 777.000183105469 790.00048828125 798.000305175781 813.000427246094 803.999572753906 788 792 814 835.000183105469 848.999694824219 849.000671386719 817.000122070312 805.999816894531 824 830.000183105469 772 731.000183105469 762.999877929688 711.000183105469 743.999877929688 709.999877929688 705 668.999816894531 619.999877929688 597.000122070312 575.999877929688 554 547.999816894531 525.000305175781 502 493.000091552734 503.999694824219 517 534 558 559.999877929688 558.999877929688 558.999694824219 559.999877929688 558.000122070312 559.000427246094 554.999877929688 553.000122070312 548.000183105469
780.999877929688 775.000122070312 767.999877929688 763.000122070312 764.999389648438 764 773 786.999816894531 798.000427246094 811.000122070312 825.000183105469 816.000122070312 802 802.000305175781 810.999877929688 820 821.000122070312 820.000122070312 834.000183105469 840.999877929688 847.000183105469 803.999694824219 815.000183105469 772.99951171875 782.999694824219 785 754.999877929688 749.000122070312 861.999389648438 852.999572753906 741.999877929688 618.000183105469 581.999816894531 542.000122070312 529.000183105469 512.999816894531 496.000091552734 485.999908447266 487 498.000213623047 512 528.000122070312 545.999877929688 554.999694824219 560.000122070312 566.000183105469 572.999877929688 577.999877929688 568 556.999877929688 555
775 769.999694824219 772.000122070312 768.000122070312 766 767.999877929688 776.999816894531 795.000305175781 810.000183105469 818.000305175781 812.999877929688 806.000122070312 810.000122070312 810.999877929688 821 836.999694824219 824.999572753906 807.000427246094 803.000183105469 812.999877929688 896.000183105469 825 798.999877929688 777.000122070312 877 786.999694824219 698.000122070312 732.999694824219 857.999694824219 1074 1118 872.000183105469 724.999877929688 614.000183105469 556.999877929688 528.000122070312 507 483.000213623047 484.999786376953 492.000091552734 503.000091552734 516.999877929688 540.999877929688 541 548.000122070312 560.000305175781 564.999877929688 579.000183105469 585.000183105469 576.000122070312 575.000122070312
770.000427246094 772.000427246094 770 767.000122070312 769.999816894531 779.999877929688 787.000122070312 800.999877929688 818 817.000305175781 824 816.000183105469 814 820.999694824219 828.000122070312 835.999816894531 851.999877929688 875.999877929688 885.999877929688 902.999877929688 909.000122070312 819.000427246094 786 749 756.999816894531 761.000183105469 694.999816894531 736.999877929688 688.000305175781 760.999816894531 755 723.999816894531 726 689.000122070312 628.000427246094 577.999816894531 531 506.000213623047 492.000305175781 492.000091552734 500.999908447266 512.000183105469 535.000122070312 548.999877929688 551.999877929688 561.000122070312 568 579.000427246094 583.000122070312 590.999572753906 591.000183105469
773.000122070312 772.000427246094 772.999877929688 768.999877929688 779.99951171875 784.999877929688 797.000305175781 806.999816894531 836.999694824219 853.000183105469 860.999877929688 861.000305175781 864.000122070312 903.999694824219 914.999816894531 941 987.99951171875 1016 1037 993.999816894531 902.999877929688 802.999877929688 794 755 753.000305175781 751.000122070312 702.000183105469 743.000122070312 759 760.999816894531 711 633.999572753906 572.999877929688 556.000122070312 517.999877929688 542.000122070312 534.999877929688 506.999786376953 492.000091552734 493 506.999908447266 525 537.000183105469 549 565.999816894531 576.000122070312 570.000122070312 579.000122070312 591.000122070312 594 593.000122070312
783.000122070312 773.000183105469 766.999877929688 777.000122070312 791.999816894531 795.999877929688 800.000122070312 805.999877929688 844.99951171875 898.999877929688 930 964.000122070312 966.999694824219 979.000305175781 973.999877929688 1026 1027.0009765625 1163 1185 1006 886.999877929688 845.999877929688 797.000183105469 733.999572753906 741.999877929688 813.000427246094 728.999816894531 719.999206542969 778.000183105469 695 638.000122070312 601.999572753906 561.000122070312 520.000122070312 527 551.999877929688 549 537.000122070312 514.000122070312 513.000183105469 516.000183105469 528 542.999877929688 556.999816894531 579.000183105469 583.999877929688 583.000122070312 589.999877929688 605.000122070312 619 624.999877929688
800.999694824219 771.999694824219 768.999877929688 779.000427246094 798 806.999877929688 800.999816894531 795.999694824219 795 844 894.999877929688 916 950.000305175781 993 967.999572753906 1005 1085 1113 1042 895.000305175781 883.999694824219 844.999877929688 711.000305175781 697.000305175781 716.000122070312 737.000122070312 699.999572753906 706.999877929688 661.000122070312 665.999816894531 590 557.000183105469 510.000213623047 500 538 553.999816894531 572 572.000122070312 566.999877929688 552.000122070312 538.999572753906 540.999877929688 555.000122070312 572.999877929688 599 604.999877929688 620.000122070312 627.000122070312 624.000305175781 616.000183105469 632.999877929688
813.999694824219 791.999877929688 809.000122070312 819.000183105469 813.000183105469 806.000122070312 793.999877929688 796.99951171875 776.999572753906 780.000183105469 822 845 861.000183105469 902 904.999816894531 918.000427246094 1041 977.000305175781 898.000305175781 810 783.000183105469 770.999816894531 698.999572753906 769.999694824219 748.999694824219 674.999572753906 701.000122070312 644.999877929688 656.000183105469 702.000305175781 633.000183105469 580.000183105469 537.999877929688 560.999877929688 592.000122070312 614.000122070312 608.999816894531 611.000183105469 611 586.999877929688 582.999816894531 568.000122070312 577 598.000122070312 611.000305175781 633.000122070312 663.999816894531 671.999694824219 675.000122070312 654.000305175781 615.999816894531
848.999877929688 859.999877929688 907.999877929688 911.000122070312 927.000122070312 884.999816894531 821.000122070312 792.999816894531 780.999572753906 754.000122070312 772.999694824219 798.000427246094 802.999877929688 809.000122070312 878.999572753906 938 871.000122070312 892 816.000183105469 753.000610351562 744.999816894531 739.999816894531 716.999816894531 720.99951171875 674.000122070312 685.000122070312 688 723.999816894531 662.999694824219 677.000122070312 789.000122070312 760.000183105469 649.999877929688 622.000183105469 622.999816894531 621.999816894531 610.999816894531 652.000122070312 646.000183105469 611.999877929688 611.999877929688 590.99951171875 604.000122070312 635.999877929688 653.999877929688 669.999816894531 691.000122070312 721.999877929688 761.000183105469 741.999877929688 676.000427246094
897 967.999328613281 1022 1134 1147 1021 927.999816894531 867.999877929688 831.000427246094 784.999694824219 751.999877929688 781.000183105469 784.999816894531 801.999877929688 858.000183105469 867.000122070312 802.00048828125 747.999877929688 738.000122070312 716.999877929688 721.00048828125 753.000122070312 841.000427246094 728.99951171875 681.999816894531 689.000122070312 785 820.000305175781 716.000122070312 652.000122070312 671.000122070312 758.999877929688 801.000183105469 748 738.000122070312 665.000122070312 708.000183105469 702.000122070312 694.000427246094 657.999877929688 633.000122070312 652.999877929688 664.999816894531 689.999877929688 731.000427246094 735.000122070312 788.999877929688 743.999877929688 651.999877929688 584.999877929688 589
942.999572753906 1037 1102 1135 1148 1079 990.000183105469 907.000183105469 858.999877929688 880 763.999816894531 692.999877929688 686.999877929688 755.999877929688 714.999877929688 669.000427246094 700.999816894531 750 760.000122070312 687.000427246094 662.999694824219 703.000122070312 777 752.000183105469 710 750.999572753906 879.000305175781 768.999877929688 636.000183105469 634 640.000183105469 652.000122070312 704.999816894531 759.999816894531 758.999877929688 767.000427246094 772.99951171875 738.000427246094 736 675.999572753906 673.000122070312 756 821.999877929688 831.000122070312 858.999816894531 768.999877929688 675.999877929688 593 567.999877929688 556 547.999877929688
1006 1087 1054 1031 1002 986.999816894531 909.000305175781 882.999877929688 857.000122070312 818.999816894531 725.999816894531 687.000122070312 694 701.999694824219 718.99951171875 698.999694824219 713.000183105469 819.999694824219 732.000122070312 664.999816894531 659.000122070312 661.999816894531 687.999694824219 709.000427246094 709 721.999877929688 733.000122070312 648.000183105469 629 631 631 625.000427246094 627.00048828125 637.000122070312 642 697.000122070312 761.000305175781 763 728.999877929688 727.999877929688 701.000305175781 673 669.999694824219 645 639.999877929688 725.999572753906 655 581.000122070312 579.999816894531 587.999877929688 569
1013 1002 964.000122070312 919 915 853.999572753906 820 784.999572753906 755.999816894531 714.00048828125 701.999572753906 731 756.999816894531 686.000122070312 710.000183105469 690.000183105469 628 625.999816894531 634.000122070312 656 644 664.999877929688 708.000183105469 748 710.999877929688 657.000122070312 637.000122070312 636.000183105469 631.999877929688 634.999572753906 633.999877929688 642.999877929688 629.000122070312 673.999816894531 676.000183105469 659.999572753906 677.999877929688 767.999877929688 773.000122070312 696.999877929688 656.000122070312 600.999877929688 663.000122070312 735.999877929688 705.999877929688 696.999816894531 656.999816894531 636.999877929688 621.000183105469 597 576.000183105469
1070 999 921.999877929688 854.999572753906 806.000183105469 760.000122070312 734 717.999877929688 682.999816894531 720.999877929688 759.999694824219 717.000183105469 752 689.000305175781 583.000183105469 594.000122070312 585.000122070312 583.999877929688 626.000122070312 671 665.000305175781 656.999877929688 702.000183105469 760.000183105469 684.000427246094 648.000183105469 649.000122070312 628.000305175781 604.00048828125 639.000122070312 660.999816894531 644.000183105469 638.000122070312 704.000122070312 695.000122070312 694.000305175781 673.999816894531 717.999694824219 719.999877929688 713.999877929688 650.999877929688 678.999877929688 686.999877929688 670.000183105469 683.000122070312 678 661.999877929688 632.000183105469 613.999877929688 618.999877929688 584
1037 968 876.999572753906 830.999877929688 808.000122070312 756 739.999816894531 754.000183105469 792.999572753906 844.999816894531 780.000122070312 709.999816894531 663.999877929688 639.000122070312 644.000183105469 629.00048828125 615.999572753906 597.999816894531 635.000122070312 733 718.999816894531 727 700 706.000183105469 669.000183105469 677.00048828125 649 629.000305175781 619.999877929688 671.999877929688 668.000305175781 650.999877929688 643.999877929688 654.000183105469 699.000427246094 706.999877929688 701.000183105469 687.000122070312 664.000122070312 661 660.000305175781 730.000183105469 683.000122070312 642.999877929688 643.000122070312 636.999816894531 627.000122070312 623 651.000183105469 680.999816894531 678.999816894531
956 916.999694824219 874.000122070312 832.00048828125 802.000122070312 773.000122070312 784.00048828125 834.999816894531 811.999877929688 800.999816894531 776.999877929688 726.000122070312 685 689.999206542969 699.999877929688 667.000122070312 622.000183105469 620.999572753906 643.000427246094 740.999877929688 773 783.999877929688 753.000305175781 736.000183105469 712 683.000183105469 674.999877929688 659.000183105469 666.000122070312 660.999877929688 672.000122070312 666.999877929688 650.000122070312 654.999877929688 679.999694824219 701.000122070312 697.999816894531 676.000183105469 670.000183105469 648.999877929688 667.999877929688 701 710.000122070312 677 660.999816894531 660.999572753906 659.999877929688 690 691.999877929688 745.000122070312 701
882.000183105469 877.000122070312 877.999877929688 821.000305175781 759 789.999877929688 767 757.000122070312 762 766.000305175781 750.999572753906 704.000183105469 699.999694824219 705.999877929688 733.999816894531 731.99951171875 643 647.999877929688 658.999877929688 737.999816894531 732.000122070312 736.000305175781 721.999877929688 706.000305175781 704.000122070312 705.000183105469 711.00048828125 714 704.000305175781 700.999816894531 704.000305175781 682.999877929688 673.000122070312 656.999877929688 676.000183105469 710.000122070312 729 693.999877929688 670.999816894531 661 665.999877929688 693.999816894531 717.99951171875 770 708.999572753906 736.999877929688 719.999694824219 749.999572753906 744.000122070312 729.999877929688 709.999572753906
805 802 794.999877929688 792.000122070312 764.000305175781 770 774 751.000122070312 761.000915527344 766.999572753906 745.000122070312 727.000122070312 735.000427246094 752.000183105469 758.000122070312 723 675.999877929688 677.999877929688 678.999877929688 701.000183105469 699.000122070312 690.000122070312 669 673.000122070312 695.000122070312 713.000122070312 724.999877929688 718.999816894531 727.000122070312 722.000122070312 717.999877929688 717 701.999816894531 682 699.999877929688 711.999816894531 736.999877929688 717.999877929688 680.000183105469 662 671 691.999816894531 708.999572753906 731.000427246094 782.000305175781 858 910.000305175781 869.999877929688 801.999206542969 784.000427246094 747.000427246094
790.999816894531 745.999816894531 767.000122070312 772 762 771.000183105469 788.999694824219 769.000122070312 758.000305175781 743.000122070312 760.000183105469 748.000122070312 734 728.000183105469 733.000122070312 688.999877929688 699.999816894531 710.000305175781 719.000183105469 719.999694824219 718.999694824219 687.000122070312 671.999877929688 713 736.000122070312 709 716.000183105469 719.999694824219 730.999816894531 727.999572753906 730.000122070312 735 728 748.999816894531 743.999816894531 739.000427246094 734 738.999877929688 704.000122070312 671.000122070312 709.999877929688 761.000427246094 784.999816894531 823.000305175781 845.000122070312 974.999816894531 1007 1078 1064 956.000122070312 868.999877929688
744.000427246094 722 748.000122070312 735.999877929688 751.999572753906 772.000183105469 764 754.000305175781 735.000183105469 739.999877929688 745.999694824219 719.999816894531 697.000122070312 686.999572753906 681.999877929688 694.999694824219 712.999877929688 777.999877929688 779.000183105469 774.999877929688 738.999816894531 695.999816894531 671.000122070312 688 724.999816894531 736.000427246094 722.000122070312 727 758.000305175781 739.000183105469 725.999877929688 770.999816894531 769.000183105469 780.999877929688 767.999877929688 759.999877929688 749.000122070312 733.000122070312 722 709.000122070312 707.999877929688 722.999816894531 743.999877929688 786.000305175781 885 958.00048828125 975 1074 1114 1077 1019
713.000122070312 715.999572753906 703.000183105469 743.000122070312 764.999877929688 764.000122070312 755.999816894531 741.999877929688 745.000122070312 738.000183105469 747.000183105469 677.000183105469 664.000122070312 659.000122070312 671.999877929688 698.000122070312 821.999877929688 944.000122070312 948.999877929688 859.999816894531 797.999877929688 753.999694824219 699.999877929688 697.999877929688 703 714.000183105469 785.000122070312 786 788 778.999816894531 762.000427246094 764.000122070312 769.000305175781 768.999877929688 752.999816894531 744 740.000183105469 742.999877929688 756.000122070312 767.999816894531 778 795 805.000183105469 815.000122070312 833.999816894531 866.999877929688 939.000122070312 938.000183105469 995.999877929688 1077 1085
751.000122070312 745.999877929688 745.999694824219 770.999877929688 774.999877929688 772.999877929688 766.999816894531 762.999877929688 770.999877929688 829.000183105469 881.000122070312 697.999572753906 639.000122070312 650.000122070312 685.000122070312 775.999816894531 1073 1018 941 869.000305175781 811.000122070312 775.000183105469 735 768.000122070312 828 822 808.000183105469 777.999816894531 762 758.000122070312 764.999389648438 779 788.000427246094 795.000122070312 792 799.000122070312 800.000122070312 804.999816894531 810.000183105469 810 824.999816894531 847.999877929688 873.000427246094 898.000122070312 913.99951171875 924.999694824219 955.000122070312 963.000183105469 992.000305175781 1057 1015
790.999877929688 778.999877929688 818.000183105469 806.000122070312 810.000122070312 820.999694824219 802.999694824219 800.999877929688 818.000122070312 931.999816894531 932.000183105469 754.999877929688 634.999877929688 671.999877929688 743.999877929688 879 1011 1007 933.000183105469 867 832.999877929688 860.999816894531 904.999877929688 910.999877929688 923.000122070312 856.000183105469 797.000183105469 770.000122070312 785 802.999877929688 819 831.000183105469 828.000122070312 843.999877929688 857.000183105469 853.000183105469 847.000183105469 831.000122070312 827.999877929688 858.999877929688 880 906.000183105469 932.999694824219 959.00048828125 990 1015 1008 1005 1041 1050 1000
