ENMTML/All_vars/Predictors/EUR_only/bio12.asc
NCOLS 411 
NROWS 214 
XLLCORNER -11.5 
YLLCORNER 35.666666666112 
CELLSIZE 0.166666666666667 
NODATA_value -3.4e+38 
[rows 161 to 183 of 214, columns 357 to 407 of 411]
-3.4e+38 -3.4e+38 -3.4e+38 -3.4e+38 -3.4e+38 198 195 190 182 179 173 167 163 161 164 160 162 160 154 149 148 145 144 141 135 131 128 125 124 121 121 118 128 130 128 128 125 123.000099182129 123.000099182129 120 120 120 121 120 121 122 122 123 125 124 125
-3.4e+38 -3.4e+38 -3.4e+38 -3.4e+38 -3.4e+38 201 198 193 187 180 176.000106811523 170 165 162 159 155.000106811523 155 157 157 153 149 145 144 147 140 141 134 133 128 121 120 125 129 129 129 128 122.000099182129 122 120 120 120 119 119 122 121 120 121 122 121 121 121
-3.4e+38 -3.4e+38 -3.4e+38 -3.4e+38 -3.4e+38 206 202 197 189 184 179 173 169 165 160 157 154.000106811523 153 152 149 146 145 144 143 146 145 144 139 133 129 124 129 129 128 128 127 123 123 120 120 119 120 119 119 118 118 120 119 119 120 120
-3.4e+38 -3.4e+38 -3.4e+38 -3.4e+38 -3.4e+38 209 206 198 194 185 182 175 171 168 164 159 157 154 151 147 144 140 139 143 141 142 140 137 132 129 123 120 119 119 127 125 125 123 123 119 119 118 118 117 118 119 118 119 120 119 120
-3.4e+38 -3.4e+38 -3.4e+38 -3.4e+38 -3.4e+38 -3.4e+38 -3.4e+38 -3.4e+38 -3.4e+38 -3.4e+38 -3.4e+38 180 178 171 168 161 157 154 150 148 144 138 141 142 141 140 138 135 132 131 125.999900817871 122 119 115.999900817871 115 120 125 124 124 123 118 119 118 118 118 117 118 119 120 119 119
-3.4e+38 -3.4e+38 -3.4e+38 -3.4e+38 -3.4e+38 -3.4e+38 -3.4e+38 -3.4e+38 -3.4e+38 -3.4e+38 -3.4e+38 182 180 174 170 165 160 153 152 149 145 137 138 141 138.000106811523 137 135 134 132 131 129 124 118 115.999900817871 116 114 121 124 121 120.000099182129 120.000099182129 118 118 118 117 117 118 120 119 118 119
-3.4e+38 -3.4e+38 -3.4e+38 -3.4e+38 -3.4e+38 -3.4e+38 -3.4e+38 -3.4e+38 -3.4e+38 -3.4e+38 -3.4e+38 187 185 178 174 167 164 157 152 149 145 142 133 134 138 136 135 130 126 128 128 127 120 116 113 115 114 118 115 114 118 119 119 118 120 120 120 119 118 118 119
-3.4e+38 -3.4e+38 -3.4e+38 -3.4e+38 -3.4e+38 -3.4e+38 -3.4e+38 -3.4e+38 -3.4e+38 -3.4e+38 -3.4e+38 193 187 182 174 171 165 160 157 150 145 143 140 136 139 135 131 131 129 128 126 124 121 121 117 113 108 109 109 108 115 119 119 118 117.000099182129 118 118 117 118 120 121
-3.4e+38 -3.4e+38 -3.4e+38 -3.4e+38 -3.4e+38 -3.4e+38 -3.4e+38 -3.4e+38 -3.4e+38 -3.4e+38 -3.4e+38 197 193 187 180 175 167 164 159 153 149 142 142 139 137 135 133 130 125.999900817871 125 124 121 120 121 119.999900817871 115.000099182129 112 109 106 104 108 118 119 118 118 117 117 117 117 120 122.000099182129
302 292 284 274 265 256 -3.4e+38 -3.4e+38 -3.4e+38 -3.4e+38 -3.4e+38 200 197 189 182 177 170 165 159 155 150 145 141 139 135 134 130 128 122 118 122 118 118 119 118 117 112 107 103 111.000099182129 115 116 116 117 115 115 115 117 116.999900817871 115 116
317 306 294 285 274 263 -3.4e+38 -3.4e+38 -3.4e+38 -3.4e+38 -3.4e+38 -3.4e+38 -3.4e+38 -3.4e+38 -3.4e+38 -3.4e+38 -3.4e+38 166 161 159 150 147 142 138 135 130 127 124 122 121 121 117 113 114 115 115 111 104 108 111.000099182129 113 114 114 113 113 113 112 113 113 115 116
331 320 307.999908447266 294.999908447266 284 275 -3.4e+38 -3.4e+38 -3.4e+38 -3.4e+38 -3.4e+38 -3.4e+38 -3.4e+38 -3.4e+38 -3.4e+38 -3.4e+38 -3.4e+38 168 165 158 154 148 142 139 135 129 126 125 122 125 124 120 117 116 115 110 107 109 111 111 111 112 113 113 112 112 111.000099182129 110 110 109 113
347.000091552734 332 321 307 294 284 -3.4e+38 -3.4e+38 -3.4e+38 -3.4e+38 -3.4e+38 -3.4e+38 -3.4e+38 -3.4e+38 -3.4e+38 -3.4e+38 -3.4e+38 171 170 163 155 150 143 139 136 130 127 125 127 124 123 119.000099182129 117 110 108 108 108 109 112 111 111 112 113 111 111 109 109 107.999900817871 107.999900817871 107.999900817871 109
365.999908447266 350 336 319 306 293 -3.4e+38 -3.4e+38 -3.4e+38 -3.4e+38 -3.4e+38 -3.4e+38 -3.4e+38 -3.4e+38 -3.4e+38 -3.4e+38 -3.4e+38 175 170 166 157 155 146 141 136 131 129 129 126 123 123 119 118 114 110 108 108 112 112 112 111 110 111 112 112 111 109 109 107.999900817871 109 110
405 375 346.999908447266 329 315 302 -3.4e+38 -3.4e+38 -3.4e+38 -3.4e+38 -3.4e+38 -3.4e+38 -3.4e+38 -3.4e+38 -3.4e+38 -3.4e+38 -3.4e+38 177 175 167 162 153 149 144 138 133 131 130 127 123 119 114 112 108 107 108 112 112 112 112 112 111 111 112 112 111 110 110 111 111 111
442.000213623047 395 359 339 324 310 299 287 280 270 257.999908447266 245.999893188477 -3.4e+38 -3.4e+38 -3.4e+38 -3.4e+38 -3.4e+38 179 177 166 163 155 150 142 140 136 130 130 126 120.999900817871 116 113 111 110 108 108 116 115 115 113 112 112 113 112 112 111 112 113 114 112 113
462.999786376953 429 392.999908447266 358.000091552734 330 316 310 299 292 279 266 255 -3.4e+38 -3.4e+38 -3.4e+38 -3.4e+38 -3.4e+38 -3.4e+38 -3.4e+38 -3.4e+38 -3.4e+38 -3.4e+38 -3.4e+38 146 142 137 130 129 124 120 117.000099182129 112 110 110 108 105 114 116 116 115 113 114 114 117 116 115 114 114 114 116 116
484.999786376953 478.000091552734 444.000091552734 387.999908447266 343 322 319 311 301.999908447266 293 279 263 -3.4e+38 -3.4e+38 -3.4e+38 -3.4e+38 -3.4e+38 -3.4e+38 -3.4e+38 -3.4e+38 -3.4e+38 -3.4e+38 -3.4e+38 145.999893188477 143 140 133 130 125 120 118 113.999900817871 111 111 108 106 111 116 118 117 117 117 116 117 117 117 115 114 116 119 119
507 498.999908447266 497.999908447266 451 373 336 329 325 319 305 290 272 -3.4e+38 -3.4e+38 -3.4e+38 -3.4e+38 -3.4e+38 -3.4e+38 -3.4e+38 -3.4e+38 -3.4e+38 -3.4e+38 -3.4e+38 149 145 143 135 130 127 121 119 116 110 109 108 107 106 111 115.999900817871 117 116 120 119 117 118 118 117 115 117 120 120
546.999877929688 508.000091552734 507 500 446.000091552734 376.000091552734 347 345 335.000091552734 321 301 281 -3.4e+38 -3.4e+38 -3.4e+38 -3.4e+38 -3.4e+38 -3.4e+38 -3.4e+38 -3.4e+38 -3.4e+38 -3.4e+38 -3.4e+38 151 150 143 137 130 128 124 119 115 114 110 109 107 106 107 106 109 113 113 118 118 115.999900817871 115 111 111 111 120 122
544.000122070312 521.999877929688 498.000213623047 498 494 448.999908447266 390.999908447266 364 355.999908447266 340 311 283 -3.4e+38 -3.4e+38 -3.4e+38 -3.4e+38 -3.4e+38 -3.4e+38 -3.4e+38 -3.4e+38 -3.4e+38 -3.4e+38 -3.4e+38 157 155 146 138 135 128 124 120 116 114 110 111 109 108 107 107 106 109 114 117 119 120 116 117 117 117 119 120
583 521 502.000091552734 490 491.999908447266 472.999786376953 441.999908447266 397 380.999908447266 357.999786376953 320 285 261 246 233 225 218 210 -3.4e+38 -3.4e+38 -3.4e+38 -3.4e+38 -3.4e+38 161 157 151 145 136 130 126 122 119 113 114 112 110 109 109 109 110 109 111 114 114 118 121 118 116 117 120 121
590.999877929688 576.999877929688 549.999877929688 533.000122070312 514.000122070312 486.000091552734 455.999786376953 415 392.999786376953 362.999908447266 312 278.000091552734 254 243 235 229 221 217 -3.4e+38 -3.4e+38 -3.4e+38 -3.4e+38 -3.4e+38 168 161 154 147 139 131 128 122 119 116 115 113 113 110 110 111 112 113 112 116 116 117 122 124.999900817871 123 123 125 124
