ENMTML/All_vars/Predictors/EUR_only/bio13.asc
NCOLS 411 
NROWS 214 
XLLCORNER -11.5 
YLLCORNER 35.666666666112 
CELLSIZE 0.166666666666667 
NODATA_value -3.4e+38 
[rows 189 to 209 of 214, columns 0 to 46 of 411]
-3.4e+38 -3.4e+38 -3.4e+38 -3.4e+38 -3.4e+38 -3.4e+38 -3.4e+38 -3.4e+38 -3.4e+38 -3.4e+38 -3.4e+38 -3.4e+38 -3.4e+38 -3.4e+38 -3.4e+38 27.7912006378174 28.5422992706299 29.9573993682861 29.5179996490479 30.4459991455078 31.3518009185791 32.9537010192871 28.8033008575439 27.1583003997803 25.0716991424561 23.2185001373291 22.0372009277344 19.7667999267578 18.4064998626709 16.6762008666992 15.5170001983643 14.3584995269775 13.4298000335693 12.7341003417969 12.4849996566772 12.0200996398926 11.3397998809814 10.875599861145 10.4118003845215 10.5256004333496 10.7550001144409 10.9471998214722 10.7543001174927 11.0228996276855 11.2526998519897 11.0994997024536 10.868200302124
-3.4e+38 -3.4e+38 -3.4e+38 -3.4e+38 -3.4e+38 -3.4e+38 -3.4e+38 -3.4e+38 -3.4e+38 -3.4e+38 -3.4e+38 -3.4e+38 -3.4e+38 -3.4e+38 26.8659000396729 27.7959003448486 30.6084995269775 28.5690994262695 26.7381992340088 27.898099899292 28.8265991210938 27.899299621582 26.0445995330811 25.3267993927002 24.4009990692139 23.2187995910645 21.3579998016357 19.3337993621826 18.2996006011963 16.9094009399414 15.2869997024536 14.3600997924805 13.8957996368408 13.6624002456665 13.4292001724243 13.4273996353149 13.8878002166748 13.1913003921509 12.0335998535156 12.2621002197266 12.5687999725342 12.7986001968384 12.6044998168945 12.3733997344971 12.4119997024536 11.987099647522 11.332799911499
-3.4e+38 -3.4e+38 -3.4e+38 -3.4e+38 -3.4e+38 -3.4e+38 -3.4e+38 -3.4e+38 -3.4e+38 -3.4e+38 -3.4e+38 -3.4e+38 -3.4e+38 26.1669006347656 26.4034996032715 27.5678997039795 26.4633007049561 24.8852996826172 25.1403999328613 25.1630992889404 24.9319000244141 25.6058006286621 25.5825996398926 25.5827007293701 26.6968002319336 24.5865993499756 22.0841007232666 19.4575996398926 17.6044998168945 16.4456996917725 15.5195999145508 15.2882995605469 14.5921001434326 14.5916004180908 14.8205003738403 14.8190002441406 14.5846996307373 13.1967000961304 12.500599861145 12.0375003814697 11.8037004470825 12.032600402832 12.4546003341675 11.9923000335693 12.9158000946045 12.6838998794556 12.0284996032715
-3.4e+38 -3.4e+38 -3.4e+38 -3.4e+38 -3.4e+38 -3.4e+38 -3.4e+38 -3.4e+38 -3.4e+38 -3.4e+38 -3.4e+38 -3.4e+38 -3.4e+38 26.4053993225098 26.6422996520996 25.4855003356934 24.5583992004395 23.7296009063721 24.448299407959 24.6800994873047 24.215799331665 23.7745990753174 23.0792007446289 23.5186996459961 24.8645000457764 23.7073993682861 19.9193992614746 18.5296001434326 17.3715991973877 16.4458999633789 15.7516002655029 15.520299911499 15.5201997756958 14.5930004119873 13.8976001739502 13.6654996871948 13.6647996902466 13.4324998855591 12.9686002731323 13.1982002258301 12.9653997421265 12.5006999969482 12.2677001953125 11.5724000930786 12.4649000167847 12.0009002685547 12.2316999435425
-3.4e+38 -3.4e+38 -3.4e+38 -3.4e+38 -3.4e+38 -3.4e+38 -3.4e+38 -3.4e+38 -3.4e+38 -3.4e+38 -3.4e+38 -3.4e+38 27.1079006195068 26.8785991668701 26.6506004333496 24.3313007354736 23.4039993286133 23.2695007324219 23.4997997283936 23.0813999176025 22.4078006744385 22.1749992370605 21.4787006378174 21.4556999206543 20.9920997619629 19.68869972229 18.5284996032715 17.3691997528076 16.6748008728027 15.9816999435425 15.288200378418 15.2743997573853 14.3627004623413 14.1321001052856 13.9003000259399 14.1314001083374 14.1315002441406 14.1302995681763 14.3620004653931 14.3607997894287 14.3584003448486 13.6630001068115 13.4296998977661 12.5024995803833 12.2462997436523 11.7419996261597 11.5104999542236
-3.4e+38 -3.4e+38 -3.4e+38 -3.4e+38 -3.4e+38 -3.4e+38 -3.4e+38 -3.4e+38 -3.4e+38 -3.4e+38 -3.4e+38 -3.4e+38 28.5123996734619 28.5140991210938 26.1928005218506 23.4080009460449 22.7117004394531 22.5531997680664 22.1341991424561 21.6921997070312 21.2499008178711 21.0401992797852 21.0382995605469 21.0149002075195 19.9225006103516 19.6889991760254 17.5991992950439 16.6714992523193 15.9800996780396 15.5192003250122 15.2887001037598 15.0424003601074 14.5804996490479 14.5965995788574 14.8287000656128 15.0607004165649 15.2932996749878 15.2923002243042 15.5240001678467 15.2910995483398 15.2904996871948 15.0566997528076 14.1300001144409 13.6640996932983 12.5041999816895 12.2264995574951 12.2264003753662
-3.4e+38 -3.4e+38 -3.4e+38 -3.4e+38 -3.4e+38 -3.4e+38 -3.4e+38 -3.4e+38 -3.4e+38 -3.4e+38 -3.4e+38 -3.4e+38 28.964599609375 28.2397003173828 24.8036003112793 22.9458999633789 22.4811992645264 22.1250991821289 21.8812007904053 21.694299697876 21.7154006958008 21.0412006378174 20.3680992126465 20.3430004119873 19.4594993591309 17.8351993560791 17.3694000244141 17.1373996734619 16.6760005950928 16.2147998809814 16.2166996002197 15.7552003860474 15.9717998504639 16.1746006011963 16.4531993865967 16.4543991088867 16.6861000061035 16.9181003570557 16.4556999206543 16.2229995727539 15.9910001754761 15.9891996383667 15.9874000549316 15.0588998794556 14.362099647522 14.1284999847412 12.9695997238159
-3.4e+38 -3.4e+38 -3.4e+38 -3.4e+38 -3.4e+38 -3.4e+38 -3.4e+38 -3.4e+38 -3.4e+38 -3.4e+38 -3.4e+38 -3.4e+38 -3.4e+38 25.4829998016357 24.105899810791 22.9468994140625 21.7558994293213 21.4918003082275 21.4599990844727 21.4634990692139 21.4850006103516 20.1149997711182 18.9769992828369 18.5347995758057 18.0694007873535 17.3726005554199 17.835599899292 18.2987003326416 18.0685005187988 17.6063003540039 17.1445007324219 16.9139003753662 17.1170997619629 17.3500995635986 17.3826999664307 18.3104000091553 17.8469009399414 17.8498992919922 17.849100112915 17.8497009277344 17.6179008483887 17.8486995697021 17.614200592041 16.9179000854492 15.9898996353149 15.2936000823975 14.828800201416
-3.4e+38 -3.4e+38 -3.4e+38 -3.4e+38 -3.4e+38 -3.4e+38 -3.4e+38 -3.4e+38 -3.4e+38 -3.4e+38 -3.4e+38 -3.4e+38 -3.4e+38 -3.4e+38 24.7863998413086 -3.4e+38 21.0764007568359 20.5969009399414 20.1324996948242 20.1327991485596 19.6371994018555 19.203800201416 18.506799697876 17.840799331665 17.3756008148193 17.1434001922607 17.8369007110596 18.533899307251 19.4617004394531 18.9993000030518 18.5361995697021 18.3071994781494 17.8290996551514 18.2784996032715 18.5436992645264 18.7761001586914 19.2416000366211 19.4741992950439 19.7075004577637 19.7087001800537 19.4766006469727 19.0130004882812 19.0107002258301 18.5454998016357 17.8495998382568 16.6914005279541 16.9181995391846
-3.4e+38 -3.4e+38 -3.4e+38 -3.4e+38 -3.4e+38 -3.4e+38 -3.4e+38 -3.4e+38 -3.4e+38 -3.4e+38 -3.4e+38 -3.4e+38 -3.4e+38 -3.4e+38 -3.4e+38 -3.4e+38 21.0615005493164 20.6296997070312 19.7001991271973 19.0048007965088 19.0034008026123 18.9659004211426 18.7702007293701 17.81130027771 17.1303005218506 17.1443996429443 17.6075000762939 18.0713996887207 18.7679996490479 19.0007991790771 19.0018005371094 19.4666996002197 19.4543991088867 19.6566009521484 19.4102993011475 19.2418003082275 20.1706008911133 20.6364994049072 20.869499206543 20.8705997467041 20.639799118042 20.4076995849609 19.9421997070312 19.2486991882324 18.5534000396729 17.6252002716064 16.232400894165
-3.4e+38 -3.4e+38 -3.4e+38 -3.4e+38 -3.4e+38 -3.4e+38 -3.4e+38 -3.4e+38 -3.4e+38 -3.4e+38 -3.4e+38 -3.4e+38 -3.4e+38 -3.4e+38 -3.4e+38 -3.4e+38 20.8451995849609 21.0930004119873 19.4694995880127 18.9687995910645 18.9692001342773 18.9312000274658 18.0020008087158 17.3481998443604 17.5793991088867 17.3773002624512 18.0732002258301 18.7693004608154 19.4652996063232 20.6252002716064 20.8593997955322 20.8605003356934 19.470100402832 19.9046993255615 20.5711002349854 20.093900680542 19.8181991577148 20.8717002868652 21.7992992401123 21.5713996887207 21.1091003417969 20.4141006469727 19.0233993530273 18.3271007537842 17.6310997009277 16.9353008270264 16.0056991577148
-3.4e+38 -3.4e+38 -3.4e+38 -3.4e+38 -3.4e+38 -3.4e+38 -3.4e+38 -3.4e+38 -3.4e+38 -3.4e+38 -3.4e+38 -3.4e+38 -3.4e+38 -3.4e+38 -3.4e+38 -3.4e+38 20.3978996276855 20.1667995452881 19.2381992340088 19.2014007568359 19.201000213623 18.9312992095947 18.2168998718262 17.7828998565674 17.8138999938965 17.6107006072998 18.5382995605469 19.6975994110107 20.395299911499 20.6273002624512 19.931999206543 20.1653003692627 20.398099899292 19.9218997955322 20.819299697876 21.4869003295898 20.7625999450684 20.4878997802734 21.3414001464844 21.8083000183105 21.3463001251221 19.9545001983643 19.0237007141113 18.3278999328613 18.0965995788574 17.6336994171143 16.4722003936768
-3.4e+38 -3.4e+38 -3.4e+38 -3.4e+38 -3.4e+38 -3.4e+38 -3.4e+38 -3.4e+38 -3.4e+38 -3.4e+38 -3.4e+38 -3.4e+38 -3.4e+38 -3.4e+38 -3.4e+38 -3.4e+38 19.9346008300781 19.9043998718262 19.6721992492676 19.7033004760742 19.6662998199463 18.9687004089355 18.4491996765137 18.0160007476807 17.5977001190186 17.6121006011963 18.0758991241455 18.3076992034912 18.7709999084473 19.699499130249 20.1651000976562 19.7015991210938 20.1667995452881 19.4727993011475 19.9074001312256 20.574499130249 20.5308990478516 20.4881992340088 20.9095993041992 21.3462009429932 21.1137008666992 19.9519996643066 19.255199432373 18.3271999359131 18.5594005584717 19.718900680542 18.5589008331299
-3.4e+38 -3.4e+38 -3.4e+38 -3.4e+38 -3.4e+38 -3.4e+38 -3.4e+38 -3.4e+38 -3.4e+38 -3.4e+38 -3.4e+38 -3.4e+38 -3.4e+38 -3.4e+38 -3.4e+38 -3.4e+38 19.2392997741699 19.4405002593994 20.3376007080078 20.1380996704102 20.3684005737305 19.4720001220703 18.7007999420166 17.7992000579834 17.5834999084473 17.8449001312256 17.6126003265381 17.843599319458 18.540599822998 19.2366008758545 19.9337005615234 19.4705009460449 19.4715003967285 19.472900390625 19.4736995697021 20.3411998748779 21.0090007781982 21.445499420166 21.6488990783691 21.621000289917 20.9547996520996 20.0424995422363 19.4825992584229 18.5543003082275 17.8584003448486 18.782600402832 20.1667003631592
-3.4e+38 -3.4e+38 -3.4e+38 -3.4e+38 -3.4e+38 -3.4e+38 -3.4e+38 -3.4e+38 -3.4e+38 -3.4e+38 -3.4e+38 -3.4e+38 -3.4e+38 -3.4e+38 -3.4e+38 -3.4e+38 19.471399307251 20.538200378418 20.0757007598877 21.0025005340576 21.7304992675781 20.8332996368408 19.703800201416 18.7126007080078 17.5983009338379 17.614200592041 17.3819999694824 17.3805999755859 18.0765991210938 18.5412998199463 19.0053997039795 19.2381992340088 19.9354991912842 20.1674995422363 20.6331996917725 21.0660991668701 21.9503002166748 22.3864002227783 22.3729991912842 21.9256992340088 21.244499206543 20.331600189209 19.4477996826172 18.5328006744385 17.5874996185303 17.6179008483887 17.1539001464844
-3.4e+38 -3.4e+38 -3.4e+38 -3.4e+38 -3.4e+38 -3.4e+38 -3.4e+38 -3.4e+38 -3.4e+38 -3.4e+38 -3.4e+38 -3.4e+38 -3.4e+38 -3.4e+38 -3.4e+38 19.0069999694824 19.4708003997803 20.0743999481201 19.611400604248 20.2761993408203 21.4687004089355 22.1947994232178 20.6014995574951 18.9330005645752 17.5851993560791 17.1511993408203 17.1506996154785 17.3819007873535 18.0765991210938 18.5419006347656 19.0062007904053 19.4708003997803 19.9358005523682 20.6329002380371 21.0953006744385 21.9925994873047 22.8920001983643 23.3432006835938 23.3456993103027 23.1292991638184 22.2150001525879 20.6219997406006 19.4752998352051 18.3117008209229 17.3806991577148 15.9860000610352 14.1297998428345
-3.4e+38 -3.4e+38 -3.4e+38 -3.4e+38 -3.4e+38 -3.4e+38 -3.4e+38 -3.4e+38 -3.4e+38 -3.4e+38 -3.4e+38 -3.4e+38 -3.4e+38 -3.4e+38 -3.4e+38 18.7747001647949 18.5438003540039 18.0804004669189 18.9459991455078 19.8127002716064 20.5081005096436 20.5407009124756 19.4428005218506 -3.4e+38 -3.4e+38 -3.4e+38 -3.4e+38 -3.4e+38 18.0783004760742 18.5424003601074 18.775899887085 19.4733009338379 20.1700992584229 20.8666000366211 22.2409000396729 23.6023998260498 24.7495002746582 25.216100692749 24.9995002746582 24.0858001708984 22.7082996368408 21.5613994598389 20.6313991546631 19.9337997436523 18.5398006439209 16.4493999481201 15.2613000869751
-3.4e+38 -3.4e+38 -3.4e+38 -3.4e+38 -3.4e+38 -3.4e+38 -3.4e+38 -3.4e+38 -3.4e+38 -3.4e+38 -3.4e+38 -3.4e+38 -3.4e+38 -3.4e+38 -3.4e+38 -3.4e+38 -3.4e+38 -3.4e+38 -3.4e+38 -3.4e+38 -3.4e+38 -3.4e+38 -3.4e+38 -3.4e+38 -3.4e+38 -3.4e+38 -3.4e+38 -3.4e+38 -3.4e+38 -3.4e+38 19.00830078125 19.6919002532959 20.6222991943359 22.232400894165 23.8397998809814 25.2308006286621 26.3768005371094 26.6252994537354 26.1772994995117 24.5806007385254 23.4179992675781 22.2581005096436 21.0944004058838 19.2362003326416 18.3089008331299 17.8446998596191 17.5755004882812
-3.4e+38 -3.4e+38 -3.4e+38 -3.4e+38 -3.4e+38 -3.4e+38 -3.4e+38 -3.4e+38 -3.4e+38 -3.4e+38 -3.4e+38 -3.4e+38 -3.4e+38 -3.4e+38 -3.4e+38 -3.4e+38 -3.4e+38 -3.4e+38 -3.4e+38 -3.4e+38 -3.4e+38 -3.4e+38 -3.4e+38 -3.4e+38 -3.4e+38 -3.4e+38 -3.4e+38 -3.4e+38 -3.4e+38 -3.4e+38 20.554500579834 21.0088996887207 21.7271995544434 23.7996997833252 25.6693992614746 27.2786998748779 28.7057991027832 27.8054008483887 27.3563995361328 25.5109004974365 23.4153995513916 22.2542991638184 20.8617992401123 18.5412998199463 16.2205009460449 14.829400062561 13.6709003448486
-3.4e+38 -3.4e+38 -3.4e+38 -3.4e+38 -3.4e+38 -3.4e+38 -3.4e+38 -3.4e+38 -3.4e+38 -3.4e+38 -3.4e+38 -3.4e+38 -3.4e+38 -3.4e+38 -3.4e+38 -3.4e+38 -3.4e+38 -3.4e+38 -3.4e+38 -3.4e+38 -3.4e+38 -3.4e+38 -3.4e+38 -3.4e+38 -3.4e+38 -3.4e+38 -3.4e+38 -3.4e+38 -3.4e+38 -3.4e+38 -3.4e+38 22.3017997741699 23.9286003112793 25.8309993743896 28.1674995422363 29.3423004150391 29.3740997314453 28.4734001159668 27.110200881958 25.2485008239746 23.1870002746582 22.256799697876 -3.4e+38 -3.4e+38 -3.4e+38 -3.4e+38 -3.4e+38
-3.4e+38 -3.4e+38 -3.4e+38 -3.4e+38 -3.4e+38 -3.4e+38 -3.4e+38 -3.4e+38 -3.4e+38 -3.4e+38 -3.4e+38 -3.4e+38 -3.4e+38 -3.4e+38 -3.4e+38 -3.4e+38 -3.4e+38 -3.4e+38 -3.4e+38 -3.4e+38 -3.4e+38 -3.4e+38 -3.4e+38 -3.4e+38 -3.4e+38 -3.4e+38 -3.4e+38 -3.4e+38 -3.4e+38 -3.4e+38 -3.4e+38 24.274299621582 26.1609001159668 28.3278999328613 29.9825000762939 30.941499710083 30.4820003509521 28.8864002227783 26.5912990570068 -3.4e+38 -3.4e+38 -3.4e+38 -3.4e+38 -3.4e+38 -3.4e+38 -3.4e+38 -3.4e+38
