ENMTML/All_vars/Predictors/EUR_only/bio16.asc
NCOLS 440 
NROWS 275 
XLLCORNER -11.5 
YLLCORNER 25.4999999994691 
CELLSIZE 0.166666666666667 
NODATA_value -3.4e+38 
[rows 105 to 125 of 275, columns 188 to 234 of 440]
226.277206420898 227.086807250977 229.696701049805 229.66780090332 229.867401123047 229.068206787109 229.44189453125 228.456298828125 226.704299926758 225.520904541016 221.782196044922 220.660202026367 220.484497070312 218.557693481445 218.441299438477 215.445495605469 214.356002807617 211.545394897461 210.669006347656 210.677398681641 209.87890625 209.887802124023 210.26579284668 209.723907470703 206.995193481445 208.991104125977 211.183197021484 215.112899780273 219.097595214844 221.852493286133 222.784103393555 223.607604980469 224.423400878906 225.153701782227 225.961898803711 229.800094604492 228.549301147461 225.542892456055 224.54020690918 228.200393676758 230.212905883789 232.311798095703 236.355697631836 236.36540222168 236.55290222168 234.869705200195 233.851196289062
230.474899291992 228.652603149414 229.460693359375 228.446792602539 227.442199707031 224.900802612305 224.096099853516 224.084503173828 222.274505615234 220.289901733398 218.55110168457 217.551605224609 216.438293457031 217.342300415039 216.352600097656 213.350006103516 210.548004150391 209.678497314453 207.870300292969 208.881698608398 212.881393432617 210.266403198242 210.460693359375 208.740097045898 207.192794799805 206.266998291016 208.199600219727 212.185897827148 217.044006347656 220.975692749023 222.608505249023 223.53239440918 224.457901000977 226.016906738281 227.989807128906 233.833602905273 232.641098022461 229.443603515625 225.444198608398 227.37370300293 228.311096191406 230.233505249023 232.345993041992 232.350799560547 231.544204711914 232.82829284668 231.816299438477
224.701904296875 225.706405639648 226.696899414062 226.61279296875 224.679794311523 220.763198852539 219.005599975586 217.080093383789 216.229507446289 214.343200683594 213.342803955078 211.527206420898 213.265197753906 214.462905883789 214.396499633789 209.664703369141 209.669906616211 210.680999755859 210.877807617188 208.907699584961 210.10139465332 208.367599487305 209.54719543457 208.93440246582 205.085998535156 206.193405151367 208.186904907227 211.119293212891 214.056198120117 217.787399291992 220.716796875 222.721694946289 226.396606445312 231.117294311523 229.850494384766 231.751205444336 231.738006591797 228.364395141602 227.536102294922 228.286895751953 230.21809387207 229.406799316406 231.329605102539 230.339797973633 231.446105957031 232.443603515625 231.442092895508
220.179702758789 221.170104980469 220.992599487305 221.983093261719 218.050094604492 217.038696289062 213.294494628906 211.378494262695 210.372604370117 209.454406738281 209.454406738281 209.382995605469 209.56559753418 209.576705932617 211.574905395508 208.59700012207 206.85710144043 206.87109375 206.967895507812 209.095596313477 207.366806030273 208.374603271484 208.556701660156 207.749404907227 207.926696777344 211.114898681641 212.117797851562 213.862899780273 217.97200012207 217.786499023438 222.646606445312 223.624801635742 226.321197509766 231.239700317383 230.957107543945 229.745895385742 229.65299987793 228.449005126953 228.451095581055 229.376205444336 229.380798339844 230.238296508789 231.244506835938 232.255996704102 232.247604370117 233.179092407227 232.232696533203
215.297393798828 215.29020690918 213.362197875977 214.537292480469 213.355895996094 211.534698486328 207.669799804688 207.592803955078 205.674102783203 205.665298461914 204.677093505859 205.684997558594 207.675903320312 208.683898925781 206.700393676758 206.711303710938 207.71760559082 206.81689453125 205.080505371094 206.121002197266 207.374206542969 207.378692626953 208.379592895508 208.568496704102 207.935195922852 210.751007080078 213.849304199219 214.795394897461 218.787704467773 221.637893676758 222.646606445312 227.598205566406 228.255706787109 229.240097045898 229.940795898438 228.842803955078 227.516799926758 226.442794799805 227.553894042969 229.304702758789 230.410598754883 231.418701171875 232.164596557617 232.229904174805 231.40299987793 232.163803100586 230.979293823242
209.669097900391 209.662002563477 208.651794433594 208.651794433594 206.904998779297 205.719802856445 202.970306396484 201.960296630859 201.960296630859 201.960296630859 201.975006103516 203.956802368164 203.983703613281 205.721694946289 205.730697631836 207.811706542969 207.903793334961 207.743698120117 206.830993652344 206.919403076172 206.124603271484 207.302597045898 207.305999755859 207.559494018555 209.488906860352 211.669906616211 212.851593017578 215.780807495117 216.723602294922 218.955093383789 220.953903198242 224.595397949219 226.59309387207 227.570907592773 226.865600585938 226.843994140625 225.77099609375 226.547607421875 227.471206665039 229.20719909668 228.397598266602 229.409393310547 229.410995483398 230.401794433594 231.399505615234 231.904098510742 230.968505859375
208.783294677734 206.962005615234 205.033706665039 203.091506958008 202.018493652344 199.261596679688 198.331207275391 196.267395019531 196.335998535156 196.334396362305 200.07209777832 202.002197265625 202.074203491211 202.906692504883 202.919799804688 204.758804321289 206.642196655273 206.745300292969 206.753997802734 207.779495239258 206.922302246094 208.118194580078 209.039505004883 210.291000366211 209.488906860352 210.661193847656 211.597595214844 213.593200683594 215.698806762695 218.944000244141 220.941604614258 222.922805786133 223.574005126953 224.549896240234 224.176895141602 225.141906738281 224.782302856445 225.755004882812 225.751907348633 227.386199951172 229.375595092773 230.371200561523 230.060592651367 231.068801879883 231.068801879883 231.076797485352 232.889099121094
207.154602050781 206.144500732422 203.445297241211 201.206405639648 197.451995849609 195.460998535156 194.779495239258 191.793106079102 193.443496704102 195.447692871094 197.187103271484 198.439498901367 200.199005126953 202.923492431641 203.951995849609 202.854507446289 205.750793457031 208.669906616211 209.679702758789 208.578704833984 209.764099121094 210.656097412109 209.846496582031 209.097305297852 211.282592773438 210.470199584961 211.582992553711 212.58430480957 213.696395874023 215.929306030273 216.924499511719 220.572494506836 221.565002441406 222.528701782227 223.512298583984 224.13459777832 224.123901367188 225.098297119141 226.738296508789 227.730194091797 228.725997924805 228.725997924805 229.384796142578 231.074401855469 232.071899414062 232.027893066406 232.892593383789
200.467697143555 201.456298828125 199.455993652344 198.451202392578 194.796493530273 192.130798339844 189.125 189.127197265625 191.129501342773 193.777404785156 197.756896972656 200.410598754883 201.420303344727 204.053695678711 206.790298461914 205.694793701172 204.680694580078 207.412002563477 210.239593505859 212.141494750977 210.394607543945 210.387496948242 208.833404541016 208.904403686523 208.104995727539 209.457504272461 210.394607543945 210.751495361328 212.682495117188 213.616104125977 216.910202026367 217.902297973633 218.892593383789 219.542098999023 221.505798339844 222.489196777344 224.104507446289 225.098403930664 227.080703735352 228.065399169922 229.068603515625 229.380294799805 230.38020324707 231.374298095703 233.017395019531 234.007995605469 233.810592651367
201.489395141602 200.790802001953 199.793197631836 197.789001464844 196.122406005859 193.471206665039 193.46760559082 190.482192993164 192.471496582031 196.754104614258 200.749298095703 204.384994506836 203.394897460938 204.384506225586 205.04670715332 205.870193481445 209.340194702148 209.264099121094 211.061294555664 210.957992553711 208.199005126953 207.266296386719 206.702697753906 206.718994140625 208.075393676758 207.262100219727 207.626205444336 209.562698364258 210.746795654297 213.601501464844 214.900604248047 216.901901245117 218.865295410156 219.869506835938 221.499298095703 222.475494384766 223.453399658203 225.085800170898 225.09489440918 227.075302124023 227.720993041992 229.721496582031 231.361297607422 232.362396240234 233.017395019531 234.007995605469 235.731094360352
201.460098266602 202.437103271484 201.131195068359 202.110595703125 201.092697143555 199.451599121094 197.7998046875 195.46240234375 195.450897216797 199.09880065918 201.089797973633 203.730194091797 203.387100219727 205.033599853516 205.039001464844 206.792892456055 208.525299072266 209.26789855957 210.88639831543 210.975494384766 208.094192504883 204.427703857422 201.730194091797 203.947799682617 204.131301879883 205.439498901367 205.700500488281 207.734802246094 209.908096313477 210.921997070312 212.911605834961 215.238006591797 216.217895507812 216.869506835938 218.848297119141 219.835006713867 221.801193237305 223.445907592773 225.429992675781 227.071502685547 228.076095581055 229.715805053711 230.720703125 232.362396240234 233.357894897461 234.007995605469 235.014801025391
211.408096313477 208.757095336914 207.092300415039 209.72900390625 210.071594238281 208.070999145508 203.426895141602 200.791900634766 199.430694580078 201.073303222656 203.724899291992 205.715606689453 207.363296508789 208.363906860352 206.705703735352 206.794799804688 207.53010559082 208.253997802734 209.065093994141 208.969299316406 204.355697631836 200.581100463867 197.812896728516 199.192001342773 201.396102905273 202.688095092773 204.875305175781 206.978897094727 208.918594360352 210.901992797852 212.236297607422 214.23469543457 215.226806640625 215.863403320312 217.845901489258 218.8291015625 220.807601928711 222.785705566406 224.779006958008 227.419494628906 229.418106079102 232.063995361328 233.06379699707 234.699905395508 235.697494506836 236.011596679688 237.661102294922
217.372406005859 214.721298217773 212.720794677734 213.046997070312 212.399703979492 210.404495239258 208.059799194336 206.053207397461 203.418395996094 202.070297241211 205.068206787109 208.686798095703 208.353103637695 210.010696411133 207.673294067383 207.786407470703 206.704406738281 207.428497314453 206.306198120117 204.394607543945 199.790603637695 194.190795898438 192.608306884766 194.783599853516 197.829696655273 201.754699707031 204.870300292969 206.982406616211 209.246994018555 210.242401123047 211.247802734375 213.228897094727 214.220794677734 215.212799072266 216.84700012207 217.839096069336 219.821105957031 222.804397583008 225.429992675781 228.424301147461 230.426300048828 232.062103271484 234.051406860352 235.693206787109 238.332397460938 238.348999023438 239.990493774414
218.358703613281 218.701202392578 217.681701660156 216.031097412109 215.030197143555 214.037200927734 212.033798217773 210.387802124023 209.387893676758 209.052398681641 207.681198120117 206.705001831055 206.714004516602 208.360595703125 207.710205078125 206.791000366211 206.69709777832 206.610702514648 204.647506713867 201.067199707031 196.29460144043 190.701705932617 187.951995849609 193.050994873047 196.091796875 200.934494018555 204.245498657227 206.60319519043 209.240203857422 211.579193115234 212.571304321289 213.567901611328 214.554794311523 214.212203979492 216.192596435547 217.191604614258 219.164993286133 222.806304931641 225.78059387207 229.769393920898 230.775894165039 233.407501220703 236.39289855957 238.043502807617 240.684204101562 241.332504272461 240.997299194336
223.660598754883 224.652404785156 223.655197143555 225.638595581055 223.997604370117 219.99299621582 219.008193969727 217.994094848633 217.007904052734 215.016403198242 214.664093017578 212.672698974609 210.68049621582 212.331405639648 211.01139831543 211.01139831543 210.602905273438 206.837905883789 204.920700073242 201.968200683594 196.639099121094 191.065795898438 188.394607543945 192.236602783203 197.272506713867 202.129104614258 205.609893798828 208.930404663086 211.57780456543 211.923706054688 212.910400390625 212.924194335938 213.556106567383 213.557800292969 215.54020690918 217.834503173828 218.824295043945 221.805603027344 224.797607421875 228.777694702148 233.116897583008 235.745101928711 238.389602661133 241.017501831055 243.026992797852 243.669692993164 244.970306396484
228.639999389648 229.631896972656 231.624893188477 234.598693847656 239.580001831055 233.943405151367 227.960494995117 224.974304199219 221.975799560547 219.975006103516 217.641403198242 214.660003662109 213.321594238281 216.313293457031 216.98469543457 216.996398925781 213.023895263672 211.047103881836 206.199203491211 203.426193237305 200.580093383789 196.990203857422 195.264495849609 196.436904907227 200.304992675781 205.589797973633 207.930404663086 211.921005249023 213.257095336914 214.252593994141 214.254196166992 213.913299560547 212.915405273438 212.915405273438 214.209197998047 216.188003540039 217.830993652344 221.456405639648 224.447906494141 228.774505615234 233.759201049805 236.746200561523 240.730606079102 244.370803833008 247.011795043945 248.647705078125 248.316192626953
236.248504638672 238.589599609375 240.582504272461 244.205200195312 248.180099487305 247.546295166016 241.55940246582 235.580093383789 230.589004516602 226.602798461914 221.624603271484 217.636993408203 218.651000976562 220.296997070312 220.316192626953 219.318603515625 217.997192382812 218.003005981445 213.040100097656 208.416107177734 207.511795043945 205.855499267578 202.21549987793 202.584396362305 205.576095581055 207.929092407227 210.922393798828 213.25959777832 214.599105834961 215.601806640625 214.589904785156 213.261001586914 211.913604736328 210.919494628906 211.570693969727 214.202499389648 216.475799560547 220.455902099609 224.428604125977 230.41650390625 234.753692626953 239.72590637207 243.718002319336 248.354904174805 249.991500854492 249.650695800781 250.657196044922
242.208602905273 245.543197631836 248.175704956055 251.162292480469 252.169494628906 256.144287109375 254.499496459961 247.176803588867 238.55549621582 231.586303710938 226.598693847656 222.626098632812 223.621307373047 224.283798217773 226.266799926758 226.283798217773 224.300201416016 223.311798095703 221.329895019531 216.696792602539 214.737594604492 214.114593505859 213.498092651367 211.87109375 211.895706176758 213.246307373047 214.589492797852 215.956405639648 218.589004516602 216.955200195312 215.9541015625 214.604400634766 212.272094726562 209.934799194336 212.561294555664 214.196105957031 216.535598754883 219.453704833984 224.072692871094 230.409805297852 236.395599365234 241.730499267578 246.362503051758 251.334899902344 253.34260559082 254.974792480469 254.63459777832
252.161499023438 253.153106689453 253.138107299805 253.138107299805 255.125198364258 255.134902954102 256.138000488281 255.153900146484 250.172698974609 240.209899902344 231.238403320312 225.608901977539 222.268798828125 224.27360534668 227.269607543945 229.605392456055 230.255599975586 227.625396728516 223.640899658203 222.643096923828 221.356292724609 221.395904541016 217.800903320312 216.184906005859 217.207397460938 217.571197509766 219.957305908203 219.953598022461 221.514205932617 221.517303466797 219.942306518555 216.58869934082 213.602096557617 211.605499267578 212.904602050781 213.197296142578 216.413299560547 220.076995849609 225.849502563477 232.058898925781 239.375701904297 246.349899291992 251.675704956055 255.672805786133 256.670684814453 258.312103271484 256.963287353516
261.115905761719 262.754913330078 262.085906982422 258.111114501953 258.122894287109 260.102905273438 256.118194580078 251.14680480957 247.170303344727 239.550399780273 229.593399047852 225.598907470703 225.257904052734 225.261199951172 227.610000610352 228.609298706055 229.618103027344 229.618103027344 230.954193115234 232.946899414062 232.320007324219 229.702896118164 224.12939453125 222.521102905273 224.947998046875 223.943099975586 222.524993896484 225.522705078125 224.507095336914 224.501007080078 222.504592895508 219.480804443359 216.917694091797 212.608505249023 214.888793945312 217.16569519043 217.591705322266 222.144897460938 226.847702026367 237.024597167969 242.351898193359 251.330505371094 257.658813476562 259.657196044922 261.638214111328 261.645599365234 260.291412353516
275.685485839844 274.675994873047 271.685211181641 269.693298339844 262.719207763672 263.073394775391 259.750091552734 252.151901245117 246.172500610352 239.209594726562 234.222595214844 231.245300292969 231.242492675781 231.584899902344 230.594604492188 231.599304199219 231.942398071289 232.941192626953 230.957397460938 232.647994995117 236.664093017578 237.047897338867 232.460205078125 230.488494873047 230.509994506836 232.087707519531 229.098693847656 229.652404785156 230.068298339844 228.067901611328 226.051498413086 222.041793823242 219.468994140625 220.552398681641 219.553405761719 219.492202758789 224.764205932617 229.397598266602 234.025497436523 240.696701049805 246.693893432617 257.01220703125 261.9912109375 266.329315185547 267.965515136719 265.973510742188 262.631103515625
