ENMTML/All_vars/Predictors/EUR_only/bio16.asc
NCOLS 440 
NROWS 275 
XLLCORNER -11.5 
YLLCORNER 25.4999999994691 
CELLSIZE 0.166666666666667 
NODATA_value -3.4e+38 
[rows 105 to 125 of 275, columns 141 to 187 of 440]
188.15119934082 188.122497558594 189.783599853516 186.755096435547 186.01139831543 186.451904296875 185.901992797852 183.089797973633 179.362197875977 177.695907592773 175.699798583984 175.761596679688 173.759704589844 172.897598266602 -3.4e+38 173.181793212891 177.164993286133 179.328201293945 184.186904907227 188.445007324219 195.408905029297 202.388000488281 208.345504760742 215.613296508789 221.226196289062 220.272399902344 220.895904541016 219.795104980469 217.992904663086 219.917404174805 220.053497314453 219.269897460938 220.259902954102 218.955200195312 215.943603515625 213.678298950195 212.333099365234 209.061706542969 207.722595214844 206.51579284668 204.508102416992 205.440399169922 211.26139831543 216.40559387207 221.360000610352 223.489501953125 225.289596557617
189.198806762695 190.103103637695 190.082794189453 190.057403564453 188.240600585938 188.672897338867 185.933807373047 184.117492675781 184.39079284668 183.47819519043 179.735992431641 177.799697875977 175.799301147461 174.937103271484 175.927398681641 175.739700317383 176.800201416016 181.783294677734 185.881896972656 191.614700317383 197.647094726562 200.632507324219 207.465896606445 212.261901855469 215.996307373047 217.870193481445 217.629806518555 216.515106201172 216.518707275391 214.703903198242 216.629592895508 217.55290222168 216.738403320312 215.645492553711 213.633804321289 211.426406860352 211.20930480957 208.818496704102 207.427001953125 206.223602294922 202.208404541016 208.074996948242 211.15299987793 214.166397094727 217.181304931641 219.936004638672 223.044097900391
188.314193725586 190.223602294922 191.207000732422 189.361892700195 188.536499023438 188.781402587891 187.962005615234 188.160003662109 189.240295410156 187.506896972656 183.502700805664 179.585601806641 179.840606689453 177.832305908203 178.896392822266 177.784393310547 178.842102050781 180.723098754883 186.524597167969 190.331497192383 197.231796264648 202.328994750977 205.06640625 207.986206054688 212.780700683594 213.591003417969 212.408401489258 211.448394775391 211.274703979492 210.407104492188 211.391693115234 212.248794555664 211.425506591797 211.405899047852 211.189193725586 208.185195922852 207.792007446289 207.50390625 204.515502929688 204.440704345703 205.258804321289 208.199005126953 210.200897216797 212.201095581055 215.042205810547 217.971496582031 221.964294433594
186.615493774414 190.351303100586 188.511093139648 188.493103027344 188.658401489258 187.906692504883 188.085906982422 188.376495361328 189.395294189453 187.417892456055 183.782501220703 182.795303344727 180.795394897461 180.796798706055 178.802795410156 180.833404541016 182.700897216797 182.686798095703 184.636596679688 189.267303466797 192.249893188477 198.048202514648 201.954696655273 203.773696899414 204.70280456543 208.524795532227 208.447494506836 208.559295654297 206.367492675781 205.440505981445 205.430999755859 206.392593383789 207.37060546875 206.294998168945 206.932495117188 205.893096923828 206.622497558594 204.727600097656 204.63459777832 208.296493530273 209.291900634766 209.40510559082 210.311706542969 212.242294311523 214.068695068359 215.259902954102 219.182403564453
183.796203613281 185.541198730469 185.456802368164 185.689193725586 188.604400634766 187.794006347656 188.027496337891 187.039398193359 186.393997192383 185.761001586914 186.412399291992 183.78759765625 180.789596557617 179.791305541992 181.137893676758 184.79150390625 186.488098144531 186.616500854492 188.492706298828 190.304992675781 193.111297607422 195.170104980469 197.907699584961 199.895294189453 200.888198852539 203.644607543945 203.73860168457 200.752105712891 200.734298706055 200.732894897461 200.714996337891 202.337493896484 202.320404052734 202.294494628906 201.112594604492 201.087493896484 201.933807373047 202.833099365234 203.576202392578 206.599395751953 207.526306152344 207.425201416016 208.600006103516 211.352401733398 212.544998168945 214.363098144531 215.29719543457
179.732299804688 180.655807495117 180.822906494141 181.635696411133 183.740905761719 185.056793212891 186.060699462891 187.037506103516 185.396697998047 185.763107299805 184.765899658203 182.777801513672 180.777603149414 183.123794555664 183.772201538086 186.763702392578 187.748504638672 186.543106079102 190.339904785156 192.225692749023 192.222198486328 195.025802612305 195.017700195312 195.018295288086 194.824798583984 196.751403808594 197.749404907227 198.67790222168 199.674102783203 199.656204223633 199.651306152344 199.699096679688 201.251907348633 201.232604980469 201.218704223633 201.188293457031 201.852996826172 202.770095825195 203.864898681641 204.789703369141 203.785003662109 205.715194702148 208.541305541992 209.657302856445 210.727203369141 209.735595703125 209.669097900391
175.856506347656 175.10009765625 177.837493896484 179.765197753906 179.767196655273 182.082000732422 185.067199707031 186.05549621582 188.047607421875 185.418197631836 184.772399902344 185.775894165039 182.109497070312 179.773193359375 182.758102416992 185.091094970703 186.731094360352 187.395492553711 189.280807495117 188.340103149414 189.334503173828 189.149307250977 192.136505126953 192.952499389648 194.936706542969 194.930404663086 194.93879699707 194.854507446289 194.034606933594 194.839996337891 196.818801879883 197.618499755859 199.536407470703 200.162902832031 200.143402099609 201.055694580078 201.041198730469 200.955093383789 201.878204345703 203.970504760742 204.794403076172 203.796905517578 204.925796508789 206.913299560547 206.933898925781 207.789306640625 208.783294677734
173.113098144531 175.099594116211 176.104995727539 177.090698242188 179.776702880859 181.096206665039 183.094604492188 185.733795166016 186.065994262695 183.772399902344 183.427993774414 184.782501220703 183.770202636719 181.754699707031 181.089202880859 183.080703735352 183.721694946289 183.46110534668 186.460601806641 187.347198486328 188.159896850586 191.145706176758 191.140899658203 193.062393188477 195.055297851562 195.043792724609 195.862701416016 193.960693359375 192.027297973633 193.020202636719 194.751998901367 197.549301147461 197.543899536133 198.35009765625 200.249404907227 199.063400268555 200.0458984375 200.957901000977 200.132095336914 201.869400024414 202.807495117188 202.985305786133 201.991806030273 202.00520324707 203.109603881836 203.04899597168 204.162506103516
171.45979309082 172.112503051758 173.787399291992 176.10090637207 178.102600097656 179.113998413086 182.107604980469 183.104507446289 181.434005737305 177.787094116211 179.790603637695 181.137802124023 182.782196044922 184.759506225586 185.089599609375 183.067993164062 188.05810546875 189.362106323242 193.137298583984 195.032501220703 192.085098266602 191.89680480957 191.892593383789 193.813995361328 193.867004394531 195.790405273438 193.970703125 192.969497680664 192.139694213867 191.943405151367 193.75439453125 194.736694335938 197.463806152344 198.26969909668 198.247802734375 198.068298339844 198.050201416016 198.961807250977 198.95979309082 200.889495849609 201.99040222168 203.178100585938 205.002899169922 205.006805419922 203.124893188477 202.203598022461 201.389099121094
171.455596923828 174.110992431641 176.104400634766 176.793899536133 178.102600097656 180.12060546875 180.116806030273 180.456298828125 179.450805664062 178.794998168945 178.794998168945 181.141098022461 184.136703491211 183.759094238281 186.081298828125 185.066299438477 186.064895629883 189.399307250977 191.393096923828 193.024795532227 192.02099609375 192.011901855469 191.823394775391 191.982894897461 193.901306152344 195.897201538086 193.891204833984 193.071594238281 192.068695068359 190.94889831543 192.66960144043 193.726303100586 194.539398193359 194.517700195312 193.330093383789 194.131805419922 196.04670715332 196.041107177734 196.962005615234 199.14469909668 201.067199707031 202.995697021484 204.009704589844 204.185501098633 203.374801635742 202.493804931641 201.490905761719
171.441299438477 176.098205566406 182.104904174805 182.75439453125 182.749893188477 182.108505249023 183.099792480469 182.451293945312 183.443603515625 182.788299560547 183.791397094727 182.785995483398 183.79150390625 184.777801513672 189.738006591797 190.728302001953 185.726303100586 188.35969543457 188.216506958008 189.225601196289 189.842102050781 190.908203125 192.808807373047 191.731796264648 193.710906982422 194.698501586914 194.875900268555 193.869903564453 194.856704711914 194.677307128906 193.834396362305 194.469802856445 194.521392822266 194.322006225586 193.204803466797 193.199401855469 194.122604370117 196.037796020508 197.967498779297 198.962295532227 199.248901367188 201.082992553711 202.183807373047 204.113296508789 203.29899597168 203.308502197266 202.496002197266
169.411605834961 171.834503173828 175.761795043945 179.846893310547 182.773803710938 184.76789855957 186.744400024414 189.093307495117 191.089294433594 188.436492919922 186.436004638672 185.450607299805 186.77799987793 188.41340637207 188.754699707031 189.378295898438 187.386795043945 190.100601196289 190.05549621582 191.047302246094 193.599792480469 193.57600402832 193.5498046875 195.462707519531 195.623504638672 197.542602539062 199.529693603516 199.703796386719 198.581497192383 198.688201904297 198.398895263672 198.446792602539 199.261596679688 199.067504882812 197.130294799805 193.194595336914 193.189193725586 195.923904418945 199.971893310547 199.96760559082 200.25390625 203.003601074219 205.107498168945 207.287094116211 209.224304199219 209.435394287109 210.409301757812
169.052505493164 170.745193481445 174.63850402832 180.821594238281 181.811798095703 184.735305786133 188.064102172852 189.722106933594 194.073501586914 196.064895629883 193.413299560547 193.418899536133 190.064605712891 190.404800415039 191.036895751953 190.396301269531 192.377105712891 193.925094604492 194.989303588867 194.803207397461 197.409194946289 197.380401611328 197.470199584961 199.183303833008 200.447692871094 201.254898071289 201.489807128906 202.411102294922 202.414505004883 202.406997680664 203.476196289062 201.353897094727 202.174194335938 202.9833984375 200.864898681641 196.01350402832 194.175903320312 196.002197265625 199.038192749023 200.96369934082 203.069107055664 206.17170715332 208.103500366211 211.040100097656 213.147796630859 218.401000976562 218.029403686523
171.705596923828 170.709701538086 173.704406738281 179.651901245117 185.624298095703 188.53759765625 191.691192626953 194.036193847656 197.035003662109 198.048095703125 200.053405761719 200.052200317383 197.055603027344 196.056793212891 196.054092407227 197.054794311523 198.04280090332 198.866104125977 200.741806030273 199.545806884766 200.341293334961 203.050994873047 205.130004882812 207.018707275391 208.90739440918 206.067596435547 206.135101318359 207.126800537109 206.132507324219 205.301406860352 204.198593139648 205.079498291016 205.081298828125 202.983306884766 200.859298706055 198.937103271484 196.833297729492 198.931198120117 203.854904174805 205.956405639648 206.059295654297 210.916793823242 212.017105102539 214.137893676758 219.052505493164 220.019897460938 219.361892700195
171.714004516602 172.526504516602 177.535003662109 181.709396362305 186.616302490234 193.540802001953 197.459396362305 196.680892944336 200.025604248047 203.025802612305 203.683700561523 202.686096191406 201.735107421875 199.029205322266 198.016204833984 198.048202514648 199.042297363281 201.867797851562 202.684005737305 204.470794677734 207.166595458984 209.129699707031 211.835494995117 212.904495239258 214.792602539062 212.788497924805 209.95100402832 210.958801269531 212.020401000977 210.025497436523 209.912094116211 213.731994628906 209.997695922852 209.715393066406 207.781692504883 208.675994873047 203.753601074219 203.92919921875 206.962005615234 209.992202758789 209.992202758789 211.099502563477 214.946792602539 218.041793823242 221.009902954102 223.340103149414 222.681304931641
178.677597045898 175.642303466797 178.606903076172 184.522598266602 190.438400268555 198.362594604492 201.454696655273 201.678497314453 205.657104492188 210.654495239258 213.671295166016 214.220306396484 211.467102050781 204.703201293945 201.766006469727 199.984893798828 202.861099243164 205.800994873047 207.77490234375 212.363494873047 215.061096191406 219.759506225586 223.564697265625 220.520294189453 217.619995117188 214.652297973633 213.835205078125 216.749893188477 216.843200683594 217.91650390625 219.667098999023 217.744903564453 216.453796386719 217.525405883789 214.622497558594 213.699401855469 211.601501464844 212.524505615234 212.882705688477 215.901794433594 215.896392822266 216.00520324707 218.114501953125 220.345993041992 226.324401855469 226.31950378418 227.662994384766
188.713302612305 183.576705932617 184.461700439453 189.519805908203 196.255493164062 205.356704711914 208.450393676758 214.372695922852 217.655197143555 218.634399414062 215.295394897461 219.184997558594 218.372894287109 217.605392456055 214.660797119141 212.953796386719 209.95280456543 209.755905151367 213.477401733398 220.174194335938 226.869598388672 231.487396240234 237.104293823242 238.065994262695 233.977005004883 225.397598266602 225.379302978516 224.380798339844 222.647705078125 221.66520690918 219.563598632812 217.705993652344 217.553894042969 218.625793457031 218.521102905273 220.35710144043 218.61979675293 221.358093261719 221.644393920898 223.751800537109 222.916900634766 224.842498779297 224.990295410156 227.318405151367 230.292007446289 234.277893066406 235.253494262695
197.729598999023 195.525604248047 193.391098022461 197.376098632812 205.180892944336 209.355697631836 218.194396972656 228.124694824219 232.042404174805 233.27799987793 228.253997802734 217.58479309082 216.573806762695 214.566299438477 217.556198120117 218.617904663086 212.611892700195 211.610702514648 222.330093383789 245.660003662109 257.279510498047 250.965805053711 255.58039855957 262.476806640625 256.274688720703 242.772399902344 235.936706542969 232 231.013198852539 225.530197143555 223.450302124023 222.534393310547 222.380401611328 223.27490234375 224.120407104492 224.394607543945 226.452499389648 228.376602172852 232.304595947266 231.47509765625 232.754898071289 231.955703735352 231.283905029297 234.281692504883 234.277893066406 238.235702514648 239.233001708984
202.764205932617 203.538192749023 200.387100219727 206.255599975586 216.007507324219 222.989501953125 229.081405639648 236.186996459961 245.11360168457 256.0498046875 252.277801513672 236.546798706055 222.866302490234 213.852294921875 211.833404541016 212.817001342773 211.803894042969 219.451400756836 229.184906005859 251.7001953125 271.103790283203 299.322814941406 300.967407226562 280.082794189453 271.022003173828 274.854614257812 264.783294677734 245.475601196289 240.551498413086 233.90119934082 232.811294555664 229.173095703125 228.19270324707 228.119094848633 229.19889831543 230.117904663086 232.299697875977 235.400207519531 239.30810546875 240.480606079102 241.555099487305 241.915893554688 240.905502319336 245.223098754883 247.22200012207 246.201599121094 247.191299438477
212.817901611328 209.435302734375 217.222396850586 222.098098754883 231.826995849609 242.829803466797 245.925003051758 260.853607177734 251.930099487305 230.302795410156 214.50959777832 215.837203979492 210.147201538086 210.125595092773 207.459594726562 205.102401733398 208.081497192383 211.720199584961 217.341598510742 228.964096069336 245.376007080078 257.955108642578 269.603790283203 272.227508544922 274.866302490234 270.804901123047 268.521606445312 268.497711181641 248.266403198242 243.376495361328 241.36979675293 237.724502563477 233.081298828125 234.193206787109 237.845397949219 237.123199462891 239.312103271484 241.30110168457 244.321701049805 247.522903442383 248.875793457031 250.872100830078 250.872100830078 254.839294433594 264.148986816406 265.76220703125 261.113800048828
216.668395996094 219.339202880859 242.983703613281 260.790893554688 265.710693359375 274.622589111328 255.739501953125 235.039001464844 215.414596557617 210.505096435547 208.822906494141 207.149703979492 200.794204711914 198.413192749023 198.391693115234 206.025695800781 207.028305053711 207.668502807617 214.304397583008 222.281204223633 230.896301269531 243.509292602539 252.890701293945 255.710906982422 254.653106689453 271.725189208984 282.191802978516 255.791900634766 259.641204833984 260.7587890625 242.44059753418 240.554595947266 242.655807495117 242.749099731445 241.852294921875 240.401702880859 244.305694580078 251.492202758789 253.473495483398 256.808288574219 259.15869140625 259.815093994141 260.181884765625 263.148010253906 270.745300292969 280.353210449219 281.344512939453
