ENMTML/All_vars/Predictors/EUR_only/bio19.asc
NCOLS 440 
NROWS 275 
XLLCORNER -11.5 
YLLCORNER 25.4999999994691 
CELLSIZE 0.166666666666667 
NODATA_value -3.4e+38 
[rows 147 to 167 of 275, columns 376 to 422 of 440]
31.7562999725342 31.7562999725342 32.367561340332 31.3660202026367 31.3655109405518 32.1955604553223 32.3751411437988 31.7697696685791 31.7693500518799 31.7714290618896 32.439151763916 33.0776405334473 33.0772514343262 33.0795516967773 33.0795516967773 33.0860595703125 33.7541694641113 34.7376594543457 35.7337799072266 36.0874214172363 36.093921661377 36.76171875 36.76171875 37.7570495605469 37.7576217651367 37.7574691772461 37.756721496582 39.7723388671875 39.7726707458496 39.7798690795898 39.7798690795898 39.7798690795898 39.7798690795898 39.7907295227051 39.7907295227051 40.1437606811523 41.1397094726562 41.1413116455078 43.1441116333008 43.153938293457 43.1469306945801 43.1553001403809 42.4860801696777 42.4874382019043 42.2575912475586 42.2545700073242 42.2545700073242
31.7610607147217 30.7670402526855 30.3724098205566 31.3661994934082 31.3681507110596 31.2930393218994 32.1220092773438 31.4069595336914 31.4090595245361 31.4146595001221 31.4146595001221 31.4170608520508 32.0848693847656 32.0907211303711 33.0854988098145 33.0860595703125 33.0860595703125 33.0828285217285 33.7511291503906 34.1037292480469 35.0991401672363 35.0991401672363 35.0984382629395 35.1049613952637 35.7731513977051 37.7519683837891 37.7519683837891 36.7699584960938 37.120361328125 38.1048889160156 37.1312713623047 37.1312713623047 38.1269302368164 39.7920188903809 39.7925109863281 40.1441116333008 40.1441688537598 40.1548385620117 40.1550788879395 41.491771697998 41.4947319030762 41.5031700134277 42.2575912475586 40.3576507568359 41.3466186523438 41.3466186523438 40.3505210876465
30.7548904418945 30.7568397521973 29.7392902374268 29.7451000213623 30.2982597351074 30.2977600097656 29.7465991973877 29.752010345459 31.4140605926514 31.4140605926514 31.4158306121826 31.4222202301025 31.4222202301025 31.4105091094971 32.0794296264648 32.0882110595703 33.0838394165039 33.0838394165039 33.0838394165039 33.4352912902832 33.4416999816895 34.1128692626953 35.0974502563477 35.0965614318848 35.0938186645508 35.4553489685059 36.1128616333008 37.1090507507324 37.1090507507324 37.1187896728516 37.1312713623047 38.4634704589844 39.4582290649414 39.4693298339844 40.1312599182129 40.1396598815918 40.4914283752441 40.5022315979004 40.50244140625 42.1801681518555 41.18701171875 42.1832695007324 40.3574485778809 40.3574485778809 40.357479095459 40.357479095459 40.357479095459
29.7747402191162 29.7798500061035 29.1118507385254 28.7619094848633 28.7625198364258 28.7644195556641 28.7696208953857 28.7696208953857 28.7691993713379 29.4323196411133 29.4323196411133 31.4113998413086 31.4113998413086 31.4194793701172 31.4194793701172 31.4194793701172 32.0882110595703 32.0882110595703 33.0785102844238 33.4323806762695 33.432731628418 33.432731628418 33.4314193725586 33.4318084716797 34.1073989868164 35.103271484375 35.1023406982422 35.4536285400391 35.4536285400391 35.1035614013672 37.4672698974609 37.4661712646484 37.4786911010742 37.4815788269043 38.4666900634766 39.8221893310547 39.8252105712891 39.8252792358398 39.8254699707031 39.8362312316895 40.3574485778809 40.3574485778809 40.3588981628418 40.5373115539551 40.3620491027832 40.3620491027832 40.3635215759277
29.7785701751709 29.111400604248 29.1133003234863 28.7631893157959 28.7696208953857 28.7696208953857 28.7571296691895 28.7591590881348 28.7645893096924 28.7645893096924 29.4331207275391 29.4355201721191 29.4412498474121 30.4361000061035 30.4361000061035 30.4244995117188 30.4309692382812 30.4334201812744 30.433219909668 31.4525604248047 31.4529495239258 32.4548988342285 32.4437713623047 32.4437713623047 32.4440689086914 32.4440689086914 32.4428787231445 33.1128005981445 34.4672203063965 34.4701805114746 34.4660606384277 35.812068939209 35.812068939209 36.8097381591797 37.4897499084473 37.489990234375 37.4914283752441 38.3620796203613 38.3652801513672 38.3652801513672 39.4386100769043 40.5446891784668 40.5446891784668 40.5446891784668 40.5479316711426 38.7908096313477 38.7908096313477
28.7860202789307 28.1192798614502 28.124340057373 28.1121406555176 27.7633399963379 27.7648696899414 28.7645893096924 28.7645893096924 28.7645893096924 28.76535987854 28.7727699279785 28.7733001708984 29.4412498474121 29.4295291900635 29.4354190826416 29.4377994537354 30.4327697753906 30.4342403411865 30.7852096557617 30.791540145874 30.7802791595459 30.7805995941162 30.783260345459 32.4440689086914 32.4440689086914 32.7943305969238 32.4494400024414 32.442569732666 32.7939109802246 32.7939491271973 32.8048706054688 32.8050918579102 34.820499420166 34.8329010009766 35.8179893493652 35.8287582397461 36.8251190185547 37.27587890625 37.4558715820312 37.535831451416 37.5343589782715 37.5345306396484 38.7891883850098 38.7893409729004 39.7168884277344 37.7942199707031 37.5496711730957
28.7866497039795 28.1121406555176 28.1121406555176 28.1117305755615 28.1144199371338 27.7701892852783 27.7701892852783 27.7696208953857 27.7720508575439 28.7722396850586 28.7610397338867 28.7610397338867 28.7610397338867 28.7691802978516 28.7689399719238 29.4381103515625 29.4381103515625 29.4333190917969 30.7799606323242 30.7799606323242 30.7826499938965 30.7829494476318 30.789249420166 30.7782402038574 30.7771892547607 32.7894401550293 32.7896308898926 32.7896308898926 32.7896308898926 32.7925300598145 32.7996482849121 32.8009605407715 32.811939239502 34.1599006652832 34.1706886291504 34.8400382995605 36.464958190918 36.464958190918 37.4647216796875 37.5446014404297 37.5448684692383 37.7232704162598 37.8016700744629 37.8016700744629 38.7982292175293 37.5498695373535 36.7186698913574
28.7795391082764 28.7798595428467 28.1142997741699 28.1137008666992 28.1197299957275 28.119930267334 27.7692108154297 27.7767391204834 27.7775897979736 27.7657203674316 27.7662296295166 28.7691802978516 28.7689399719238 28.7699203491211 28.7699203491211 28.7759609222412 28.7645092010498 29.118049621582 29.7869205474854 29.7868595123291 30.789249420166 30.7782402038574 30.7784595489502 30.7784595489502 29.795129776001 29.7926692962646 32.1234092712402 32.1124305725098 32.1194381713867 31.8034591674805 32.7886009216309 32.7995109558105 33.1540184020996 33.1649284362793 33.1680183410645 34.4540596008301 34.4541702270508 34.7125587463379 34.7126884460449 36.4715309143066 37.5480499267578 37.7265396118164 37.7232704162598 37.8032188415527 37.8063583374023 36.7263298034668 36.9082412719727
27.7868194580078 28.7818298339844 28.119499206543 28.119499206543 28.1197299957275 28.1208801269531 28.1272201538086 28.1153793334961 27.7657203674316 27.7662296295166 27.7738704681396 27.7738704681396 27.7748603820801 27.7748603820801 29.1154594421387 29.118049621582 29.118049621582 28.133939743042 28.1404991149902 28.1404991149902 28.1302890777588 28.7989692687988 28.7989692687988 29.795129776001 29.800500869751 31.1286201477051 31.1176300048828 30.1395397186279 30.1395397186279 30.1395397186279 30.1424102783203 30.1547794342041 32.1719017028809 33.3759498596191 33.3760414123535 33.4560890197754 34.6324615478516 34.7126884460449 34.7200012207031 34.8909912109375 35.8986511230469 37.7265090942383 37.7265396118164 37.9847717285156 35.980110168457 35.980110168457 35.980110168457
27.7861309051514 27.7926902770996 27.1250896453857 27.1262092590332 28.1214408874512 28.1269092559814 28.1158695220947 28.1167507171631 28.1189994812012 28.1245498657227 28.1245498657227 28.1255397796631 27.1479206085205 27.1386699676514 27.1386699676514 27.1381397247314 28.1335792541504 28.1398391723633 28.141300201416 28.1300296783447 28.1327209472656 28.1327209472656 28.1392707824707 28.1382102966309 28.1270599365234 30.1406192779541 30.1407508850098 30.1436901092529 30.1393795013428 30.1422805786133 30.1506500244141 30.5023307800293 30.5131893157959 32.5521392822266 33.5615386962891 33.641529083252 33.641731262207 34.7199592590332 34.8983001708984 34.8983001708984 34.9782485961914 35.9060211181641 37.0812492370605 34.9849395751953 34.9866218566895 34.9866218566895 34.9869117736816
27.7912292480469 27.7919406890869 27.7943592071533 27.1262092590332 27.1322498321533 27.1322498321533 28.1150302886963 28.1187400817871 27.1412391662598 27.1412391662598 27.1412391662598 27.1479206085205 27.1382904052734 27.1381397247314 27.1381397247314 27.144250869751 27.1453399658203 27.1479091644287 28.1324691772461 28.1327209472656 28.1392707824707 28.1392707824707 28.1382102966309 28.4865703582764 28.4782390594482 28.4782390594482 29.4746894836426 29.4746894836426 30.1508407592773 30.1508407592773 30.1508407592773 30.5023307800293 30.5478591918945 32.7303085327148 32.7303085327148 33.641529083252 33.819938659668 34.8982582092285 34.8983001708984 34.8999214172363 34.979808807373 36.0862884521484 37.0832595825195 34.9946899414062 34.9946899414062 34.9946899414062 34.9869117736816
27.7912292480469 27.7928600311279 27.7943592071533 27.1314392089844 27.1322498321533 27.1223697662354 26.1446399688721 27.1412391662598 27.1412391662598 27.1412391662598 27.1475391387939 27.1499099731445 27.1381397247314 27.1381397247314 27.144250869751 27.1445808410645 27.1445808410645 27.1445808410645 28.4798908233643 28.480110168457 28.480110168457 28.4865703582764 28.4893207550049 28.4893207550049 28.4552001953125 28.4783096313477 28.4784698486328 29.4816703796387 29.4831295013428 29.6380805969238 30.4692096710205 30.5492496490479 30.5493698120117 30.8075408935547 32.7321701049805 32.8121185302734 32.9902992248535 33.9031181335449 34.8999099731445 35.1580581665039 35.1580581665039 36.0862503051758 34.9929084777832 34.9946899414062 35.2527618408203 35.2527618408203 35.2527618408203
27.793399810791 27.7928600311279 27.7996997833252 27.7992095947266 27.1343307495117 27.1221199035645 27.1276607513428 26.1454696655273 26.1463108062744 27.1488990783691 27.1497001647949 27.1381397247314 27.1381397247314 27.1467800140381 27.1445808410645 28.4689903259277 28.4787197113037 29.4745502471924 29.4633102416992 28.480110168457 28.480110168457 28.4893207550049 28.535530090332 28.5369205474854 28.4565906524658 28.4865207672119 28.4865207672119 28.6414203643799 28.6414203643799 29.6380805969238 29.8453693389893 30.727409362793 30.727409362793 31.7353801727295 32.9103507995605 32.9902992248535 32.9919090270996 33.0719413757324 35.0782203674316 35.1583099365234 35.1583099365234 36.3443794250488 34.3397483825684 34.4212989807129 34.4212989807129 34.4212989807129 34.4264984130859
28.1435604095459 27.7986106872559 27.8018093109131 27.8013191223145 27.1340293884277 27.1276607513428 27.1276607513428 26.1485195159912 26.1539001464844 26.1545104980469 26.1545104980469 27.1381397247314 27.1467800140381 26.4794006347656 28.4689903259277 28.4725494384766 28.4787197113037 28.4799098968506 27.4842891693115 27.5367202758789 27.4932403564453 28.4906692504883 28.4907093048096 28.4565906524658 28.4865207672119 28.463399887085 28.6414203643799 28.6414203643799 28.6414203643799 28.6414203643799 29.8962898254395 29.8962898254395 30.727409362793 31.913459777832 31.913459777832 32.9902992248535 32.9919204711914 33.2572593688965 33.2575798034668 34.3344497680664 35.3441390991211 35.4238586425781 34.4212989807129 34.4230918884277 34.4282913208008 34.4264984130859 34.4268493652344
28.1408596038818 28.1416091918945 28.1484794616699 28.1492805480957 28.1491794586182 27.1390991210938 27.1285495758057 27.1364002227783 26.1535396575928 26.1545104980469 26.1511707305908 26.1511707305908 25.4837493896484 28.4722003936768 28.4725494384766 28.4787006378174 28.4787006378174 27.4842891693115 27.4932403564453 27.4932403564453 27.4943695068359 27.4943695068359 27.5405807495117 28.7215404510498 28.6413402557373 28.6413707733154 28.6414203643799 28.6414203643799 28.7216796875 28.8996295928955 28.899829864502 29.8964996337891 29.9797306060791 30.9961204528809 31.9239807128906 32.0055885314941 33.1812782287598 33.2609710693359 33.2608795166016 33.5189399719238 34.5177917480469 35.4290504455566 34.4265899658203 34.4368286132812 34.6154098510742 34.6154098510742 34.6154098510742
29.169979095459 28.1408596038818 28.1484794616699 28.1492805480957 28.4966106414795 27.4871406555176 28.4820308685303 27.4785499572754 27.4841995239258 27.4881000518799 26.1626205444336 26.1511001586914 27.4954299926758 28.4787197113037 28.8296604156494 28.8296604156494 28.1609992980957 26.8244800567627 27.1752796173096 27.1766204833984 26.8877792358398 26.8877792358398 26.894250869751 26.894250869751 28.7216300964355 28.724609375 28.6444396972656 28.724609375 28.9028205871582 28.9043502807617 28.9113597869873 28.9113597869873 29.98996925354 30.1680908203125 30.1684093475342 32.0076217651367 32.0076217651367 33.2645683288574 33.2645683288574 33.5223808288574 33.5227394104004 34.5996284484863 34.7797698974609 34.6154098510742 34.6948013305664 34.6948013305664 34.6154098510742
28.8279705047607 28.1605701446533 28.1484794616699 28.1492805480957 28.1488304138184 29.4944591522217 28.8265399932861 28.8319492340088 28.8241004943848 28.4805297851562 28.4835796356201 26.5011291503906 28.4710292816162 28.8296604156494 28.1609992980957 28.1609992980957 28.1607894897461 28.1599407196045 27.8132991790771 26.8877792358398 26.8877792358398 26.894250869751 26.8943405151367 26.897159576416 26.897159576416 27.8952903747559 27.8952903747559 28.9043407440186 28.9114799499512 28.9114799499512 28.9129695892334 28.9129695892334 29.1713600158691 30.1684093475342 30.1684093475342 30.2483501434326 31.3560390472412 32.2673988342285 33.2649612426758 33.5229606628418 33.5227394104004 33.6119117736816 34.7875709533691 34.6948013305664 34.6948013305664 34.8732986450195 34.8732986450195
28.8297691345215 28.8309497833252 28.1688995361328 28.1570205688477 29.5020694732666 29.5026302337646 28.832670211792 28.8358306884766 28.8294906616211 28.8336906433105 28.4886703491211 27.4863796234131 25.8348293304443 25.8409004211426 25.8395004272461 28.1607894897461 28.1712303161621 27.893949508667 27.8135509490967 27.8135509490967 26.894250869751 26.897159576416 26.8985691070557 26.8985691070557 26.8987293243408 27.0765495300293 28.0732402801514 28.0802097320557 28.9114799499512 28.9114093780518 28.9130401611328 29.0913391113281 29.1713600158691 29.1713600158691 30.1716995239258 30.2532691955566 31.3598098754883 31.4395999908447 33.2763710021973 33.5343017578125 33.5359802246094 33.6154098510742 34.7875709533691 33.8758392333984 34.8752708435059 34.8752708435059 34.8752708435059
30.8084907531738 29.8314304351807 29.1668395996094 29.1665306091309 29.5030307769775 29.5026302337646 28.8345203399658 28.8411693572998 28.8318099975586 28.8336906433105 28.8397808074951 28.4937801361084 26.8177604675293 25.8395004272461 25.8444995880127 25.8445491790771 27.190559387207 28.1712303161621 27.9912891387939 27.9912891387939 27.9978809356689 26.8985691070557 27.076379776001 27.0765495300293 27.0765495300293 27.0765495300293 27.0833301544189 28.0802097320557 28.0801601409912 28.9114093780518 29.0914402008057 29.174690246582 29.1745891571045 29.1745891571045 30.1716995239258 30.4318199157715 31.3599796295166 31.447359085083 31.4471702575684 33.5343017578125 33.5362205505371 33.7943992614746 33.7941818237305 33.8777503967285 34.8752708435059 34.954948425293 34.8795509338379
30.8203105926514 30.8174896240234 29.8433094024658 29.1716403961182 30.4888496398926 29.5107192993164 29.511739730835 28.8444309234619 28.8328895568848 28.8336906433105 28.8397808074951 28.8436298370361 28.1713104248047 26.8277702331543 25.8444995880127 26.1955509185791 25.8047695159912 27.8979892730713 27.9912891387939 28.0023002624512 28.0038108825684 28.0038108825684 27.0765495300293 27.0765495300293 27.0765495300293 27.0833301544189 27.0833301544189 27.0832996368408 28.2580795288086 28.2612400054932 29.0947303771973 29.174690246582 29.174690246582 29.17626953125 29.17626953125 31.3698501586914 31.3696098327637 31.3696098327637 31.4511108398438 31.6291694641113 33.538688659668 33.7168502807617 33.7963409423828 33.796070098877 33.8814392089844 34.8792915344238 34.8006286621094
31.4967708587646 30.8289909362793 30.8179397583008 29.84494972229 29.1758899688721 30.4956893920898 29.5128192901611 28.8444309234619 28.8537406921387 28.4923095703125 28.8436298370361 28.8436298370361 28.8500308990479 27.1790504455566 26.1955509185791 25.853759765625 26.2021198272705 25.9035701751709 28.0040302276611 26.900110244751 26.9031105041504 27.0765495300293 28.004020690918 28.004020690918 28.0109806060791 28.1888198852539 28.1888198852539 28.1888198852539 28.2612400054932 29.1913604736328 29.1913604736328 30.1045703887939 30.1045703887939 30.1045703887939 30.2907199859619 30.3722801208496 31.3698501586914 31.3735103607178 31.4554805755615 31.4552307128906 31.6336193084717 33.7168502807617 33.7168502807617 33.7230110168457 33.8028793334961 33.8028793334961 33.7215118408203
