ENMTML/All_vars/Predictors/EUR_only/bio13.asc
NCOLS 411 
NROWS 214 
XLLCORNER -11.5 
YLLCORNER 35.666666666112 
CELLSIZE 0.166666666666667 
NODATA_value -3.4e+38 
[rows 21 to 41 of 214, columns 235 to 281 of 411]
15.981499671936 16.2101001739502 16.4419994354248 16.2103004455566 16.2112007141113 16.2401008605957 16.2106990814209 16.2411994934082 16.4706001281738 16.4706993103027 16.7019004821777 16.9323997497559 16.7318000793457 16.472900390625 16.0412998199463 15.8121995925903 15.5823001861572 15.8131999969482 16.2733993530273 15.8148002624512 15.8149003982544 15.8157997131348 16.0463008880615 16.2772998809814 16.2486000061035 16.0179996490479 15.7880001068115 15.8178997039795 17.6604995727539 16.5086994171143 16.2493991851807 15.8176002502441 15.8169002532959 16.9676990509033 18.6084003448486 18.1459999084473 18.3752994537354 17.2236995697021 16.3302001953125 15.4082002639771 15.6379995346069 16.9906005859375 16.5289993286133 15.6075000762939 14.4851999282837 14.4862003326416 14.4863004684448
16.012300491333 16.0116996765137 16.2411994934082 16.2411994934082 16.0107002258301 16.0107002258301 16.2406005859375 16.2408008575439 16.4708995819092 16.4724998474121 16.7311000823975 17.1620998382568 16.9326000213623 16.9328994750977 16.7338008880615 16.7043991088867 16.5025005340576 16.2726993560791 16.0435009002686 16.0435009002686 15.8151998519897 15.8155002593994 15.8161001205444 15.5868997573853 15.5869998931885 15.5864000320435 15.5873003005981 15.7896003723145 15.789400100708 15.7891998291016 15.6174001693726 15.8184003829956 15.8184995651245 15.8467998504639 16.3351993560791 16.7665004730225 17.0245990753174 17.0231990814209 15.8718004226685 15.1331996917725 14.9027004241943 14.90149974823 14.9011001586914 14.7161998748779 14.6698999404907 14.6709003448486 14.6710996627808
15.7825002670288 16.0118999481201 15.8114004135132 15.8105001449585 16.2423000335693 16.2422008514404 16.7026996612549 16.7026996612549 16.7021999359131 16.7325000762939 16.7322998046875 17.1637001037598 16.9624004364014 16.7322998046875 16.7332992553711 16.9631004333496 16.9634990692139 16.3027992248535 16.0732002258301 16.3043003082275 16.5048007965088 16.966100692749 16.736400604248 16.0468006134033 16.2481002807617 15.8171997070312 15.5864000320435 15.7882995605469 15.5598001480103 15.5892000198364 15.849100112915 16.0785999298096 15.6473999023438 15.8395004272461 15.8315000534058 15.6003999710083 15.5831003189087 15.3517999649048 15.1131000518799 15.1037998199463 15.0956001281738 15.0954999923706 14.90149974823 14.9013004302979 14.6252002716064 14.4406003952026 14.6253004074097
15.7835998535156 15.782600402832 15.782600402832 15.8118000030518 16.0417003631592 16.2422008514404 16.4733009338379 16.5020999908447 16.7036991119385 16.5018997192383 16.7035999298096 16.7322998046875 16.7318000793457 16.7031002044678 16.7334003448486 16.733699798584 16.9647998809814 17.1944007873535 16.763599395752 16.9652004241943 16.9655990600586 17.1961002349854 16.736499786377 16.5060005187988 16.0468997955322 16.0471000671387 15.818699836731 15.5586004257202 15.5599002838135 16.050500869751 15.8800001144409 16.2945995330811 16.5237998962402 16.0550003051758 15.8235998153687 15.5923004150391 15.3611001968384 15.1220998764038 15.1131000518799 14.881799697876 14.6505002975464 15.0950002670288 14.8642997741699 14.6330003738403 14.6253995895386 14.4029998779297 14.3954000473022
15.5840997695923 15.8134002685547 16.0428009033203 16.474100112915 16.273099899292 16.0438003540039 16.0438003540039 16.2724990844727 16.2728996276855 16.502799987793 16.5032997131348 16.9342002868652 16.7332992553711 16.7338008880615 16.7338008880615 16.7338008880615 16.5331993103027 16.7334995269775 16.5330009460449 16.5337009429932 16.3029003143311 16.765100479126 16.9659996032715 16.5361995697021 15.8168001174927 15.3853998184204 15.1267004013062 14.9267997741699 14.9292001724243 15.4195003509521 15.6054000854492 16.2728996276855 16.0421009063721 16.0401992797852 15.585599899292 15.3542003631592 15.3534002304077 15.1206998825073 14.8822002410889 14.6518001556396 14.6504001617432 14.8641004562378 14.640700340271 14.6325998306274 14.4013996124268 14.1718997955322 14.171799659729
15.8143997192383 15.8421001434326 16.0436992645264 16.0436992645264 16.2726993560791 16.0431995391846 16.273099899292 16.274299621582 16.7332992553711 16.7339992523193 16.7334995269775 16.7334995269775 16.9638004302979 16.9934005737305 16.7332992553711 16.0727996826172 15.8411998748779 16.0725994110107 15.8709001541138 15.8421001434326 16.0729999542236 15.6426000595093 15.8444995880127 15.6431999206543 15.4139003753662 15.3852996826172 14.956000328064 15.3879995346069 15.1426000595093 15.1444997787476 -3.4e+38 16.2576007843018 16.7171993255615 16.2630996704102 15.8002996444702 15.3540000915527 15.3444995880127 15.1134004592896 14.8809995651245 14.6515998840332 14.4278001785278 14.4182996749878 14.4103002548218 14.4006996154785 14.1792001724243 14.1703996658325 14.1693000793457
15.8440999984741 15.8440999984741 15.8436002731323 16.0734996795654 16.5044994354248 16.5338001251221 16.7348003387451 16.7343997955322 16.7350997924805 17.1949005126953 17.1949005126953 17.1949005126953 16.9647006988525 16.7632007598877 16.5328006744385 16.0720996856689 15.8411998748779 15.6409997940063 15.8418998718262 15.6409997940063 15.6414003372192 16.1028003692627 15.4124002456665 15.3674001693726 15.182900428772 15.1386995315552 15.1410999298096 15.1415004730225 15.3503999710083 15.5740003585815 15.7892999649048 16.0128002166748 -3.4e+38 -3.4e+38 15.5704002380371 15.3382997512817 15.1142997741699 14.8906002044678 14.6591997146606 14.4278001785278 14.1967000961304 14.18869972229 14.18630027771 14.177300453186 13.9554996490479 13.9465999603271 14.1693000793457
15.8734998703003 15.8732995986938 16.073600769043 16.3047008514404 16.5338001251221 16.534200668335 16.7649993896484 16.7355995178223 16.734899520874 16.734899520874 16.9655990600586 16.994800567627 16.9650001525879 16.9636001586914 16.7630996704102 16.532600402832 16.1018009185791 15.8706998825073 15.6410999298096 15.5959997177124 15.5959997177124 15.5963001251221 15.8274002075195 15.597900390625 15.568699836731 15.3464002609253 15.3477001190186 15.3484001159668 15.5722999572754 16.0181999206543 16.0109004974365 16.2339000701904 16.0100994110107 15.7859001159668 -3.4e+38 -3.4e+38 -3.4e+38 -3.4e+38 -3.4e+38 -3.4e+38 14.1957998275757 14.1868000030518 13.7327003479004 13.7243995666504 13.7236003875732 13.7230997085571 13.722900390625
16.3353004455566 16.3339004516602 16.3334999084473 16.3341999053955 16.5352993011475 16.7644996643066 16.7656993865967 16.7660007476807 16.7366008758545 16.7366008758545 16.7653007507324 16.7651996612549 16.7644996643066 16.7644996643066 16.9934005737305 16.7935009002686 16.2865009307861 15.8704996109009 15.5944004058838 15.5952997207642 16.055700302124 15.8259000778198 16.0188007354736 16.019100189209 15.7974996566772 15.7975997924805 15.7981996536255 15.7926998138428 15.7925996780396 16.0156002044678 16.2387008666992 16.2394008636475 16.00830078125 16.0065002441406 15.7811002731323 15.3283004760742 -3.4e+38 -3.4e+38 -3.4e+38 -3.4e+38 -3.4e+38 -3.4e+38 -3.4e+38 -3.4e+38 -3.4e+38 -3.4e+38 13.4919004440308
16.5198993682861 16.5196990966797 16.3341999053955 16.5643005371094 16.7954006195068 16.9958992004395 16.7661991119385 16.7661991119385 16.7665004730225 16.9964008331299 16.7665004730225 16.5643005371094 16.764799118042 16.7936992645264 16.7931003570557 16.7915992736816 16.5165004730225 16.1014003753662 16.0172996520996 16.0174999237061 15.7951002120972 16.0177993774414 16.2481002807617 16.017599105835 16.0189990997314 16.0191993713379 16.24169921875 16.2437000274658 16.2443008422852 16.2371997833252 16.2371997833252 16.2371006011963 16.2280006408691 16.0046005249023 15.7804002761841 15.5493001937866 15.3249998092651 15.092399597168 14.6386995315552 -3.4e+38 -3.4e+38 -3.4e+38 -3.4e+38 -3.4e+38 -3.4e+38 -3.4e+38 -3.4e+38
16.7497005462646 16.7495002746582 16.5196990966797 16.7490005493164 16.7493991851807 16.7506008148193 16.7954998016357 17.0259990692139 17.0265998840332 17.2273006439209 17.0263004302979 16.7947998046875 16.994800567627 16.7935009002686 16.7933006286621 16.7917995452881 16.7462005615234 16.2474994659424 16.0167999267578 16.0160007476807 16.0160007476807 16.0242004394531 16.2471008300781 16.2467994689941 16.2476997375488 16.2479000091553 16.4706993103027 16.4638004302979 16.4645004272461 16.4647998809814 16.4570007324219 16.4571990966797 16.4552993774414 16.2320995330811 16.0009994506836 15.7767000198364 15.545599937439 15.0917997360229 14.868200302124 14.4132995605469 14.1814002990723 -3.4e+38 -3.4e+38 -3.4e+38 -3.4e+38 -3.4e+38 -3.4e+38
16.7493000030518 16.9342994689941 16.7495002746582 16.7490005493164 16.7500991821289 16.9801006317139 17.0268001556396 17.2558002471924 17.2273998260498 17.0263004302979 17.025899887085 16.7954006195068 16.7940998077393 16.9778995513916 16.7929992675781 16.976900100708 16.7462005615234 16.744800567627 16.4771003723145 16.2457008361816 16.023099899292 16.0228996276855 16.2446994781494 16.2458000183105 16.4675998687744 16.4692993164062 16.4696998596191 16.6924991607666 16.6924991607666 16.463399887085 16.4626007080078 16.4547004699707 16.4533996582031 16.2308006286621 15.9996004104614 15.7763996124268 15.543999671936 15.3123998641968 14.8590002059937 14.6343002319336 14.1731004714966 13.7188997268677 13.2656002044678 -3.4e+38 -3.4e+38 -3.4e+38 -3.4e+38
16.9039993286133 16.9344005584717 17.1641006469727 16.9803009033203 16.9346008300781 16.9803009033203 16.980899810791 17.0263004302979 17.0261001586914 17.025899887085 17.025899887085 17.0251998901367 17.2091999053955 16.9787998199463 16.9764003753662 16.9321994781494 16.7005996704102 16.6993007659912 16.6982002258301 16.4743995666504 16.4736995697021 16.4726009368896 16.4734992980957 16.2444000244141 16.4659996032715 16.4671993255615 16.467399597168 16.6903991699219 16.6905994415283 16.6832008361816 16.4598007202148 16.4524002075195 16.4514007568359 16.2289009094238 15.9975996017456 15.9879999160767 15.5423002243042 15.3107004165649 15.0784997940063 14.6253995895386 14.1716995239258 13.7179002761841 13.4940004348755 13.4851999282837 -3.4e+38 -3.4e+38 -3.4e+38
16.9034996032715 16.903299331665 16.9340000152588 16.9340000152588 16.9344997406006 17.1648998260498 17.1657009124756 17.1657009124756 17.1665000915527 17.2105007171631 17.2103996276855 16.9794006347656 16.9792003631592 16.933500289917 16.9318008422852 16.9232997894287 16.699499130249 16.4762001037598 16.6972007751465 16.7035999298096 16.7028999328613 16.7024002075195 16.6951999664307 16.6947994232178 16.6956996917725 16.695499420166 16.6888999938965 16.6891994476318 16.9111995697021 16.9106998443604 16.6812000274658 16.6797008514404 16.4503002166748 16.4484004974365 16.2176990509033 15.9863004684448 15.7621002197266 15.5305995941162 15.0778999328613 14.8456001281738 14.3922996520996 14.1686000823975 13.93869972229 -3.4e+38 -3.4e+38 -3.4e+38 -3.4e+38
16.9022998809814 16.9023990631104 17.1336002349854 17.1338005065918 17.1651000976562 17.1646003723145 17.3649997711182 17.395299911499 17.1665000915527 17.1660003662109 17.1637992858887 16.9347991943359 16.9792995452881 16.9332008361816 16.9318008422852 16.9225997924805 16.699499130249 16.69700050354 16.7042007446289 16.702600479126 16.9234008789062 16.9234008789062 16.9237995147705 16.9242000579834 16.9242992401123 16.9244995117188 16.9181003570557 16.9165992736816 16.9102001190186 16.9090003967285 16.9083003997803 16.900899887085 16.6776008605957 16.4468994140625 16.4370002746582 16.2140998840332 15.9827995300293 15.5295000076294 15.2975997924805 14.8445997238159 14.6135997772217 14.3896999359131 -3.4e+38 -3.4e+38 -3.4e+38 -3.4e+38 -3.4e+38
17.1243991851807 16.902099609375 17.1243991851807 17.3549003601074 17.3640003204346 17.3642997741699 17.3948993682861 17.395299911499 17.3726997375488 17.1646995544434 17.149299621582 17.149299621582 17.1490001678467 17.1543998718262 16.9237995147705 16.7005996704102 16.6986999511719 16.4748992919922 16.7031002044678 16.479700088501 16.699499130249 16.6989002227783 16.922399520874 16.9223003387451 16.9223003387451 17.1455001831055 17.1453990936279 17.1380996704102 17.1380996704102 17.1296005249023 17.1289005279541 16.8987007141113 16.8981990814209 16.6676006317139 16.6660995483398 16.4349994659424 16.2038993835449 15.7510995864868 15.5263996124268 15.2951002120972 15.0641002655029 14.8323001861572 -3.4e+38 -3.4e+38 -3.4e+38 -3.4e+38 -3.4e+38
17.1236000061035 17.5762996673584 17.1315002441406 17.3546009063721 17.3631992340088 17.5867004394531 17.593900680542 17.5944004058838 17.3715991973877 17.3712997436523 17.3712997436523 17.3792991638184 17.3780002593994 17.156400680542 16.9316997528076 16.7078990936279 16.6984004974365 16.7043991088867 16.4813995361328 16.7019004821777 16.6993999481201 16.6987991333008 16.6993999481201 16.7005996704102 17.1439990997314 17.1441993713379 17.1443004608154 17.1359996795654 17.1361999511719 17.1359004974365 17.1275005340576 17.1268997192383 16.8969993591309 16.8957004547119 16.8868999481201 16.6637001037598 16.4328994750977 16.2015991210938 15.7482995986938 15.5170001983643 15.285400390625 15.0623998641968 15.0537004470825 -3.4e+38 -3.4e+38 -3.4e+38 -3.4e+38
17.3458995819092 17.8062992095947 17.5762996673584 17.5846004486084 17.5851993560791 17.5858001708984 17.5935001373291 17.3715991973877 17.3715991973877 17.3712997436523 17.3796005249023 17.3787002563477 17.3778991699219 17.1555004119873 17.1541004180908 16.9298000335693 16.9288997650146 16.7059993743896 16.7035999298096 17.1550006866455 16.9314994812012 16.9309005737305 17.1525001525879 17.1522006988525 17.144100189209 17.144100189209 17.1434001922607 17.1436004638672 17.357400894165 17.3563995361328 17.355899810791 17.3472003936768 17.3472995758057 17.3455009460449 17.1154003143311 16.8845996856689 16.653600692749 16.4230003356934 15.9697999954224 15.7468004226685 15.5156002044678 15.2840003967285 15.2838001251221 -3.4e+38 -3.4e+38 -3.4e+38 -3.4e+38
17.7973003387451 18.0277996063232 18.028600692749 17.8064002990723 17.5846004486084 17.584400177002 17.5928993225098 17.5937004089355 17.5937004089355 17.3787994384766 17.3787002563477 17.3787002563477 17.386100769043 17.3854007720947 17.6072006225586 17.3838005065918 17.1602001190186 17.1665000915527 17.1660995483398 17.1637992858887 17.1630001068115 17.1618003845215 17.161600112915 17.1527996063232 17.1513004302979 17.3740997314453 17.3652992248535 17.5865993499756 17.5865993499756 17.5846004486084 17.8071002960205 17.5765991210938 17.5755004882812 17.3456001281738 17.3358001708984 17.105899810791 16.8836994171143 16.8742008209229 16.6522006988525 16.1996002197266 15.9675998687744 15.737099647522 15.507399559021 15.2838001251221 -3.4e+38 -3.4e+38 -3.4e+38
17.7964992523193 17.7970008850098 18.0273990631104 17.8064994812012 17.8059997558594 17.8148002624512 17.8155994415283 17.8153991699219 17.600700378418 17.6007995605469 17.601900100708 17.608699798584 17.6089000701904 17.6082000732422 17.6159000396729 17.613899230957 17.6135997772217 17.389799118042 17.3892993927002 17.3871002197266 17.386999130249 17.3857002258301 17.38450050354 17.6060009002686 17.6046009063721 17.6039009094238 17.5946998596191 17.5948009490967 17.8157005310059 18.0365009307861 18.0284996032715 18.0273990631104 17.7973003387451 17.7891998291016 17.5650005340576 17.5573997497559 17.3339996337891 17.1040000915527 16.8742008209229 16.6501007080078 16.4200000762939 15.9680995941162 15.7452001571655 15.5153999328613 -3.4e+38 -3.4e+38 -3.4e+38
17.7954998016357 17.7954006195068 18.0266990661621 18.0361995697021 18.0361995697021 18.0363998413086 18.0459995269775 18.0457992553711 17.8237991333008 17.8237991333008 17.8309001922607 17.6093006134033 17.6082000732422 17.6079006195068 17.61549949646 17.6145000457764 17.614200592041 17.6212997436523 17.3894004821777 17.3894004821777 17.387300491333 17.387300491333 17.3855991363525 17.6067008972168 17.8281002044678 17.826000213623 18.0478992462158 18.0452995300293 18.2674007415771 18.2670993804932 18.2574005126953 18.2486991882324 18.0263004302979 18.0181999206543 17.7866992950439 17.786600112915 17.5568008422852 17.5559997558594 17.3257999420166 17.1030006408691 16.6501007080078 16.4209003448486 16.1987991333008 15.9767999649048 15.9766998291016 -3.4e+38 -3.4e+38
