ENMTML/All_vars/Predictors/EUR_only/bio12.asc
NCOLS 411 
NROWS 214 
XLLCORNER -11.5 
YLLCORNER 35.666666666112 
CELLSIZE 0.166666666666667 
NODATA_value -3.4e+38 
[rows 184 to 206 of 214, columns 357 to 407 of 411]
445.999908447266 458 475.000213623047 526 507.999694824219 486.000091552734 435.000091552734 397 365 331 293 263 247 244 240 233 229 224 -3.4e+38 -3.4e+38 -3.4e+38 -3.4e+38 -3.4e+38 172 167 159 151 140 135 130 125 123 116 115 118 116 117 116 118 122 122 124 124 123 124 128 129 129 130 130 131
378.999908447266 376 376 386.999908447266 439.999908447266 434.000091552734 406.000213623047 361.999908447266 334 305 277 253 247 247 245 243 240 235 -3.4e+38 -3.4e+38 -3.4e+38 -3.4e+38 -3.4e+38 181 174 166 156 145 138 130 126 122 118 121 118 117 118 118 119 120 119 123 125 130 131 130 138 135 138 137 137
360 357 353 347 348 366.000091552734 361 328 299 281 264 255 256 254 257 254 252 249 -3.4e+38 -3.4e+38 -3.4e+38 -3.4e+38 -3.4e+38 189 184 176 161 153 142 134 128 127 124 122 122 123 122 124 124 125 126 124 125 127 133 136 141 140 141 144 144
354 348 343 333.999908447266 319 319 298 293 274 268 266 267 266 271 272 272 269 267.000091552734 -3.4e+38 -3.4e+38 -3.4e+38 -3.4e+38 -3.4e+38 200 194 181 169 156 147 138 132 127 124 123 124 124 127 128 128 130 131 133 133 131 133 136 145 144 147 150 150
356.999908447266 352 345.000091552734 329 313 296 286 270 265 271 277 281.000091552734 277 282 284 284 281 278 -3.4e+38 -3.4e+38 -3.4e+38 -3.4e+38 -3.4e+38 218 206 193 179 164 151 142 133 124 123 123 123 123 129 133 137 135 134 137 140 144 143 144 146 150 151 152 151
367 365 356 341 316 290 275.999908447266 274 277 285.000091552734 298 309.000091552734 -3.4e+38 -3.4e+38 -3.4e+38 -3.4e+38 -3.4e+38 -3.4e+38 -3.4e+38 -3.4e+38 -3.4e+38 -3.4e+38 -3.4e+38 232 222 205 190 172 159 144 135 129 127 126 127 126 130 133 149 152 147 145 143 148 149 151 154 156 158 158 157
394.999786376953 393.000091552734 387.000091552734 370 344 306 293 296 306 321 333.000091552734 346.000091552734 -3.4e+38 -3.4e+38 -3.4e+38 -3.4e+38 -3.4e+38 -3.4e+38 -3.4e+38 -3.4e+38 -3.4e+38 -3.4e+38 -3.4e+38 250 240 223 202 185 167.000106811523 151 138 133 130 128 131 131 132 137 155 171 160 154 151 155 160 160 163 165 165 165 165
438 442.000396728516 439.999786376953 428 403.999908447266 371.000091552734 349.999908447266 337.000091552734 350 370.000091552734 385 396.000091552734 -3.4e+38 -3.4e+38 -3.4e+38 -3.4e+38 -3.4e+38 -3.4e+38 -3.4e+38 -3.4e+38 -3.4e+38 -3.4e+38 -3.4e+38 272 262 240 221 199 180 160 147 139 137 137 136 138 136 142 145 146 148 153 160 163 168 169 171 172 175 174 171
484 496.999908447266 511.000091552734 515.000122070312 504.000091552734 481.000091552734 454 427 432 445.000091552734 457.000213623047 460.999786376953 -3.4e+38 -3.4e+38 -3.4e+38 -3.4e+38 -3.4e+38 -3.4e+38 -3.4e+38 -3.4e+38 -3.4e+38 -3.4e+38 -3.4e+38 300 287 264 240 217 197 177 162 151 148 145 144 144 143 144 148 150 156 163 165 171 177 183 182 182 182 182 180
495.000091552734 522.000427246094 564.000183105469 626.000122070312 641 627.000122070312 595.000183105469 566.000183105469 549.000122070312 544.999877929688 544.999816894531 542.000122070312 -3.4e+38 -3.4e+38 -3.4e+38 -3.4e+38 -3.4e+38 -3.4e+38 -3.4e+38 -3.4e+38 -3.4e+38 -3.4e+38 -3.4e+38 328.000213623047 314.999908447266 289 264 240 216 197 180.000106811523 167 159 153 153 152 149 152 156 157 161 166 174 182 189 192 195 195 195 193 190
390 468.999694824219 558.000183105469 688.000427246094 805.000183105469 806 765 708.999877929688 684.999816894531 663.999877929688 646.999877929688 632.000122070312 -3.4e+38 -3.4e+38 -3.4e+38 -3.4e+38 -3.4e+38 -3.4e+38 -3.4e+38 -3.4e+38 -3.4e+38 -3.4e+38 -3.4e+38 349.000091552734 329.999786376953 304.999908447266 278 250 228 207 198 184 173 166 162 158 160 157 161 165 169 173 180 187 195 201 204 204 204 207 204
364 359 422.999908447266 617.999877929688 934.999572753906 997.999572753906 934.000122070312 883.999877929688 814.000122070312 787.999877929688 758.000427246094 733.999877929688 -3.4e+38 -3.4e+38 -3.4e+38 -3.4e+38 -3.4e+38 -3.4e+38 -3.4e+38 -3.4e+38 -3.4e+38 -3.4e+38 -3.4e+38 -3.4e+38 -3.4e+38 -3.4e+38 -3.4e+38 -3.4e+38 -3.4e+38 229 219 202.000106811523 188 178 171 167 166 164 165 171 175 180 189 194 201 207 210 210 213 214 219
368 342.999908447266 339 461.000213623047 937.999877929688 1125 1074 1023 959.000122070312 906.999877929688 871.000183105469 837 -3.4e+38 -3.4e+38 -3.4e+38 -3.4e+38 -3.4e+38 -3.4e+38 -3.4e+38 -3.4e+38 -3.4e+38 -3.4e+38 -3.4e+38 -3.4e+38 -3.4e+38 -3.4e+38 -3.4e+38 -3.4e+38 -3.4e+38 253 240 219 201 189 180 173 171 171 173 175 178 186 192 201 207 213 216 219 221 224 230
335 341.000091552734 349 453.000091552734 966.999816894531 1207 1170 1121 1071 1022 976.99951171875 937 -3.4e+38 -3.4e+38 -3.4e+38 -3.4e+38 -3.4e+38 -3.4e+38 -3.4e+38 -3.4e+38 -3.4e+38 -3.4e+38 -3.4e+38 -3.4e+38 -3.4e+38 -3.4e+38 -3.4e+38 -3.4e+38 -3.4e+38 277 262 237 217 201 189 182 179 177 179 181 187 192 200 207 215 221 222 225 226 228 230
317 327 353 376 660.000183105469 1218 1228 1202 1165 1125 1081 1033 -3.4e+38 -3.4e+38 -3.4e+38 -3.4e+38 -3.4e+38 -3.4e+38 -3.4e+38 -3.4e+38 -3.4e+38 -3.4e+38 -3.4e+38 -3.4e+38 -3.4e+38 -3.4e+38 -3.4e+38 -3.4e+38 -3.4e+38 300 285 255 230 210 198 191 185 183 186 190 194 201 209 216 222 226 229 233 237 236 242
316.999908447266 320 333 318 527.999572753906 1169 1261 1265 1251 1217 1171 1122 -3.4e+38 -3.4e+38 -3.4e+38 -3.4e+38 -3.4e+38 -3.4e+38 -3.4e+38 -3.4e+38 -3.4e+38 -3.4e+38 -3.4e+38 -3.4e+38 -3.4e+38 -3.4e+38 -3.4e+38 -3.4e+38 -3.4e+38 328.000091552734 309 273 244 222 206 198 193 192.000106811523 193 197 202 211 219 226 232 238 241 240 240 242 243
309.000091552734 317 314 321 531.999816894531 1170 1288 1319 1323 1299 1255 1201 1147 1095 1047 999.999694824219 957.999877929688 917.000305175781 -3.4e+38 -3.4e+38 -3.4e+38 -3.4e+38 -3.4e+38 -3.4e+38 -3.4e+38 -3.4e+38 -3.4e+38 -3.4e+38 -3.4e+38 353.000213623047 331.999786376953 301 252 231 215 207 201 201 203 207 212 222 233 241 250 252 250 250 247 245 246
307.999908447266 351 321 309.999908447266 564.000305175781 1119 1304 1361 1392 1376 1325 1265 1205 1152 1102 1057 1014 974.000122070312 -3.4e+38 -3.4e+38 -3.4e+38 -3.4e+38 -3.4e+38 -3.4e+38 -3.4e+38 -3.4e+38 -3.4e+38 -3.4e+38 -3.4e+38 390.999908447266 366 317 279 240 221 214 213 218 220 221 224 236 253 263 267.000091552734 263 259 251 246 250 247
341 394.000091552734 323 315 402 732.000305175781 1243 1389 1455 1435 1370 1301 1239 1190 1143 1103 1067 1028 -3.4e+38 -3.4e+38 -3.4e+38 -3.4e+38 -3.4e+38 -3.4e+38 -3.4e+38 -3.4e+38 -3.4e+38 -3.4e+38 -3.4e+38 429 397.999603271484 345.000091552734 294 249 230 226 232 242 246 248 246 264 282.999908447266 289.999908447266 289.999786376953 284 263 248 248 248 245
352.999908447266 422.999908447266 367.999786376953 307.999786376953 338.999786376953 520 1059 1362 1453 1437 1365 1302 1250 1208 1170 1138 1105 1071 -3.4e+38 -3.4e+38 -3.4e+38 -3.4e+38 -3.4e+38 -3.4e+38 -3.4e+38 -3.4e+38 -3.4e+38 -3.4e+38 -3.4e+38 473.000091552734 441.999908447266 384.999786376953 329 279 261 257 264 278 286 292.000091552734 294.999908447266 306 321.000091552734 324 316 288.999786376953 258 235 236 234 238
360 402.000091552734 475.999908447266 404.999908447266 369 372.999786376953 755.000122070312 1242 1335 1340 1304 1263 1218 1203 1180 1158 1133 1102 -3.4e+38 -3.4e+38 -3.4e+38 -3.4e+38 -3.4e+38 -3.4e+38 -3.4e+38 -3.4e+38 -3.4e+38 -3.4e+38 -3.4e+38 525.000122070312 493.000213623047 435.999908447266 382 336.999908447266 316 310 317 329.999908447266 341 344 345.999908447266 353 360.999908447266 354.999908447266 320.999908447266 257 224 229 231 230 232
399.999694824219 352.999694824219 381.999786376953 477.000091552734 563 371 436 796.000122070312 1091 1101 1112 922.999572753906 976.999877929688 1111 1156 1161.0009765625 1147 1121 -3.4e+38 -3.4e+38 -3.4e+38 -3.4e+38 -3.4e+38 -3.4e+38 -3.4e+38 -3.4e+38 -3.4e+38 -3.4e+38 -3.4e+38 578.999877929688 548.999877929688 492.999908447266 440.000091552734 401.000091552734 378.999786376953 371.000091552734 376.999908447266 390 402.000091552734 401.999908447266 393.000091552734 386.999908447266 380 332.999786376953 257 219 212 218 222 224 225
414.000396728516 397.000091552734 346 327 506.999908447266 654.000183105469 437 364.999786376953 596.000122070312 818 534.000122070312 403.000213623047 396 574.000122070312 508.999786376953 851 1126 1117 1101 1089 1074 1048 1003 954.999877929688 904 855.999816894531 810.999694824219 762 713.000122070312 659.000122070312 603 547.999694824219 499.999908447266 460.000091552734 434 425 430.999908447266 446.999694824219 464.999786376953 459.000091552734 412.999786376953 367.999786376953 261.000091552734 214 214 198 203 216 217 223 224
