ENMTML/All_vars/Predictors/EUR_only/bio11.asc
NCOLS 440 
NROWS 275 
XLLCORNER -11.5 
YLLCORNER 25.4999999994691 
CELLSIZE 0.166666666666667 
NODATA_value -3.4e+38 
[rows 40 to 59 of 275, columns 135 to 179 of 440]
-1.7218120098114 -1.6765810251236 -1.99314296245575 -2.30342388153076 -2.93630194664001 -3.50260901451111 -3.0076789855957 -2.96821689605713 -3.42343711853027 -3.52298593521118 -4.5393009185791 -5.63352394104004 -6.2995810508728 -6.17173099517822 -6.25967597961426 -6.07945394515991 -5.69172096252441 -5.68297576904297 -5.74376916885376 -7.35200595855713 -7.93225002288818 -7.98885917663574 -7.71192407608032 -7.78798007965088 -8.10826587677002 -8.22053718566895 -7.9225811958313 -8.20161247253418 -8.42196464538574 -8.91311264038086 -9.82260417938232 -10.0653200149536 -9.60363578796387 -9.74341678619385 -10.0513896942139 -10.4911298751831 -10.8880395889282 -11.3652095794678 -11.9650897979736 -12.2620096206665 -12.193920135498 -11.9937295913696 -11.810640335083 -11.4774703979492 -11.4263200759888
-2.71548295021057 -2.32025194168091 -2.11955308914185 -2.77476406097412 -2.78504490852356 -2.89583897590637 -3.81189799308777 -4.12243604660034 -4.06665802001953 -4.10516500473022 -4.90486288070679 -5.50435018539429 -6.45967483520508 -6.55364894866943 -5.9641900062561 -6.09030914306641 -6.36348104476929 -7.1939868927002 -7.33821821212769 -6.61416912078857 -6.62628221511841 -6.8465690612793 -7.08797883987427 -7.76680612564087 -7.62341499328613 -8.08268928527832 -8.15167427062988 -7.89423322677612 -8.33852958679199 -8.59346199035645 -8.86819839477539 -9.71102142333984 -9.98257541656494 -10.0268096923828 -10.0165500640869 -10.4425001144409 -10.6394100189209 -10.9334402084351 -11.2790403366089 -11.5817203521729 -11.7998504638672 -11.9998502731323 -11.879150390625 -11.7002696990967 -11.4699201583862
-3.06473898887634 -2.45268797874451 -2.88555788993835 -3.42376303672791 -3.8563768863678 -3.78348588943481 -4.10516500473022 -3.59362602233887 -3.93252301216125 -4.43678617477417 -5.37021398544312 -5.31566286087036 -6.37652015686035 -6.92510986328125 -6.75414180755615 -6.445396900177 -6.55766916275024 -7.63680601119995 -8.6367015838623 -8.53073120117188 -8.11480903625488 -7.92707490921021 -7.63216400146484 -7.32618808746338 -7.34936094284058 -7.37409782409668 -7.69726991653442 -8.04131126403809 -8.11736011505127 -8.94220638275146 -8.798508644104 -8.82738590240479 -9.35212230682373 -9.62958812713623 -9.94847106933594 -10.1650295257568 -10.6244201660156 -10.6532497406006 -10.7726898193359 -10.9153099060059 -11.1363201141357 -11.2545604705811 -11.0199203491211 -11.1410398483276 -11.4928703308105
-3.71925091743469 -2.66880011558533 -2.88962697982788 -2.83384990692139 -3.07288789749146 -3.84883809089661 -4.8764967918396 -5.45335006713867 -5.81965589523315 -6.39187383651733 -6.59706592559814 -6.10555410385132 -6.47070598602295 -7.50141286849976 -8.28605842590332 -7.94388198852539 -7.36872386932373 -6.59330701828003 -6.50557899475098 -7.41339778900146 -8.34390258789062 -8.62413883209229 -8.66695880889893 -8.10381126403809 -7.87557792663574 -7.71980905532837 -7.81243419647217 -8.23701572418213 -8.44210243225098 -8.20448017120361 -8.61098194122314 -8.77465534210205 -9.0339469909668 -9.57529354095459 -9.92236804962158 -10.2527198791504 -10.2121000289917 -10.2076101303101 -10.360369682312 -10.6757297515869 -10.9562397003174 -10.9244804382324 -10.895489692688 -10.716609954834 -10.6305599212646
-2.98449897766113 -2.66055607795715 -2.93661308288574 -3.44903588294983 -4.48504686355591 -4.6793417930603 -5.11125898361206 -6.14297485351562 -6.70414209365845 -6.72211599349976 -6.7164101600647 -6.01341676712036 -7.53176403045654 -7.8426661491394 -8.20493412017822 -8.52009296417236 -8.17811107635498 -7.31952095031738 -6.91207695007324 -6.54242897033691 -6.95301723480225 -7.74888277053833 -7.79150199890137 -7.81467485427856 -7.8740611076355 -7.66243314743042 -7.60504722595215 -8.08408260345459 -8.09357452392578 -8.2876033782959 -8.47613334655762 -8.57304286956787 -8.69788837432861 -9.16156768798828 -9.65009498596191 -10.0180702209473 -9.86513996124268 -10.0288200378418 -10.464940071106 -10.5679798126221 -10.7527799606323 -10.7361097335815 -10.5891399383545 -10.30309009552 -10.1409702301025
-2.65190196037292 -3.14740705490112 -3.5748279094696 -4.08877086639404 -4.57048797607422 -5.35099411010742 -6.0620551109314 -6.11352682113647 -6.07720708847046 -6.84255790710449 -7.27291011810303 -6.21861600875854 -6.26431894302368 -7.0129132270813 -6.89467477798462 -6.95416879653931 -6.93320083618164 -7.66511678695679 -7.62460994720459 -7.32293510437012 -6.88231801986694 -6.74291086196899 -7.09800291061401 -7.24062395095825 -7.36809110641479 -7.62605905532837 -7.76887893676758 -7.81458902359009 -8.00295925140381 -8.26522445678711 -8.36093425750732 -8.63409996032715 -8.6312198638916 -8.84192180633545 -8.95575428009033 -9.11954307556152 -9.31802463531494 -9.89993762969971 -10.1014099121094 -10.1195402145386 -10.0392503738403 -10.2240495681763 -10.2910900115967 -10.0939702987671 -9.78181076049805
-3.72784900665283 -4.34018087387085 -5.31916904449463 -6.18143701553345 -6.6951789855957 -6.68947410583496 -7.50482702255249 -7.05053186416626 -7.09912204742432 -6.86123895645142 -7.16123819351196 -6.6779990196228 -6.55573081970215 -7.06800222396851 -6.96784782409668 -6.54425716400146 -6.39688014984131 -6.44258499145508 -6.88540410995483 -6.80055809020996 -6.87493801116943 -7.07341718673706 -6.96027088165283 -7.77112913131714 -7.9665641784668 -7.70797395706177 -7.7478199005127 -8.04629802703857 -8.43487453460693 -8.48346614837646 -8.50663757324219 -8.53698539733887 -8.61460971832275 -8.79496002197266 -8.77399635314941 -9.00863838195801 -9.10450172424316 -9.36985492706299 -9.53930377960205 -9.4242582321167 -9.43002796173096 -9.23018264770508 -9.49841690063477 -9.30575084686279 -9.54223155975342
-4.48430299758911 -5.14375114440918 -6.05597305297852 -7.05026721954346 -6.0611720085144 -7.00991582870483 -7.94194316864014 -7.92507219314575 -7.8236608505249 -7.08456516265869 -6.89976501464844 -7.73335409164429 -7.86511707305908 -6.82738590240479 -6.90793895721436 -6.89117479324341 -6.63540601730347 -6.5548529624939 -6.54646396636963 -6.4751410484314 -6.53740501403809 -6.89936780929565 -7.15445184707642 -7.49707078933716 -8.04418754577637 -7.95367908477783 -7.87973499298096 -8.17544364929199 -8.43346691131592 -8.84729862213135 -9.22199058532715 -9.05093097686768 -8.81749439239502 -8.6297664642334 -8.74343872070312 -8.59343910217285 -9.04229736328125 -9.4438591003418 -9.44674396514893 -9.50240707397461 -9.28458499908447 -8.90439224243164 -8.81172657012939 -8.78133201599121 -8.61765003204346
-5.2725191116333 -6.59712219238281 -7.90965604782104 -8.40683460235596 -8.21769142150879 -8.46632671356201 -8.29395008087158 -8.61648082733154 -8.17875003814697 -7.99542284011841 -8.22476387023926 -8.40941047668457 -7.72309017181396 -7.30223178863525 -7.27167987823486 -6.95055723190308 -6.66591215133667 -6.47970104217529 -6.29337882995605 -6.34998798370361 -6.50135183334351 -6.8950719833374 -7.37096881866455 -7.34277820587158 -7.3702449798584 -7.59797811508179 -7.81165599822998 -8.03771018981934 -8.21108722686768 -8.33053398132324 -8.7567892074585 -8.81905841827393 -9.0799617767334 -8.92996215820312 -8.50602054595947 -8.47258472442627 -8.32703495025635 -8.3605318069458 -8.67877006530762 -8.65287399291992 -8.79071426391602 -8.93148708343506 -8.85108852386475 -8.52357769012451 -8.14181613922119
-7.50817584991455 -7.6799430847168 -7.80615282058716 -8.0713062286377 -8.60333347320557 -9.17293453216553 -9.44101810455322 -10.145580291748 -9.67733955383301 -10.6304197311401 -9.85789203643799 -8.81449890136719 -9.20071029663086 -9.62046718597412 -8.95370578765869 -8.81449794769287 -9.18273639678955 -7.92555809020996 -6.97231912612915 -6.61513996124268 -6.647057056427 -7.30901288986206 -7.44723176956177 -7.63707304000854 -7.80243110656738 -7.84787082672119 -8.12544345855713 -8.37115097045898 -8.34881687164307 -8.34432220458984 -8.40249252319336 -8.3524923324585 -8.33143711090088 -8.79234027862549 -8.81335258483887 -8.61194229125977 -8.6590576171875 -8.72877407073975 -8.23463439941406 -7.92829084396362 -7.60526895523071 -8.25549030303955 -8.44474124908447 -8.11313438415527 -8.01313400268555
-7.91846799850464 -8.44877338409424 -9.83504867553711 -10.2700500488281 -9.44610595703125 -9.42504596710205 -10.4506702423096 -10.4077396392822 -10.4578399658203 -10.0521898269653 -9.91874885559082 -10.2021903991699 -9.44788932800293 -8.81020069122314 -8.7130880355835 -8.89071273803711 -9.41176414489746 -8.67126083374023 -7.99873018264771 -7.29705905914307 -6.70785093307495 -7.06562089920044 -7.48066282272339 -7.63586091995239 -7.69954586029053 -7.74368286132812 -7.89079999923706 -8.16685581207275 -8.4293212890625 -8.47502517700195 -8.38740825653076 -8.50249290466309 -8.83299827575684 -8.34679508209229 -8.80769824981689 -9.07588958740234 -9.04842185974121 -9.04842185974121 -8.83919525146484 -8.34941101074219 -7.52947902679443 -7.4005560874939 -7.42198801040649 -7.40815591812134 -7.4301118850708
-9.85610485076904 -9.69154644012451 -9.59234428405762 -10.1677598953247 -10.0315504074097 -9.83154678344727 -10.4071598052979 -10.6267204284668 -10.1238403320312 -9.99348545074463 -9.53641510009766 -9.2016134262085 -8.71817970275879 -8.53352928161621 -8.60317802429199 -8.18782424926758 -7.87787008285522 -7.75822114944458 -7.77190208435059 -7.48847103118896 -7.26871109008789 -7.38097906112671 -7.5389518737793 -7.71641397476196 -7.76762294769287 -7.75762319564819 -7.95614719390869 -8.3476734161377 -8.21135234832764 -8.44170379638672 -8.40564632415771 -8.1178503036499 -8.46502876281738 -8.46502876281738 -8.19249820709229 -8.72741031646729 -8.81221103668213 -8.8304500579834 -8.43919086456299 -8.2176456451416 -7.58813285827637 -6.86553621292114 -6.99109888076782 -3.4e+38 -3.4e+38
-9.83447647094727 -9.96980953216553 -9.99723339080811 -10.0989103317261 -9.953200340271 -10.1895198822021 -10.8014602661133 -10.4014596939087 -9.57756233215332 -9.26236438751221 -9.78500366210938 -9.39590740203857 -8.89590740203857 -8.78232097625732 -8.83075428009033 -8.68064498901367 -8.57498455047607 -8.70978546142578 -8.29443168640137 -7.8841757774353 -7.36179685592651 -7.79335784912109 -7.75426197052002 -7.85274076461792 -7.92591190338135 -8.10782623291016 -7.9715051651001 -7.74478912353516 -7.62670612335205 -8.05846786499023 -8.02084445953369 -8.13897323608398 -7.99846506118774 -8.46502876281738 -8.3803825378418 -8.23326683044434 -8.13044929504395 -8.08185958862305 -7.90009689331055 -7.71628189086914 -7.12192487716675 -6.61040878295898 -3.4e+38 -3.4e+38 -3.4e+38
-9.83668231964111 -10.7605800628662 -10.6503200531006 -10.4113798141479 -10.1280498504639 -9.67805099487305 -10.0674495697021 -10.1399898529053 -9.93720817565918 -9.30240631103516 -9.00240612030029 -8.95670127868652 -8.49170398712158 -8.56267166137695 -8.14013767242432 -7.83725214004517 -7.76927995681763 -8.08725166320801 -8.88584041595459 -8.09952640533447 -7.62699413299561 -7.47128915786743 -7.56673097610474 -7.23329401016235 -7.45794105529785 -7.40217208862305 -7.53985595703125 -7.79646492004395 -8.26591396331787 -8.10873317718506 -8.07529640197754 -7.90276193618774 -7.68190288543701 -7.79725408554077 -8.03049564361572 -7.94443607330322 -7.73185920715332 -7.6500940322876 -7.26403617858887 -7.03452205657959 -3.4e+38 -3.4e+38 -3.4e+38 -3.4e+38 -3.4e+38
-10.7926502227783 -11.1593704223633 -10.7976999282837 -10.9673500061035 -10.1085996627808 -9.73773860931396 -10.5522603988647 -10.2703399658203 -9.91755867004395 -9.85685634613037 -9.53861618041992 -9.46775913238525 -9.45696544647217 -9.09181308746338 -8.75549221038818 -8.705491065979 -7.92877388000488 -7.81210088729858 -7.39674711227417 -8.22725391387939 -8.37436771392822 -8.28796100616455 -7.65016603469849 -7.2624340057373 -7.21904277801514 -7.52040576934814 -7.72329092025757 -7.72989892959595 -8.02560424804688 -8.27837944030762 -8.2298526763916 -8.52555847167969 -8.45590686798096 -8.33923435211182 -8.09368419647217 -7.76974010467529 -7.39888477325439 -7.30465412139893 -6.9273419380188 -6.62088918685913 -3.4e+38 -3.4e+38 -3.4e+38 -3.4e+38 -3.4e+38
-10.0462703704834 -10.9702701568604 -10.6628904342651 -10.2057199478149 -9.59712791442871 -9.89203453063965 -10.4660396575928 -10.1494798660278 -10.0829095840454 -9.21487617492676 -9.21487617492676 -9.28311252593994 -9.23610877990723 -9.53751945495605 -8.59553813934326 -8.60119533538818 -8.10932922363281 -7.61210107803345 -7.31210088729858 -7.27447891235352 -7.41871023178101 -7.51421213150024 -7.66132783889771 -7.32648086547852 -7.20536422729492 -7.39016580581665 -7.56763315200806 -7.9162220954895 -7.49368906021118 -7.59357786178589 -7.81470108032227 -7.75899505615234 -7.8589940071106 -7.84379577636719 -7.63000822067261 -7.54536199569702 -7.34395122528076 -7.14542484283447 -6.7041711807251 -3.4e+38 -3.4e+38 -3.4e+38 -3.4e+38 -3.4e+38 -3.4e+38
-8.90952777862549 -10.4420795440674 -10.7159795761108 -10.2920303344727 -9.64864158630371 -9.58793640136719 -9.55319881439209 -9.20172500610352 -8.83663654327393 -8.45492172241211 -8.74245262145996 -9.04690265655518 -8.73034000396729 -9.41954517364502 -9.08463382720947 -8.64989852905273 -8.27756500244141 -8.02327156066895 -7.61357498168945 -7.82327079772949 -7.80053520202637 -7.45194578170776 -7.74765110015869 -7.75991821289062 -7.70562314987183 -7.47359704971313 -7.34965896606445 -7.16212797164917 -7.07879495620728 -6.95904302597046 -7.33005523681641 -7.36208200454712 -7.0439977645874 -6.89536190032959 -6.92738914489746 -7.31648397445679 -6.81507396697998 -6.51952505111694 -3.4e+38 -3.4e+38 -3.4e+38 -3.4e+38 -3.4e+38 -3.4e+38 -3.4e+38
-9.21529674530029 -9.09291744232178 -9.7277193069458 -9.66560554504395 -9.7684907913208 -10.1728496551514 -10.1953802108765 -9.7091703414917 -9.35916900634766 -9.09260654449463 -8.57604503631592 -7.97159290313721 -7.82604598999023 -7.88983392715454 -8.3304500579834 -8.54701519012451 -8.40670680999756 -8.42904186248779 -7.97327089309692 -7.83705997467041 -8.00362205505371 -7.84932708740234 -7.67018413543701 -7.50870990753174 -7.42511796951294 -7.44047212600708 -7.56809186935425 -7.34844398498535 -6.9773850440979 -7.01359701156616 -6.78036212921143 -6.86375713348389 -7.1608738899231 -6.84855794906616 -6.63765382766724 -6.53912782669067 -6.37104415893555 -6.20752000808716 -6.15247583389282 -3.4e+38 -3.4e+38 -3.4e+38 -3.4e+38 -3.4e+38 -3.4e+38
-8.43866920471191 -8.27058696746826 -9.90177345275879 -9.78516292572021 -9.90340137481689 -10.1397199630737 -9.43972301483154 -10.160849571228 -9.78049659729004 -9.98338031768799 -9.6320161819458 -8.30807113647461 -7.74139976501465 -7.67615413665771 -7.73994207382202 -8.20959091186523 -8.505295753479 -8.59591388702393 -8.56247615814209 -8.23584842681885 -8.22060489654541 -7.98417520523071 -7.73565006256104 -7.25734806060791 -7.10734701156616 -6.86961507797241 -6.85294103622437 -7.39723587036133 -7.18188190460205 -7.33324480056763 -7.33183479309082 -6.88461399078369 -6.83628988265991 -7.13933086395264 -6.92842483520508 -6.28130912780762 -5.98287296295166 -3.4e+38 -3.4e+38 -3.4e+38 -3.4e+38 -3.4e+38 -3.4e+38 -3.4e+38 -3.4e+38
-8.35543155670166 -8.21780776977539 -8.97943878173828 -8.99197006225586 -8.76283264160156 -8.8296594619751 -8.81886291503906 -8.70230007171631 -9.0581636428833 -8.72342300415039 -8.89307117462158 -8.36115455627441 -7.44291877746582 -7.41247701644897 -7.69161796569824 -7.67505598068237 -7.82626390457153 -7.90838098526001 -7.70681810379028 -8.15681743621826 -7.85272407531738 -7.8842830657959 -7.71767377853394 -7.0771050453186 -6.68789911270142 -6.93648910522461 -6.76563119888306 -6.69734716415405 -6.65159606933594 -6.44871187210083 -6.35027694702148 -6.53648900985718 -6.27706003189087 -6.59650897979736 -6.38150882720947 -6.0009560585022 -5.7220778465271 -3.4e+38 -3.4e+38 -3.4e+38 -3.4e+38 -3.4e+38 -3.4e+38 -3.4e+38 -3.4e+38
