ENMTML/All_vars/Predictors/EUR_only/bio11.asc
NCOLS 411 
NROWS 214 
XLLCORNER -11.5 
YLLCORNER 35.666666666112 
CELLSIZE 0.166666666666667 
NODATA_value -3.4e+38 
[rows 80 to 99 of 214, columns 276 to 321 of 411]
-8.34838771820068 -8.43684959411621 -8.44789028167725 -8.44744873046875 -8.54142379760742 -8.47985935211182 -8.46356964111328 -8.44065189361572 -8.56382465362549 -8.57750225067139 -8.52446365356445 -8.53814506530762 -8.58384990692139 -8.66272735595703 -8.85554790496826 -8.91922569274902 -8.89669227600098 -8.86184024810791 -8.92551708221436 -9.0031852722168 -9.03642463684082 -9.06248378753662 -9.05959892272949 -9.12186622619629 -9.20073890686035 -9.21750831604004 -9.30073928833008 -9.4477481842041 -9.45864868164062 -9.38092422485352 -9.42662906646729 -9.5571756362915 -9.43752956390381 -9.52358722686768 -9.35534858703613 -9.1401948928833 -9.06630039215088 -8.97039127349854 -9.03230857849121 -9.24598693847656 -9.42512798309326 -9.50835990905762 -9.46401786804199 -9.64457511901855 -9.7445764541626 -9.71417713165283
-8.28182697296143 -8.31476497650146 -8.31476497650146 -8.34775257110596 -8.3808765411377 -8.36933898925781 -8.34494686126709 -8.3586254119873 -8.4041748046875 -8.4636697769165 -8.49243927001953 -8.53658103942871 -8.4823751449585 -8.54448890686035 -8.64448833465576 -8.88574504852295 -8.83422374725342 -8.79653358459473 -8.77556610107422 -8.85591602325439 -8.85303115844727 -8.93050193786621 -8.96241474151611 -8.97609519958496 -9.02179908752441 -9.1064453125 -9.19926452636719 -9.29496955871582 -9.31582927703857 -9.31294441223145 -9.31294441223145 -9.19470977783203 -9.22510814666748 -9.25990962982178 -9.05984306335449 -8.95827770233154 -8.92488765716553 -8.92750453948975 -8.91285419464111 -9.12633323669434 -9.25992965698242 -9.34614086151123 -9.44614124298096 -9.5490255355835 -9.54614067077637 -9.57972526550293
-8.20974159240723 -8.20397281646729 -8.25980377197266 -8.39268207550049 -8.44198322296143 -8.33646202087402 -8.31162071228027 -8.3586254119873 -8.40417671203613 -8.44840621948242 -8.47875881195068 -8.47298908233643 -8.45475482940674 -8.51702117919922 -8.69589805603027 -8.78871917724609 -8.71759796142578 -8.66330146789551 -8.69365406036377 -8.67252731323242 -8.70444297790527 -8.80014801025391 -8.80014801025391 -8.84706497192383 -8.94706439971924 -9.06362247467041 -9.15644264221191 -9.22012424468994 -9.32012462615967 -9.18243980407715 -9.04778861999512 -9.03243923187256 -9.01298904418945 -8.96272945404053 -8.97940063476562 -8.93081283569336 -9.06257438659668 -8.94433212280273 -8.88695812225342 -8.85195064544678 -9.03245639801025 -9.23245620727539 -9.38260936737061 -9.38543128967285 -9.36746215820312 -9.41866779327393
-8.21551132202148 -8.20974159240723 -8.21476745605469 -8.35899543762207 -8.38114356994629 -8.39218330383301 -8.30327987670898 -8.3281192779541 -8.33902359008789 -8.40270233154297 -8.46926403045654 -8.46208381652832 -8.43667030334473 -8.38363170623779 -8.41387176513672 -8.4568042755127 -8.4356803894043 -8.48415565490723 -8.56162261962891 -8.56162261962891 -8.57541179656982 -8.60565567016602 -8.71812152862549 -8.87761688232422 -9.07473278045654 -9.1595344543457 -9.05953407287598 -9.00644302368164 -9.08977031707764 -9.1384105682373 -9.18688583374023 -9.02016830444336 -9.11439895629883 -9.06717777252197 -9.09904766082764 -9.01581192016602 -8.88222408294678 -8.82913303375244 -9.03862953186035 -8.97175788879395 -8.88554668426514 -9.07175827026367 -9.20499420166016 -9.17175769805908 -9.20499420166016 -9.27034664154053
-8.20441341400146 -8.09342575073242 -8.1536693572998 -8.19293880462646 -8.3150749206543 -8.28697490692139 -8.3364143371582 -8.20065307617188 -8.17382526397705 -8.19320678710938 -8.21349430084229 -8.21193408966064 -8.23651695251465 -8.23363208770752 -8.26539325714111 -8.22629070281982 -8.28709030151367 -8.28420639038086 -8.33541202545166 -8.34490585327148 -8.42534732818604 -8.52105331420898 -8.65585327148438 -8.83761882781982 -8.96246337890625 -8.89559173583984 -8.89559173583984 -8.94129180908203 -8.85664939880371 -8.77032947540283 -8.78552722930908 -8.83384704589844 -8.9520845413208 -9.00481700897217 -9.01728534698486 -9.01869678497314 -9.01425075531006 -8.96545886993408 -9.03060626983643 -9.02342891693115 -8.9775276184082 -9.03858280181885 -9.13999271392822 -9.22464275360107 -9.22323226928711 -9.33999252319336
-8.16043853759766 -8.1212329864502 -8.09312343597412 -8.06526947021484 -8.04293727874756 -8.09274291992188 -8.05956172943115 -8.08241367340088 -8.07952880859375 -8.05558586120605 -8.08446311950684 -8.0924768447876 -8.08803081512451 -8.13792705535889 -8.11539363861084 -8.09427070617676 -8.1370906829834 -8.13551902770996 -8.18400192260742 -8.24631500244141 -8.29342460632324 -8.37964153289795 -8.49191284179688 -8.6890287399292 -9.01816940307617 -8.95129776000977 -8.92902946472168 -8.94559192657471 -8.80806064605713 -8.79270553588867 -8.92462253570557 -8.87305545806885 -8.90638160705566 -8.93552780151367 -8.97037601470947 -8.94924926757812 -8.95334339141846 -8.95173263549805 -8.94596385955811 -8.97787952423096 -8.96252346038818 -8.94287776947021 -8.99443817138672 -9.1611156463623 -9.17908668518066 -9.1611156463623
-8.13302803039551 -8.11546421051025 -8.0602445602417 -7.95447587966919 -7.92662191390991 -7.93138980865479 -7.93671798706055 -7.9144401550293 -7.91276597976685 -7.95254898071289 -7.96622800827026 -7.97713184356689 -7.99080991744995 -8.00171089172363 -8.03483963012695 -8.02629280090332 -8.00516986846924 -8.00228500366211 -8.06737232208252 -8.11307907104492 -8.19772529602051 -8.33913040161133 -8.37675762176514 -8.47105312347412 -8.61816883087158 -8.71816825866699 -8.75129699707031 -8.733323097229 -8.79867458343506 -8.84559154510498 -8.81094646453857 -8.81094646453857 -8.77614498138428 -8.85376644134521 -8.92461967468262 -8.88693904876709 -8.88814735412598 -8.88673496246338 -8.86708641052246 -8.90041446685791 -8.89900398254395 -8.86697673797607 -8.96268081665039 -9.0323314666748 -9.08662509918213 -9.10318946838379
-8.18799114227295 -8.02148914337158 -7.88258600234985 -7.88735389709473 -7.84895420074463 -7.86533117294312 -7.84324598312378 -7.86428213119507 -7.95710277557373 -7.9041109085083 -7.84965801239014 -7.86334276199341 -7.89369487762451 -7.83776712417603 -7.83199787139893 -7.81805515289307 -7.84552097320557 -7.90798997879028 -7.97009897232056 -8.01737403869629 -8.06868553161621 -8.1782751083374 -8.24342441558838 -8.34053993225098 -8.57105445861816 -8.58902835845947 -8.68918037414551 -8.78917980194092 -8.71832370758057 -8.76524066925049 -8.74715709686279 -8.74574661254883 -8.70684909820557 -8.72341346740723 -8.75806045532227 -8.80806255340576 -8.87462425231934 -8.84118270874023 -8.82294845581055 -8.82153797149658 -8.90774822235107 -8.8534517288208 -8.83810138702393 -8.96880340576172 -9.08259201049805 -9.05056858062744
-8.12675476074219 -7.97123289108276 -7.89914894104004 -7.87706422805786 -7.83208799362183 -7.83219718933105 -7.8230299949646 -7.88252019882202 -7.93241405487061 -7.70699596405029 -7.7387580871582 -7.73420190811157 -7.75889015197754 -7.82241296768188 -7.81952905654907 -7.745521068573 -7.82586908340454 -7.85510587692261 -7.89777088165283 -7.91721391677856 -8.11432838439941 -8.09771919250488 -8.35862445831299 -8.54483509063721 -8.54342460632324 -8.76816844940186 -8.78781700134277 -8.85297012329102 -8.80453395843506 -8.90023899078369 -8.79882907867432 -8.89594459533691 -8.78215599060059 -8.69594383239746 -8.7125072479248 -8.7125072479248 -8.79574680328369 -8.83027839660645 -8.82886791229248 -8.77618980407715 -8.82886791229248 -8.82886791229248 -8.80653953552246 -8.83845233917236 -8.92189502716064 -9.00653553009033
-8.02141857147217 -7.99356603622437 -7.8828330039978 -7.8599419593811 -7.79318523406982 -7.7487678527832 -7.75956201553345 -7.68818283081055 -7.68241405487061 -7.66129016876221 -7.7205228805542 -7.76465892791748 -7.76318597793579 -7.80741596221924 -7.77093887329102 -7.86517000198364 -7.77868890762329 -7.70783519744873 -7.87292003631592 -8.17150783538818 -8.30065536499023 -8.50060367584229 -8.47964286804199 -8.51455116271973 -8.52964305877686 -8.57823276519775 -8.69070053100586 -8.73917961120605 -8.82398128509521 -8.85469341278076 -8.87125110626221 -8.78792572021484 -8.88504123687744 -8.94898796081543 -8.80160427093506 -8.70160388946533 -8.70019340515137 -8.75019645690918 -8.76675891876221 -8.73043727874756 -8.74422645568848 -8.85957908630371 -8.95957946777344 -8.95957946777344 -8.84301376342773 -8.87215614318848
-7.82141876220703 -7.78779602050781 -7.86571216583252 -7.87651395797729 -7.8212947845459 -7.72687911987305 -7.68741607666016 -7.67151021957397 -7.61983394622803 -7.67785406112671 -7.82340812683105 -8.06622791290283 -8.11318492889404 -7.9695291519165 -7.97093915939331 -8.0180549621582 -7.99692821502686 -7.9134259223938 -7.87580394744873 -8.05347633361816 -8.13827705383301 -8.19777011871338 -8.38393688201904 -8.34929084777832 -8.30069923400879 -8.36464881896973 -8.44944953918457 -8.64206504821777 -8.77566146850586 -8.7410135269165 -8.80773162841797 -8.85187244415283 -8.73819446563721 -8.86843013763428 -8.86843013763428 -8.83808422088623 -8.67272567749023 -8.72000026702881 -8.72000026702881 -8.78210926055908 -8.90034770965576 -8.99746227264404 -8.99457836151123 -8.99316787719727 -8.99316787719727 -8.9474630355835
-7.78823900222778 -7.89356517791748 -7.89382219314575 -7.94337892532349 -7.93786716461182 -7.97631883621216 -7.85423517227173 -7.74294376373291 -7.72150897979736 -8.00038623809814 -8.02219104766846 -8.10228157043457 -8.0103006362915 -7.79494714736938 -7.82093906402588 -7.91946506500244 -7.93298387527466 -7.82721519470215 -7.73823308944702 -7.80347585678101 -7.90483713150024 -7.94116306304932 -8.10065460205078 -8.11464786529541 -8.10227012634277 -8.23261833190918 -8.29788112640381 -8.44374561309814 -8.56475734710693 -8.6633472442627 -8.56334686279297 -8.71061611175537 -8.66350269317627 -8.56350231170654 -8.70632171630859 -8.69253253936768 -8.77445220947266 -8.70621109008789 -8.77304267883301 -8.98813056945801 -9.01858997344971 -8.98672103881836 -9.00050926208496 -8.96858978271484 -8.98515129089355 -8.98394298553467
-7.70510292053223 -7.81564998626709 -7.92093086242676 -7.94337892532349 -7.98785781860352 -7.93234491348267 -7.97079801559448 -7.8650279045105 -7.82291984558105 -7.99750185012817 -8.01129055023193 -7.98567581176758 -7.86596298217773 -7.76030111312866 -7.7042670249939 -7.79981184005737 -7.73016405105591 -7.59100294113159 -7.52140092849731 -7.5924129486084 -7.68827819824219 -7.7897481918335 -7.85490083694458 -7.95647001266479 -8.0080394744873 -8.08577060699463 -8.18304252624512 -8.22995662689209 -8.31354808807373 -8.41491031646729 -8.44991302490234 -8.4983491897583 -8.53314876556396 -8.63173961639404 -8.72885417938232 -8.80936145782471 -8.79269123077393 -8.72733497619629 -8.75647735595703 -8.98839569091797 -9.03839588165283 -8.98531055450439 -9.01874732971191 -8.93698596954346 -8.93698596954346 -8.98394298553467
-7.63221311569214 -7.63221311569214 -7.66068696975708 -7.9380521774292 -7.96596908569336 -7.89865207672119 -7.88711309432983 -7.78711318969727 -7.74269676208496 -7.74776697158813 -7.79164600372314 -7.88567590713501 -7.7840461730957 -7.67827701568604 -7.63917779922485 -7.54997205734253 -7.54384183883667 -7.43651103973389 -7.43362712860107 -7.43943786621094 -7.60772085189819 -7.68974781036377 -7.78849697113037 -7.97182416915894 -8.02627754211426 -8.07057189941406 -8.10537338256836 -8.20396327972412 -8.30411815643311 -8.35279846191406 -8.37365627288818 -8.48482227325439 -8.47103214263916 -8.61795043945312 -8.68330669403076 -8.71365642547607 -8.79846000671387 -8.82916355133057 -8.79846000671387 -8.8941650390625 -9.07608032226562 -8.9897575378418 -9.00652313232422 -8.95522022247314 -8.88995742797852 -8.87486839294434
-7.64977693557739 -7.63798189163208 -7.63221311569214 -7.70435905456543 -7.94884586334229 -8.00964069366455 -7.90945386886597 -7.754234790802 -7.64846611022949 -7.65327215194702 -7.68074178695679 -7.70673513412476 -7.634202003479 -7.7159628868103 -7.6905460357666 -7.64997100830078 -7.61067008972168 -7.58955097198486 -7.62419700622559 -7.51060581207275 -7.54131698608398 -7.58849716186523 -7.70647001266479 -7.89142990112305 -7.9931058883667 -8.06255340576172 -8.10825824737549 -8.22517776489258 -8.37664985656738 -8.35997772216797 -8.3892707824707 -8.47391700744629 -8.49048614501953 -8.58760166168213 -8.65153884887695 -8.6681079864502 -8.75153923034668 -8.81396484375 -8.84740161895752 -8.879319190979 -9.09588146209717 -9.00966835021973 -9.04158592224121 -9.02482223510742 -8.92764186859131 -8.84310722351074
-7.74922704696655 -7.76058006286621 -7.72111701965332 -7.74245595932007 -7.87093114852905 -8.01540946960449 -7.91522407531738 -7.8034291267395 -7.71502876281738 -7.68807315826416 -7.64750194549561 -7.70820903778076 -7.6261830329895 -7.67990589141846 -7.71019411087036 -7.70301485061646 -7.60133600234985 -7.56345176696777 -7.56345176696777 -7.57880210876465 -7.66223907470703 -7.72759199142456 -7.72916221618652 -7.76107883453369 -7.87790679931641 -8.04473495483398 -8.18074417114258 -8.29777240753174 -8.30074501037598 -8.39215469360352 -8.46012878417969 -8.52407455444336 -8.47528743743896 -8.58634281158447 -8.58634281158447 -8.70458030700684 -8.79079246520996 -8.75028610229492 -8.86432075500488 -8.84912109375 -9.03235721588135 -8.99903202056885 -9.06149864196777 -9.08094692230225 -8.94305992126465 -8.84755706787109
-7.71554279327393 -7.66604614257812 -7.80977296829224 -7.74822616577148 -7.82614088058472 -7.83198118209839 -7.83730792999268 -7.72576093673706 -7.70367622375488 -7.64294481277466 -7.56983804702759 -7.58063220977783 -7.60532379150391 -7.59955501556396 -7.62990713119507 -7.70737409591675 -7.70448923110962 -7.69871997833252 -7.69871997833252 -7.74992513656616 -7.7695779800415 -7.7847261428833 -7.80165004730225 -7.89903020858765 -7.98094701766968 -8.01574802398682 -8.24488639831543 -8.39645004272461 -8.30074501037598 -8.32984447479248 -8.49641036987305 -8.52695846557617 -8.50887584686279 -8.52282047271729 -8.60317039489746 -8.71993446350098 -8.78953647613525 -8.74094676971436 -8.77286052703857 -8.77286052703857 -8.9534797668457 -9.01863193511963 -9.02004146575928 -9.03539562225342 -8.88094711303711 -9.00059509277344
-7.52733612060547 -7.49922609329224 -7.56001996994019 -7.56027698516846 -7.69848299026489 -7.72614097595215 -7.681725025177 -7.65387105941772 -7.63178586959839 -7.51502895355225 -7.4560489654541 -7.55028104782104 -7.47492694854736 -7.4995551109314 -7.5161190032959 -7.56182289123535 -7.59358501434326 -7.59070110321045 -7.68929100036621 -7.75437879562378 -7.8226170539856 -7.88797092437744 -8.00191402435303 -8.08383083343506 -8.10327816009521 -8.0339822769165 -8.12186908721924 -8.13581275939941 -8.16904735565186 -8.31752967834473 -8.37581157684326 -8.4482364654541 -8.51061534881592 -8.52717876434326 -8.57585716247559 -8.67444705963135 -8.67874145507812 -8.71065902709961 -8.70777416229248 -8.70777416229248 -8.89257431030273 -8.97171878814697 -8.98566246032715 -8.86898803710938 -8.95651817321777 -9.09945011138916
-7.4273362159729 -7.48813009262085 -7.43260908126831 -7.4542498588562 -7.54848194122314 -7.60380887985229 -7.58172512054443 -7.49828815460205 -7.49809312820435 -7.50944519042969 -7.58078479766846 -7.51998901367188 -7.69746017456055 -7.59310102462769 -7.53713083267212 -7.55091905593872 -7.52697610855103 -7.52979707717896 -7.62979698181152 -7.70741891860962 -7.78944492340088 -7.89101123809814 -7.98960018157959 -8.07171440124512 -8.08828067779541 -8.12475299835205 -8.32202339172363 -8.28440093994141 -8.28728580474854 -8.33744335174561 -8.38733196258545 -8.41647529602051 -8.44991207122803 -8.52894496917725 -8.54273319244385 -8.61374473571777 -8.69268608093262 -8.69268608093262 -8.70924854278564 -8.69398498535156 -8.82469272613525 -8.88451766967773 -9.04011058807373 -8.87187194824219 -8.92354869842529 -9.10819530487061
-7.5051441192627 -7.51624011993408 -7.57100915908813 -7.38236093521118 -7.37633514404297 -7.43216609954834 -7.40957689285278 -7.36540794372559 -7.35386991500854 -7.441819190979 -7.51396608352661 -7.68611192703247 -7.66710901260376 -7.68078708648682 -7.65825414657593 -7.7039589881897 -7.57052183151245 -7.78283596038818 -7.86763715744019 -7.92592096328735 -7.91213417053223 -8.04116535186768 -8.16081047058105 -8.1622838973999 -8.20955371856689 -8.25814533233643 -8.32349967956543 -8.4597110748291 -8.4207706451416 -8.30903053283691 -8.41425132751465 -8.35416030883789 -8.46951389312744 -8.50848197937012 -8.52504253387451 -8.55219841003418 -8.5860767364502 -8.60194301605225 -8.59425067901611 -8.59702491760254 -8.87616634368896 -8.92824459075928 -8.91714763641357 -8.8451099395752 -8.78401470184326 -9.09485340118408
