ENMTML/All_vars/Predictors/EUR_only/bio16.asc
NCOLS 411 
NROWS 214 
XLLCORNER -11.5 
YLLCORNER 35.666666666112 
CELLSIZE 0.166666666666667 
NODATA_value -3.4e+38 
[rows 84 to 104 of 214, columns 188 to 234 of 411]
-3.4e+38 -3.4e+38 -3.4e+38 -3.4e+38 -3.4e+38 -3.4e+38 -3.4e+38 -3.4e+38 -3.4e+38 229.003005981445 228.994201660156 227.959106445312 226.355499267578 222.824905395508 220.495101928711 219.493499755859 220.202392578125 218.956405639648 215.960800170898 212.971405029297 -3.4e+38 -3.4e+38 -3.4e+38 -3.4e+38 -3.4e+38 -3.4e+38 -3.4e+38 220.68049621582 221.604400634766 221.6123046875 222.651092529297 222.658798217773 225.79069519043 229.518295288086 233.470596313477 235.445098876953 235.445205688477 234.598999023438 231.002807617188 228.182907104492 226.593307495117 226.30549621582 226.145797729492 225.126403808594 224.971496582031 225.54020690918 225.531295776367
-3.4e+38 -3.4e+38 -3.4e+38 -3.4e+38 -3.4e+38 -3.4e+38 -3.4e+38 -3.4e+38 -3.4e+38 232.073394775391 232.071304321289 231.215301513672 228.548294067383 225.078002929688 222.867706298828 224.235794067383 223.683197021484 222.645095825195 219.656005859375 219.516998291016 217.476501464844 217.348907470703 -3.4e+38 -3.4e+38 -3.4e+38 223.292694091797 222.350692749023 220.616302490234 221.537796020508 221.55419921875 224.42219543457 226.445907592773 230.435897827148 233.337493896484 235.44140625 236.407806396484 241.321701049805 237.495895385742 232.938705444336 229.594100952148 227.889007568359 226.713500976562 225.128204345703 224.518997192383 224.960098266602 225.54020690918 225.171600341797
-3.4e+38 -3.4e+38 -3.4e+38 -3.4e+38 -3.4e+38 -3.4e+38 -3.4e+38 -3.4e+38 234.158706665039 235.153396606445 235.212295532227 235.603698730469 232.998992919922 228.273498535156 226.801696777344 228.008697509766 227.64990234375 226.494598388672 223.596099853516 222.449203491211 221.32780456543 220.171005249023 220.044006347656 222.011993408203 223.00959777832 224.245300292969 222.279205322266 220.324096679688 220.327499389648 221.487899780273 221.359100341797 224.268295288086 227.270004272461 230.132797241211 232.337707519531 236.536804199219 239.687103271484 238.111206054688 234.310897827148 228.539794921875 227.279800415039 225.69450378418 224.523803710938 223.503295898438 224.539703369141 225.173400878906 223.825103759766
-3.4e+38 -3.4e+38 -3.4e+38 -3.4e+38 -3.4e+38 -3.4e+38 -3.4e+38 235.467407226562 238.257095336914 238.454803466797 239.587707519531 238.79899597168 236.122497558594 231.494903564453 231.266494750977 231.780502319336 230.619293212891 230.455596923828 226.526596069336 224.284606933594 222.246505737305 219.965103149414 220.153793334961 222.354293823242 222.383102416992 222.375106811523 221.421997070312 221.426895141602 220.238296508789 219.315200805664 221.278106689453 222.545806884766 223.29670715332 225.509399414062 228.505996704102 230.718307495117 231.897201538086 231.317306518555 230.251998901367 227.849395751953 226.668792724609 225.090393066406 223.919692993164 224.910095214844 224.177795410156 225.809097290039 225.470001220703
-3.4e+38 -3.4e+38 -3.4e+38 -3.4e+38 -3.4e+38 -3.4e+38 -3.4e+38 239.651702880859 241.455307006836 241.651504516602 243.653594970703 243.854400634766 240.188293457031 234.869094848633 233.999099731445 234.780303955078 234.475296020508 231.537704467773 229.531204223633 226.495300292969 223.644805908203 220.620407104492 219.565307617188 220.718505859375 220.738998413086 219.787704467773 219.774703979492 218.600799560547 218.598999023438 217.660995483398 219.427505493164 219.671401977539 221.456405639648 223.693893432617 224.945205688477 226.127593994141 226.367706298828 227.493606567383 226.848297119141 227.677398681641 227.064895629883 225.481506347656 225.529693603516 226.167098999023 228.453399658203 227.462707519531 227.116897583008
-3.4e+38 -3.4e+38 -3.4e+38 -3.4e+38 -3.4e+38 -3.4e+38 -3.4e+38 241.647598266602 244.641006469727 244.64599609375 245.839401245117 247.047103881836 245.502502441406 239.527801513672 236.997497558594 234.781600952148 233.689605712891 231.580001831055 228.738296508789 225.181900024414 223.092193603516 221.010803222656 219.960998535156 220.149505615234 219.203201293945 218.216903686523 217.951995849609 216.997192382812 216.040405273438 215.809906005859 216.877593994141 218.879898071289 219.120300292969 222.078994750977 223.335403442383 225.261993408203 225.489303588867 226.83479309082 225.666397094727 227.068405151367 225.899505615234 227.510696411133 227.807205200195 226.80290222168 228.100494384766 227.755706787109 227.452392578125
-3.4e+38 -3.4e+38 -3.4e+38 -3.4e+38 -3.4e+38 -3.4e+38 -3.4e+38 246.638793945312 248.577499389648 250.629501342773 248.833297729492 248.297805786133 247.507202148438 244.282302856445 240.822402954102 237.853500366211 233.802398681641 230.795196533203 228.193695068359 225.57600402832 222.539901733398 220.918395996094 218.940093994141 219.35090637207 218.358093261719 217.895004272461 216.885894775391 214.470993041992 213.471694946289 213.261795043945 215.027099609375 217.029006958008 218.521606445312 219.508102416992 222.503295898438 223.866104125977 226.711196899414 225.67399597168 225.060104370117 225.907897949219 225.508804321289 227.14680480957 228.44450378418 228.73420715332 227.736694335938 227.465606689453 229.339202880859
-3.4e+38 -3.4e+38 -3.4e+38 -3.4e+38 -3.4e+38 -3.4e+38 -3.4e+38 250.555801391602 252.615097045898 254.561401367188 253.883102416992 255.156005859375 253.570404052734 250.005401611328 247.815505981445 242.839797973633 237.08740234375 233.240798950195 228.934906005859 225.365005493164 222.802200317383 220.216094970703 219.192993164062 219.195999145508 217.184097290039 217.188903808594 214.762100219727 212.747406005859 212.918899536133 213.477905273438 214.476898193359 215.454299926758 217.31770324707 219.313903808594 222.306198120117 223.729507446289 224.552597045898 225.946701049805 224.914993286133 225.518707275391 226.142303466797 226.43440246582 228.070495605469 227.736694335938 228.267105102539 227.158706665039 227.223403930664
-3.4e+38 -3.4e+38 -3.4e+38 -3.4e+38 -3.4e+38 -3.4e+38 -3.4e+38 254.479904174805 256.547302246094 257.812591552734 258.014007568359 256.355194091797 254.632705688477 253.822799682617 250.906005859375 245.826904296875 240.280700683594 234.673095703125 229.776397705078 225.639602661133 223.070205688477 220.068893432617 219.066192626953 218.055099487305 215.657592773438 215.66259765625 213.048904418945 212.610794067383 212.169097900391 212.751998901367 213.739196777344 215.722595214844 217.727203369141 218.151596069336 221.153106689453 221.568099975586 224.967102050781 226.571594238281 227.192306518555 225.455093383789 226.062301635742 228.701400756836 226.440002441406 226.272796630859 225.227005004883 225.034393310547 226.098205566406
-3.4e+38 -3.4e+38 -3.4e+38 -3.4e+38 -3.4e+38 -3.4e+38 -3.4e+38 258.469207763672 260.39990234375 260.671905517578 260.003387451172 258.350189208984 255.438293457031 252.784606933594 251.842193603516 247.330505371094 242.67219543457 235.79020690918 231.062194824219 227.613098144531 224.264495849609 222.907501220703 220.561996459961 218.938995361328 215.957504272461 213.955703735352 213.331802368164 211.674606323242 212.022705078125 213.021896362305 213.593902587891 214.591293334961 216.594299316406 217.584503173828 220.026901245117 220.634796142578 223.90299987793 225.868896484375 227.498504638672 226.104400634766 227.718902587891 227.259902954102 227.082107543945 224.153396606445 223.108200073242 222.930404663086 221.812103271484
-3.4e+38 -3.4e+38 -3.4e+38 -3.4e+38 -3.4e+38 -3.4e+38 -3.4e+38 -3.4e+38 259.534698486328 258.993194580078 259.06689453125 257.221405029297 255.525497436523 251.71110534668 250.11799621582 246.700897216797 241.755401611328 238.035400390625 233.239898681641 227.565307617188 226.194396972656 222.860794067383 219.885894775391 218.88200378418 215.898696899414 213.261306762695 212.601593017578 211.614501953125 212.291702270508 211.645294189453 213.642700195312 215.005996704102 217.010101318359 217.67790222168 220.318099975586 223.940994262695 226.563507080078 226.183502197266 227.797103881836 227.172897338867 226.220703125 226.087997436523 224.971298217773 223.846405029297 223.742004394531 221.621200561523 222.520599365234
-3.4e+38 -3.4e+38 -3.4e+38 -3.4e+38 -3.4e+38 -3.4e+38 -3.4e+38 255.365203857422 257.386413574219 258.393188476562 257.753295898438 255.604904174805 253.439407348633 249.60969543457 245.461395263672 242.317306518555 237.580505371094 233.235794067383 229.53239440918 227.493301391602 224.505599975586 221.9873046875 219.989700317383 217.248504638672 214.540802001953 212.560592651367 211.902297973633 212.881301879883 212.570693969727 210.278198242188 213.272994995117 216.279495239258 217.958602905273 220.963104248047 222.604507446289 225.248092651367 226.858596801758 225.505401611328 228.090301513672 226.134399414062 225.877304077148 224.742095947266 223.630493164062 222.576995849609 220.457702636719 219.52360534668 220.571701049805
-3.4e+38 -3.4e+38 -3.4e+38 -3.4e+38 -3.4e+38 -3.4e+38 -3.4e+38 -3.4e+38 253.561096191406 256.027008056641 255.222305297852 251.284606933594 248.587707519531 244.932800292969 239.569900512695 235.688705444336 231.991500854492 228.884002685547 226.820098876953 225.139602661133 222.974395751953 220.676498413086 219.679306030273 215.945602416992 213.210906982422 213.27229309082 212.517196655273 212.756195068359 211.201599121094 210.545303344727 214.56770324707 217.578994750977 218.605102539062 221.263595581055 223.257705688477 223.591705322266 224.53010559082 225.308807373047 229.781402587891 227.768600463867 224.645904541016 223.696701049805 222.520004272461 222.210098266602 221.279205322266 220.52099609375 221.519897460938
-3.4e+38 -3.4e+38 -3.4e+38 -3.4e+38 -3.4e+38 -3.4e+38 -3.4e+38 -3.4e+38 250.672607421875 251.841506958008 249.456405639648 246.452499389648 244.858093261719 240.527099609375 236.650405883789 232.939697265625 229.851104736328 226.809494018555 225.115005493164 222.946304321289 220.666305541992 218.549102783203 218.381607055664 215.651794433594 214.659606933594 214.89860534668 214.133407592773 212.574798583984 211.806701660156 213.98860168457 215.981399536133 217.953796386719 220.783996582031 223.725997924805 223.65510559082 224.408798217773 225.022994995117 227.017807006836 229.625305175781 228.410705566406 227.29899597168 226.159103393555 224.972900390625 225.047607421875 224.086196899414 223.456893920898 225.384399414062
-3.4e+38 237.671401977539 241.204803466797 247.336303710938 250.95849609375 250.940093994141 247.934997558594 246.814697265625 247.234893798828 245.589599609375 244.498001098633 242.668197631836 241.260894775391 237.599105834961 233.485198974609 230.187606811523 228.131500244141 225.434997558594 223.001098632812 221.510696411133 221.334701538086 220.24299621582 218.247192382812 217.085601806641 215.165603637695 214.604598999023 214.914703369141 214.338592529297 215.5166015625 215.710403442383 216.773498535156 219.72590637207 222.668304443359 224.608703613281 225.349594116211 224.294692993164 225.856292724609 226.658004760742 225.448303222656 228.309295654297 227.939697265625 226.786193847656 225.906097412109 226.770095825195 227.134902954102 226.317993164062 227.504501342773
-3.4e+38 234.192306518555 239.655807495117 246.20719909668 251.346496582031 249.333892822266 245.543106079102 243.950897216797 242.972793579102 241.87809753418 239.975692749023 238.553497314453 236.587097167969 234.449096679688 232.16389465332 229.113403320312 226.150695800781 223.035293579102 220.730895996094 220.360794067383 218.258804321289 218.101898193359 218.921905517578 217.953201293945 215.23030090332 215.47900390625 217.776992797852 219.035797119141 219.213394165039 220.473403930664 220.49040222168 223.439804077148 224.559204101562 224.375595092773 226.060699462891 229.798599243164 227.595504760742 226.529006958008 225.139801025391 225.948196411133 226.761505126953 226.656600952148 227.588592529297 227.702102661133 227.13330078125 226.270004272461 228.368698120117
-3.4e+38 232.305404663086 236.575393676758 240.139999389648 244.114501953125 243.724594116211 241.820098876953 240.460906982422 238.243392944336 237.277099609375 235.852798461914 235.020904541016 232.878005981445 231.150405883789 228.45849609375 226.411804199219 224.084106445312 224.581802368164 222.221298217773 219.239898681641 218.876800537109 218.88200378418 218.911697387695 218.898803710938 217.093597412109 216.432907104492 216.880493164062 222.860595703125 223.195007324219 223.352294921875 224.228805541992 224.397399902344 226.328201293945 229.998504638672 230.808303833008 231.483001708984 230.301605224609 228.093505859375 225.090103149414 225.929000854492 226.663299560547 226.52490234375 227.453506469727 229.751403808594 227.195297241211 228.192794799805 228.555892944336
227.787002563477 234.726898193359 239.50309753418 242.52799987793 240.342407226562 240.035507202148 237.965606689453 235.054901123047 234.18879699707 234.612503051758 233.024505615234 232.496704101562 233.78889465332 230.100692749023 229.14289855957 230.013595581055 229.577697753906 230.092895507812 228.903305053711 221.978607177734 218.933898925781 219.584503173828 218.78889465332 217.061401367188 217.332702636719 217.802093505859 221.969497680664 222.229507446289 223.488204956055 224.503494262695 223.406997680664 224.432800292969 226.357406616211 228.988494873047 230.712905883789 231.460693359375 230.210006713867 231.114700317383 232.03840637207 228.964492797852 226.705505371094 226.633193969727 226.638198852539 228.941101074219 229.134994506836 231.240097045898 233.421401977539
227.525604248047 233.151596069336 236.157302856445 239.14729309082 237.899307250977 235.90739440918 233.889404296875 231.481796264648 230.886306762695 230.49169921875 231.789001464844 232.439193725586 230.749893188477 230.196502685547 232.819107055664 231.511199951172 229.273406982422 228.917602539062 223.812393188477 222.738204956055 220.757797241211 221.673294067383 220.876098632812 218.238098144531 217.695907592773 217.964706420898 219.345504760742 220.60090637207 222.670806884766 224.688201904297 223.704406738281 226.457901000977 226.283401489258 229.021499633789 229.835800170898 231.501693725586 230.310394287109 232.227096557617 231.067794799805 231.998504638672 231.812896728516 229.761306762695 229.869506835938 231.981597900391 231.247100830078 234.606704711914 238.536697387695
229.745300292969 229.750900268555 231.369201660156 232.368301391602 235.360900878906 236.069900512695 234.08869934082 232.080093383789 230.090698242188 231.093307495117 230.737197875977 228.402297973633 228.946594238281 227.899505615234 225.784896850586 226.472793579102 223.360702514648 221.074798583984 219.004196166992 217.01579284668 216.130905151367 217.138595581055 216.334594726562 214.796798706055 215.069198608398 214.519302368164 216.600204467773 219.712799072266 221.794006347656 224.617797851562 225.549499511719 225.389602661133 227.377304077148 227.12939453125 228.686904907227 226.677093505859 227.59309387207 227.341400146484 227.25439453125 228.174697875977 231.853302001953 234.028198242188 233.151794433594 237.264495849609 235.537292480469 235.731201171875 237.719696044922
229.722305297852 230.4541015625 232.244506835938 233.054092407227 234.231002807617 233.615905761719 233.686996459961 232.875900268555 230.939697265625 229.956893920898 227.011703491211 224.089599609375 224.895706176758 222.668594360352 221.542999267578 219.621307373047 218.257995605469 217.278198242188 214.280700683594 213.40119934082 214.40690612793 212.59880065918 211.815200805664 210.257293701172 211.528900146484 212.723693847656 214.801696777344 216.911697387695 219.985595703125 221.91960144043 222.744903564453 223.492797851562 226.309005737305 226.305999755859 225.050796508789 226.777404785156 225.526702880859 226.434097290039 226.430801391602 227.360000610352 228.286605834961 232.957702636719 236.260696411133 238.261093139648 237.466995239258 236.882293701172 235.883499145508
