ENMTML/All_vars/Predictors/EUR_only/bio10.asc
NCOLS 440 
NROWS 275 
XLLCORNER -11.5 
YLLCORNER 25.4999999994691 
CELLSIZE 0.166666666666667 
NODATA_value -3.4e+38 
[rows 231 to 251 of 275, columns 47 to 93 of 440]
23.6039199829102 23.3831691741943 24.0501003265381 24.7837696075439 25.106990814209 25.3020896911621 25.5469398498535 25.4806804656982 25.5924091339111 26.2483806610107 26.5298500061035 26.8387603759766 26.7297801971436 25.989049911499 26.1910591125488 26.5203704833984 26.6674709320068 27.0014896392822 27.1167297363281 27.7607707977295 27.5769901275635 27.7405204772949 27.9860496520996 28.5859603881836 28.4474792480469 28.4813709259033 28.4875507354736 28.6155605316162 28.5880908966064 28.7545700073242 28.9934692382812 29.02712059021 29.0937194824219 29.2439708709717 29.4715194702148 29.6716403961182 29.8220691680908 29.9555892944336 30.1054801940918 30.1999607086182 30.1669998168945 30.2066593170166 30.3017692565918 30.6075897216797 30.9137001037598 31.2252292633057 31.2749404907227
23.5645599365234 24.6096000671387 25.5047607421875 26.0552101135254 26.261589050293 26.1842708587646 26.4850692749023 26.6849708557129 26.9244709014893 27.2138690948486 27.1687602996826 27.0217208862305 27.3017902374268 27.1703090667725 27.2779598236084 27.0752201080322 27.0594291687012 26.9881591796875 27.3282909393311 28.2460994720459 28.2865695953369 28.8512802124023 29.1058597564697 29.079080581665 28.929859161377 28.9522590637207 28.9863796234131 29.0368804931641 29.0703506469727 29.1758804321289 29.2651805877686 29.471019744873 29.6819190979004 29.9435806274414 30.1712207794189 30.3714694976807 30.4824104309082 30.5933609008789 30.6937694549561 30.7666492462158 30.6003494262695 30.8897094726562 30.8955898284912 31.1354598999023 31.303279876709 31.5694007873535 31.7579402923584
25.7078800201416 26.3753395080566 26.6540699005127 26.9988594055176 26.8439502716064 27.2109699249268 27.5500507354736 27.8390102386475 28.0443897247314 28.134069442749 27.5453090667725 27.7760601043701 27.5839405059814 27.8911304473877 27.8880805969238 27.0641002655029 27.5964698791504 28.1638202667236 28.6569194793701 29.1885890960693 29.1882095336914 29.3523807525635 29.5167503356934 29.5781707763672 29.3790397644043 29.3855209350586 29.4579200744629 29.5694599151611 29.6417694091797 29.7310695648193 29.8863792419434 29.9867305755615 30.1426792144775 30.4592800140381 30.7152404785156 30.8985900878906 31.0596599578857 31.1097793579102 31.2599601745605 31.4493103027344 31.0941791534424 31.3168296813965 31.3516502380371 31.4519195556641 31.8359794616699 32.0474014282227 32.108039855957
27.0907192230225 27.2140502929688 27.3538398742676 27.6871490478516 27.6651096343994 28.2094802856445 28.0936794281006 28.453929901123 28.4820194244385 28.1825103759766 27.2100296020508 27.7635498046875 28.1100997924805 28.3902492523193 28.7810897827148 28.3849296569824 29.1623306274414 29.0777893066406 29.654390335083 29.6839904785156 29.5025291442871 29.5359001159668 29.7976493835449 30.0446491241455 29.8397197723389 29.8401794433594 29.9019393920898 30.0133495330811 30.1133003234863 30.2475395202637 30.3866004943848 30.5198497772217 30.6139698028564 30.8256301879883 31.1092300415039 31.3366508483887 31.6258392333984 31.7203693389893 31.8539009094238 32.0041999816895 31.460470199585 31.7000102996826 31.9285907745361 31.8678703308105 32.1526794433594 32.3083915710449 32.3466987609863
27.7125492095947 28.4360504150391 28.7471504211426 28.9249095916748 29.0585098266602 28.9194602966309 28.9749393463135 29.0361309051514 28.9692497253418 28.3139305114746 27.7799797058105 27.839599609375 28.5532493591309 29.0391006469727 29.768949508667 29.7067699432373 29.8681106567383 29.9750595092773 30.1496601104736 29.9892292022705 29.8735008239746 29.9481906890869 30.048770904541 30.1446495056152 30.3061904907227 30.3009490966797 30.3350696563721 30.4347705841064 30.5464305877686 30.7188301086426 30.8304996490479 30.9804496765137 31.0865802764893 31.1970405578613 31.4362297058105 31.664119720459 31.8924407958984 32.0867309570312 32.3037185668945 32.2538909912109 31.8934307098389 31.9661808013916 32.0612983703613 32.1398811340332 32.4626388549805 32.507568359375 32.5845718383789
29.4065208435059 29.513069152832 29.7292995452881 29.8959007263184 30.0063705444336 30.000789642334 29.9614906311035 29.8502006530762 29.6890907287598 29.6275691986084 29.0989303588867 29.8910903930664 29.9945297241211 30.2147998809814 30.3845500946045 30.2003498077393 30.2094593048096 30.1438007354736 30.425630569458 30.417049407959 30.31369972229 30.3518905639648 30.4283199310303 30.4672603607178 30.5286598205566 30.6117191314697 30.7458400726318 30.857250213623 31.0462493896484 31.1802806854248 31.3243999481201 31.4135704040527 31.5362796783447 31.6133899688721 31.763650894165 31.9528293609619 32.1639518737793 32.3307189941406 32.4699096679688 32.4641990661621 32.4487915039062 32.5715408325195 32.4051094055176 32.5336990356445 32.6952896118164 32.6951599121094 32.7838706970215
29.2266807556152 29.4225807189941 29.7505207061768 30.1055393218994 30.4223594665527 30.6657104492188 30.4991092681885 30.3932800292969 30.4370994567871 30.3532295227051 29.9969997406006 30.5558395385742 30.6989707946777 30.8418407440186 30.6295299530029 30.4388103485107 30.4372692108154 30.4922103881836 30.5982398986816 30.7656898498535 30.6582107543945 30.6788196563721 30.744800567627 30.8000793457031 30.8341999053955 30.9069004058838 30.9846591949463 31.1238498687744 31.3458595275879 31.551570892334 31.6907501220703 31.7632694244385 31.8526306152344 31.9192295074463 32.0191802978516 32.2132987976074 32.3860092163086 32.4968910217285 32.697021484375 32.7471504211426 32.7532615661621 32.8208503723145 32.604419708252 32.7435302734375 32.8721084594727 32.8943405151367 32.9668312072754
29.641960144043 29.9485092163086 30.4209899902344 30.7322406768799 30.8319396972656 31.1537094116211 30.9142799377441 30.9197292327881 30.9073009490967 30.3241996765137 30.9223403930664 31.2880401611328 30.8094100952148 31.0414695739746 30.951000213623 30.7499809265137 30.7820892333984 30.9032497406006 30.9375495910645 31.1463603973389 31.0510501861572 31.0679206848145 31.1062107086182 31.1846103668213 31.2400302886963 31.3122100830078 31.3404998779297 31.3568496704102 31.5350894927979 31.857400894165 31.8798007965088 31.8856391906738 31.9748096466064 32.085578918457 32.2354011535645 32.4020118713379 32.4521293640137 32.6358299255371 32.8024291992188 32.8859481811523 32.9083099365234 32.7812004089355 32.8535995483398 33.0155410766602 33.0214195251465 33.043529510498 33.0887184143066
30.2960090637207 30.41921043396 30.6422595977783 31.2085208892822 31.3413391113281 31.3752193450928 31.5627403259277 31.6289691925049 31.4896602630615 31.1612396240234 31.6490802764893 31.5150909423828 31.2253894805908 31.3799304962158 31.2621593475342 31.2219200134277 31.2372703552246 31.3310203552246 31.3747692108154 31.4747695922852 31.3851699829102 31.5179901123047 31.6177406311035 31.7124996185303 31.7072696685791 31.7013893127441 31.7403297424316 31.7683906555176 31.840799331665 32.046329498291 32.0021591186523 32.0355110168457 32.1019897460938 32.174690246582 32.2634696960449 32.3912391662598 32.5303001403809 32.6574096679688 32.7803688049316 32.863899230957 32.9363784790039 32.8590087890625 32.9591293334961 33.0874710083008 33.1268196105957 33.1541213989258 33.243350982666
30.8282508850098 30.9456005096436 31.0959091186523 31.5015602111816 32.0898094177246 32.134449005127 32.2114410400391 32.1833801269531 31.9498996734619 31.6213703155518 31.9260292053223 31.7810897827148 31.5412693023682 31.4794502258301 31.6007499694824 31.6436195373535 31.6876201629639 31.7255592346191 31.6754302978516 31.7361793518066 31.785530090332 31.7964000701904 32.0014610290527 32.0573883056641 32.0129814147949 32.0293312072754 32.0412216186523 32.1632804870605 32.2296295166016 32.2129898071289 32.2020416259766 32.191219329834 32.207691192627 32.257511138916 32.3690605163574 32.4524116516113 32.5357894897461 32.6248397827148 32.7080612182617 32.7806701660156 32.797420501709 32.8866500854492 33.0203018188477 33.1926498413086 33.1651382446289 33.2652282714844 33.3368186950684
31.5433006286621 31.5281791687012 31.6006107330322 31.8839206695557 32.3841018676758 32.5167999267578 32.6218605041504 32.5714416503906 32.2987899780273 32.1151390075684 32.0533218383789 31.9413890838623 31.8964500427246 31.9346408843994 31.8894500732422 31.9777393341064 32.0990295410156 32.1093292236328 32.0700798034668 32.080810546875 32.1139488220215 32.097038269043 32.1297492980957 32.1524505615234 32.1851615905762 32.2471008300781 32.2741012573242 32.3026390075684 32.3523406982422 32.4081687927246 32.3408699035645 32.3299293518066 32.3964004516602 32.4080696105957 32.4746398925781 32.4911193847656 32.5302886962891 32.5861206054688 32.6302909851074 32.6860008239746 32.6528816223145 32.7696495056152 33.0090103149414 33.0647201538086 33.1982383728027 33.3258781433105 33.4090003967285
32.1096611022949 32.0324783325195 32.116081237793 32.2438507080078 32.4771499633789 32.8713912963867 32.809928894043 32.8986396789551 32.6922798156738 32.4972190856934 32.3470993041992 32.2520294189453 32.1902198791504 32.134391784668 32.1888084411621 32.2994499206543 32.3376197814941 32.3708381652832 32.4314918518066 32.3978385925293 32.4083595275879 32.4415893554688 32.4641609191895 32.4080390930176 32.4302215576172 32.502799987793 32.4809188842773 32.5022201538086 32.5303993225098 32.4802284240723 32.4965782165527 32.5079917907715 32.4914703369141 32.5136489868164 32.5194816589355 32.5464782714844 32.5355415344238 32.5196495056152 32.5196495056152 32.4033012390137 32.6031799316406 32.8197784423828 32.981071472168 33.0810699462891 33.2084884643555 33.370418548584 33.4644088745117
32.4144706726074 32.4869003295898 32.5316581726074 32.6209602355957 32.7488594055176 32.9706192016602 33.064769744873 33.1809883117676 33.0138206481934 32.913688659668 32.7741203308105 32.5516395568848 32.4901008605957 32.5563507080078 32.5275192260742 32.5493316650391 32.5326805114746 32.5596809387207 32.6314888000488 32.6034202575684 32.6759986877441 32.6427116394043 32.7087097167969 32.6695785522461 32.7082901000977 32.7642211914062 32.7699203491211 32.7802696228027 32.7194595336914 32.7193298339844 32.7083892822266 32.6637001037598 32.6528816223145 32.6254615783691 32.6306495666504 32.5804710388184 32.5803489685059 32.5586395263672 32.4869499206543 32.4868316650391 32.6083717346191 32.836009979248 32.9531211853027 33.1304206848145 33.2697792053223 33.3808898925781 33.4974098205566
32.8032989501953 32.847541809082 32.9310188293457 32.958911895752 33.0256309509277 33.114559173584 33.1863594055176 33.3191795349121 33.2686614990234 33.0742416381836 33.017879486084 32.8347587585449 32.8285293579102 32.8058280944824 32.7997016906738 32.7834510803223 32.8047409057617 32.8379707336426 32.8652610778809 32.8984794616699 32.9317092895508 32.9374198913574 32.9147682189941 32.9534683227539 32.9535713195801 32.9589805603027 32.9584617614746 32.9418106079102 32.9310417175293 32.8922882080078 32.8756408691406 32.8252296447754 32.8191108703613 32.7749404907227 32.7470092773438 32.669189453125 32.6524200439453 32.5865898132324 32.4755401611328 32.4812507629395 32.6977310180664 32.9472999572754 32.9310684204102 33.1251792907715 33.3195991516113 33.4360694885254 33.5076599121094
33.1803016662598 33.1911888122559 33.208438873291 33.2585105895996 33.3032684326172 33.3584594726562 33.3694801330566 33.4580116271973 33.5408401489258 33.2847900390625 33.1735000610352 33.1116600036621 33.1173706054688 33.1278915405273 33.1055297851562 33.0995712280273 33.0934410095215 33.1266784667969 33.1601409912109 33.1932411193848 33.1763687133789 33.1428184509277 33.1930503845215 33.2043418884277 33.1875610351562 33.1708106994629 33.131160736084 33.1199989318848 33.1259307861328 33.1198081970215 33.0587615966797 33.0141716003418 32.9971809387207 32.9698791503906 32.9027099609375 32.8476486206055 32.7641296386719 32.6860618591309 32.6312484741211 32.6811218261719 32.8752517700195 32.9860191345215 32.9474296569824 33.1581916809082 33.3583106994629 33.4194183349609 33.5968399047852
33.4799003601074 33.5246696472168 33.5355606079102 33.5748710632324 33.5863990783691 33.618709564209 33.680118560791 33.7460708618164 33.817741394043 33.5675201416016 33.5007400512695 33.4612693786621 33.4444885253906 33.4216690063477 33.3944702148438 33.3887481689453 33.3718605041504 33.3826293945312 33.4322090148926 33.4213104248047 33.4270210266113 33.4601211547852 33.4600486755371 33.4374694824219 33.3765296936035 33.359748840332 33.359748840332 33.3589401245117 33.3316383361816 33.2812194824219 33.2643508911133 33.2641716003418 33.1755905151367 33.131290435791 33.0807685852051 33.00830078125 32.8754196166992 32.8085403442383 32.6811294555664 32.8083686828613 32.9584999084473 33.0312004089355 33.0135612487793 33.2139015197754 33.3189582824707 33.3854293823242 33.546329498291
33.807788848877 33.7967300415039 33.8019104003906 33.7521591186523 33.8631782531738 33.8129997253418 33.8238906860352 33.9125595092773 33.9787292480469 33.9446411132812 33.800350189209 33.7502212524414 33.7165489196777 33.6942405700684 33.6713600158691 33.6881103515625 33.6716804504395 33.6440391540527 33.6496315002441 33.6603698730469 33.6886596679688 33.6826591491699 33.6718902587891 33.6384696960449 33.6215896606445 33.6105194091797 33.6045188903809 33.5765800476074 33.5536994934082 33.5426292419434 33.4984588623047 33.447940826416 33.3976516723633 33.3083000183105 33.2034797668457 33.1198310852051 33.0197105407715 32.8254203796387 32.8417701721191 32.925121307373 33.0248489379883 32.9360198974609 33.1026191711426 33.2302589416504 33.3303718566895 33.4855613708496 33.6296691894531
34.1741409301758 34.1404991149902 34.0964508056641 33.8521614074707 33.9243392944336 33.9185791015625 34.2237205505371 34.2733192443848 34.1617317199707 34.1779899597168 34.166820526123 34.0664482116699 33.9664497375488 33.9272003173828 33.916431427002 33.916431427002 33.8828811645508 33.905330657959 33.8993301391602 33.8992004394531 33.9443702697754 33.9277191162109 33.9333000183105 33.9057083129883 33.905590057373 33.871940612793 33.8549880981445 33.8547706604004 33.798469543457 33.7708206176758 33.7145881652832 33.631420135498 33.5369987487793 33.4476509094238 33.3142509460449 32.9197082519531 32.7527198791504 32.7754211425781 32.9083786010742 33.0474281311035 33.0526695251465 33.0191497802734 33.1526184082031 33.2967300415039 33.3742713928223 33.5185089111328 33.6626815795898
34.4797210693359 34.4743881225586 34.3571014404297 34.3348503112793 34.0738182067871 33.8460006713867 33.901180267334 34.1731910705566 34.5842208862305 34.5445098876953 34.3835716247559 34.4272193908691 34.21044921875 34.1496810913086 34.1327781677246 34.1160087585449 34.1217193603516 34.1550407409668 34.1607513427734 34.1607513427734 34.16162109375 34.1784896850586 34.1674194335938 34.1671295166016 34.1777801513672 34.2167091369629 34.1274795532227 34.0770606994629 34.043529510498 33.9376487731934 33.8537788391113 33.7871284484863 33.6646499633789 33.4641304016113 33.2698402404785 32.8697090148926 32.8086700439453 32.9468383789062 33.0917282104492 33.0084991455078 32.9524993896484 33.0692710876465 33.2633895874023 33.4968490600586 33.5741004943848 33.5290298461914 33.5068016052246
34.7242698669434 34.6739692687988 34.6016311645508 34.5573387145996 34.4958686828613 34.4681816101074 34.4176597595215 34.089900970459 34.5951614379883 34.3947410583496 34.0607490539551 34.2606201171875 34.4773216247559 34.3829116821289 34.3884887695312 34.3607788085938 34.3714218139648 34.3606491088867 34.3498115539551 34.3496894836426 34.3948516845703 34.4006690979004 34.440128326416 34.5121917724609 34.4954109191895 34.428768157959 34.3498306274414 34.227180480957 34.1828804016113 34.1372909545898 33.9706497192383 33.6428413391113 33.5427207946777 33.3700103759766 33.0863609313965 33.0139999389648 33.036319732666 33.1027908325195 32.9964408874512 32.9132118225098 32.9799194335938 33.1463890075684 33.3679313659668 33.5406303405762 33.5955085754395 33.4348602294922 33.4626312255859
34.9856796264648 34.9021606445312 34.8516311645508 34.7344589233398 34.7016983032227 34.3954696655273 34.4232482910156 34.3897285461426 34.5280418395996 34.5777397155762 34.4609718322754 34.4773216247559 34.5659103393555 34.7549705505371 34.6381912231445 34.6046714782715 34.5877685546875 34.5603485107422 34.5998115539551 34.6112213134766 34.6507987976074 34.6620903015137 34.6848907470703 34.9796485900879 34.6569519042969 34.5508193969727 34.4616012573242 34.399528503418 34.3325805664062 34.2158317565918 34.1153106689453 33.9533615112305 33.3868789672852 33.1698417663574 33.1972503662109 33.1636085510254 33.2468414306641 33.0250205993652 32.9467887878418 32.9748497009277 33.0462608337402 33.2571601867676 33.3963394165039 33.5345306396484 33.5348701477051 33.5457611083984 33.4622383117676
