ENMTML/All_vars/Predictors/EUR_only/bio19.asc
NCOLS 440 
NROWS 275 
XLLCORNER -11.5 
YLLCORNER 25.4999999994691 
CELLSIZE 0.166666666666667 
NODATA_value -3.4e+38 
[rows 126 to 146 of 275, columns 376 to 422 of 440]
60.4436912536621 60.0916290283203 59.0974884033203 59.0974884033203 59.0953216552734 59.0850296020508 59.4056587219238 59.4056587219238 59.4056587219238 59.4056587219238 59.0535087585449 59.0586318969727 59.0593795776367 59.0579795837402 59.0579795837402 59.0579795837402 59.7249488830566 59.7233581542969 59.7261810302734 61.6951217651367 61.6951217651367 63.0399703979492 63.046070098877 64.0293502807617 64.0300827026367 64.0204086303711 65.3647003173828 66.0368423461914 67.3709716796875 67.3627090454102 67.3526382446289 67.6960296630859 68.0510330200195 68.0363693237305 67.7136993408203 66.7078170776367 65.0509490966797 66.0455627441406 66.0393829345703 66.0386962890625 66.7046966552734 66.7060165405273 65.6747894287109 63.698600769043 60.7019386291504 59.6837005615234 57.702579498291
59.0948600769043 59.0941390991211 59.0933799743652 58.0985488891602 57.747688293457 57.7484512329102 57.7477684020996 57.7360382080078 57.3889503479004 57.388240814209 56.4055480957031 56.4070510864258 56.4070510864258 57.0731086730957 57.7050285339355 57.7101516723633 58.6971092224121 58.6971588134766 58.6978912353516 59.7285118103027 61.0384216308594 61.0379409790039 61.7005615234375 63.0452995300293 64.0206832885742 64.0228500366211 64.0228500366211 64.3738174438477 65.3679122924805 65.3597793579102 65.7104721069336 67.0362167358398 67.035758972168 68.0466003417969 69.3719863891602 67.7216186523438 66.0563583374023 65.7057876586914 66.0485305786133 65.6980895996094 66.714469909668 66.3640289306641 63.708179473877 62.6970901489258 60.7093315124512 59.6928215026855 57.0413589477539
58.4165382385254 57.4216384887695 57.4208793640137 57.0699081420898 57.0699081420898 57.0760307312012 57.0752716064453 55.7422981262207 54.748161315918 55.415828704834 55.420280456543 55.057788848877 56.052059173584 56.052059173584 56.0498809814453 56.0511016845703 56.0511016845703 57.0455589294434 58.7082901000977 58.7007217407227 61.028450012207 60.6809196472168 61.0291404724121 62.6969985961914 64.0314331054688 64.030632019043 64.030632019043 65.0257720947266 65.3704986572266 65.3681335449219 65.7180862426758 66.7017593383789 68.0391082763672 68.0387115478516 68.381591796875 67.3871383666992 67.3871383666992 66.7079391479492 66.7090072631836 67.3738479614258 65.7059783935547 65.7045669555664 64.7108612060547 62.7048301696777 60.7178382873535 58.7229995727539 57.0494003295898
57.4305686950684 57.421558380127 57.0695381164551 55.0914688110352 55.0914688110352 55.0914688110352 54.7397804260254 54.737491607666 54.7435913085938 54.744758605957 54.3939399719238 54.3917198181152 54.3924713134766 54.3976516723633 54.398380279541 55.3926200866699 56.0609512329102 57.0370407104492 57.0362815856934 58.0422210693359 59.6858596801758 59.0257682800293 60.0201988220215 61.0334701538086 61.0339202880859 63.3713798522949 64.0331192016602 65.0276107788086 65.3760604858398 66.3541870117188 67.3474807739258 67.6984176635742 67.69970703125 68.7103881835938 68.7103881835938 68.0422668457031 68.0426635742188 67.0466613769531 67.3955917358398 67.3853912353516 65.7323379516602 64.7307815551758 63.3821716308594 61.7319297790527 59.7076301574707 58.7245407104492 57.0509185791016
54.4267387390137 54.4267387390137 54.4254188537598 54.4254188537598 54.4139213562012 54.0682907104492 54.0682907104492 54.0666885375977 54.0666885375977 53.7157096862793 53.7154502868652 53.7215194702148 53.719970703125 54.3885192871094 54.0376281738281 54.0376281738281 54.0390815734863 55.0442886352539 56.0291290283203 58.033130645752 59.02880859375 58.0345306396484 59.0175399780273 60.0239486694336 61.0422592163086 62.037109375 63.3625602722168 63.3625602722168 65.0256881713867 65.3767318725586 67.3573379516602 67.7085189819336 67.708122253418 67.7087478637695 69.3686828613281 69.7203674316406 68.0570678710938 68.0570678710938 67.0568466186523 66.058349609375 65.3912506103516 64.3967514038086 62.4077987670898 61.7393608093262 59.7155914306641 59.083911895752 59.0832481384277
54.4243011474609 54.4222717285156 53.4285202026367 53.4278182983398 53.0765991210938 53.0765991210938 53.0764808654785 53.0764808654785 52.7293281555176 52.7285385131836 52.7170181274414 52.7189292907715 52.73046875 52.3772811889648 53.3783988952637 53.3783988952637 53.3730506896973 54.0413208007812 56.0186882019043 56.0293807983398 57.0252990722656 57.0256690979004 57.0267105102539 58.0456199645996 60.0209617614746 60.0207290649414 62.039249420166 62.0390586853027 64.3661575317383 64.3661575317383 64.3661575317383 66.3809661865234 67.3681564331055 67.3755416870117 69.0384063720703 69.3811569213867 69.3811569213867 67.7176666259766 67.0828399658203 66.0703735351562 64.4130935668945 64.4047470092773 63.4097900390625 61.748348236084 61.7366409301758 59.0901794433594 59.0905990600586
52.7499198913574 52.7511901855469 52.7511901855469 52.3986396789551 52.3986396789551 52.3986396789551 52.4055786132812 52.0542297363281 52.0518417358398 51.0686683654785 51.0691413879395 51.076000213623 50.725040435791 50.7234992980957 51.7072105407715 51.7064018249512 53.3687400817871 53.3814086914062 53.3828010559082 55.3534317016602 56.029899597168 57.0288581848145 57.0255584716797 58.3604316711426 59.3550910949707 60.0223083496094 60.0236282348633 60.3747291564941 61.3696098327637 61.3692398071289 64.3750076293945 64.374641418457 66.0388412475586 67.045280456543 69.0488662719727 70.0440368652344 69.0478363037109 67.7382583618164 66.7320327758789 64.0855865478516 63.4397087097168 63.4333000183105 62.4263801574707 61.7578086853027 59.0999183654785 59.0937995910645 58.0688400268555
51.0999298095703 51.0873413085938 51.3952598571777 51.3947982788086 51.3947982788086 51.4004402160645 51.0496597290039 49.3959617614746 49.3974494934082 49.404109954834 49.404109954834 49.049991607666 49.0507011413574 50.7130088806152 50.7130088806152 50.7259902954102 51.7153091430664 52.7054481506348 53.373291015625 55.3631591796875 55.3631591796875 55.0120506286621 55.3629493713379 57.0264015197754 58.3586883544922 59.3532409667969 60.0214805603027 61.3750495910645 61.3775596618652 61.3775596618652 62.373119354248 63.0410308837891 65.3830108642578 67.0434799194336 68.3900299072266 67.0578231811523 67.4060211181641 66.3996963500977 63.7526016235352 64.0947494506836 63.0994300842285 63.0880317687988 60.4424285888672 59.435489654541 59.1099510192871 59.1013488769531 58.0778312683105
49.7511100769043 49.7511100769043 49.7499084472656 49.7490615844727 49.7515182495117 49.3986511230469 49.3986511230469 49.4049987792969 49.4046401977539 49.4029693603516 49.0526313781738 49.0526313781738 49.0580291748047 49.059871673584 49.059871673584 50.055118560791 49.7047882080078 51.3567085266113 52.3625984191895 52.3632583618164 52.3632583618164 53.3583908081055 55.0099716186523 55.3608703613281 56.3522911071777 57.3830490112305 57.3821105957031 58.3776016235352 61.3736114501953 61.3741493225098 61.3767585754395 62.3799514770508 63.3996810913086 65.3827285766602 66.3852767944336 67.0537872314453 64.4083862304688 64.7576217651367 63.7551307678223 63.097110748291 62.1148986816406 60.45166015625 59.4561500549316 57.7864799499512 59.118278503418 59.1102485656738 57.0992698669434
49.0709495544434 48.0759086608887 48.0759086608887 48.0783004760742 47.727180480957 47.7326583862305 47.7326583862305 47.7302703857422 47.7309913635254 47.3861885070801 47.3873405456543 48.3819313049316 48.3826103210449 48.3824310302734 48.381591796875 48.6992607116699 49.7059593200684 49.7073516845703 50.6882095336914 51.6917686462402 52.3538513183594 52.3545188903809 53.707950592041 53.7164192199707 53.7170181274414 54.382740020752 56.7131881713867 58.3695602416992 58.7294006347656 60.7082901000977 61.3769493103027 61.3774909973145 62.3784217834473 64.3978271484375 64.4053192138672 64.408088684082 63.4104804992676 63.4026107788086 63.7518310546875 61.1040496826172 60.109001159668 59.4660606384277 58.4699897766113 57.793140411377 59.1179695129395 58.438648223877 55.4317092895508
46.4318084716797 46.4310989379883 46.4326210021973 47.0533599853516 47.0654792785645 47.0540504455566 46.07080078125 46.0770683288574 45.7251815795898 45.7251815795898 45.7235298156738 45.724250793457 45.7419395446777 46.4098892211914 48.0380592346191 48.0380592346191 48.0383186340332 49.0336303710938 49.701530456543 49.7021598815918 51.691478729248 52.711498260498 52.711498260498 53.7060813903809 53.7066993713379 53.7062911987305 55.7182998657227 56.7122116088867 56.7118911743164 57.7069282531738 58.7272796630859 59.7287712097168 59.7398300170898 62.7331314086914 62.7331314086914 61.7566795349121 61.7566795349121 60.7550201416016 60.7542495727539 59.4418296813965 58.457878112793 57.459659576416 57.8043899536133 57.8022994995117 57.465259552002 56.436149597168 53.4337615966797
44.7564392089844 44.4077606201172 44.4077606201172 44.4070205688477 44.4126815795898 44.4126815795898 44.4126815795898 44.0624084472656 44.0630798339844 44.0696716308594 45.0642700195312 45.7322883605957 45.7336311340332 45.3817481994629 45.3824310302734 46.3776702880859 46.3830909729004 48.0353012084961 48.0479011535645 49.0427093505859 49.0424308776855 49.710620880127 52.0319709777832 52.0374908447266 53.7014694213867 54.0569190979004 54.0634918212891 54.0634918212891 55.0588493347168 55.7270584106445 56.7227897644043 58.0693397521973 58.7372817993164 59.7331314086914 60.0811614990234 60.0843887329102 59.7328987121582 60.0837287902832 59.0861015319824 58.4533004760742 56.7925415039062 56.7903785705566 56.7830696105957 57.1221084594727 56.4456100463867 54.113208770752 52.4503211975098
42.7514305114746 42.7514305114746 43.7344703674316 43.7340087890625 43.7340087890625 43.7340087890625 43.3821907043457 44.0563583374023 44.0563583374023 44.057071685791 44.057731628418 44.057731628418 43.7136001586914 44.7082710266113 44.708911895752 45.3776817321777 45.3890991210938 46.3846092224121 46.3837585449219 48.0359191894531 49.0308113098145 49.031078338623 49.0400810241699 51.0573806762695 51.0569610595703 53.0333404541016 53.035400390625 52.059700012207 54.0629806518555 55.0578117370605 55.7334899902344 57.0802001953125 57.0806884765625 57.0846099853516 57.0811996459961 57.084400177002 57.0848808288574 57.4351997375488 57.4356498718262 56.4401702880859 56.4374008178711 55.7968597412109 55.1289100646973 57.122989654541 54.1129417419434 52.1088218688965 51.4291801452637
41.7563209533691 41.7563209533691 41.7563209533691 41.7558517456055 41.761890411377 41.4109687805176 41.4109687805176 41.4117012023926 42.4084014892578 42.4145889282227 42.4152412414551 42.0642890930176 42.064151763916 42.0648002624512 42.7327690124512 43.7336311340332 44.7183303833008 44.7174110412598 45.3861885070801 46.3811302185059 46.3813285827637 49.0401916503906 48.0564117431641 49.0401916503906 49.3920707702637 50.3861618041992 51.061351776123 51.061351776123 52.3980102539062 52.4096603393555 53.0770416259766 55.0572090148926 55.0638809204102 54.0823402404785 54.433780670166 55.4267807006836 56.4396896362305 56.4396896362305 54.7867393493652 54.7878684997559 53.7813682556152 53.7808990478516 53.4636917114258 53.4553985595703 52.1069793701172 50.4541206359863 49.7739715576172
41.0768508911133 41.0828094482422 41.0828094482422 41.0816917419434 40.7308006286621 40.7315216064453 40.7315216064453 40.739860534668 40.739860534668 40.739860534668 40.3896293640137 40.3963394165039 42.0585784912109 42.0585784912109 42.0592384338379 42.0598602294922 42.0622787475586 43.7219085693359 44.7180213928223 44.7180213928223 46.3807487487793 46.7325210571289 46.733039855957 47.7346305847168 48.4025192260742 49.3870506286621 48.402271270752 49.3982696533203 51.4127502441406 51.4127502441406 51.4124984741211 52.4149208068848 52.4153709411621 52.4150581359863 53.4392509460449 54.4352188110352 54.7833290100098 54.7831497192383 53.7915382385254 53.7876510620117 53.1190795898438 53.1190795898438 53.101261138916 53.4525909423828 50.4564399719238 49.777400970459 48.7827186584473
39.4322090148926 38.0873413085938 38.0861587524414 38.0861587524414 38.0861587524414 39.086109161377 39.0883102416992 39.0890197753906 39.0890197753906 38.7436714172363 39.3999099731445 39.3999099731445 39.4035186767578 39.4035186767578 40.3929710388184 42.0566596984863 42.0679893493652 42.0682487487793 43.7319717407227 43.7319717407227 44.7130317687988 45.7076301574707 46.7277603149414 46.7384796142578 47.7336082458496 47.7223892211914 47.7333183288574 47.7431411743164 48.4121398925781 48.4116401672363 49.7593803405762 49.7582206726074 52.4153709411621 52.7672882080078 52.7660903930664 51.7856788635254 52.7664985656738 53.1114883422852 53.1114883422852 53.1113204956055 52.1281585693359 53.4593315124512 53.453010559082 50.4641189575195 49.7840194702148 48.7919387817383 47.7603797912598
37.407169342041 37.407169342041 37.4123802185059 37.4123802185059 37.4123802185059 37.4123802185059 37.4145584106445 37.4145584106445 37.737678527832 37.7383499145508 37.7405700683594 38.7350883483887 38.7418212890625 39.4098892211914 39.4098892211914 39.4111213684082 39.4160194396973 40.4133682250977 42.0637016296387 42.0627288818359 43.0588684082031 43.7267189025879 43.7267189025879 45.0848693847656 46.7282600402832 45.7532386779785 46.7372589111328 45.7532386779785 46.7577705383301 46.7554702758789 47.7397384643555 48.7603416442871 49.7547912597656 49.7656784057617 49.7660903930664 50.1175918579102 50.1183700561523 50.1183700561523 50.1102714538574 50.4620780944824 50.4703712463379 50.8142585754395 50.4620780944824 49.7932395935059 48.798469543457 46.7846908569336 46.7872314453125
36.430290222168 36.4298210144043 35.7622718811035 35.7622718811035 36.744701385498 36.744701385498 37.42041015625 37.0696716308594 37.0691986083984 37.0604095458984 37.0663909912109 37.7343711853027 37.7349891662598 37.7352294921875 38.7386703491211 38.7386703491211 39.407470703125 39.407470703125 39.4080085754395 40.4025993347168 42.0657806396484 42.0657806396484 43.0611801147461 43.0672416687012 44.0784301757812 45.0829200744629 45.0829200744629 45.0829200744629 45.0833702087402 45.7508201599121 47.0982208251953 47.1091918945312 47.1088485717773 47.1100311279297 47.1167602539062 47.1179809570312 47.1183586120605 47.469841003418 47.4616889953613 47.4616889953613 47.4620590209961 47.8217010498047 47.8134498596191 47.8134498596191 46.7940406799316 45.7984390258789 45.118350982666
34.7562408447266 34.7562408447266 34.7562408447266 35.3662605285645 35.3718681335449 35.374698638916 34.4133415222168 34.4128494262695 34.4184417724609 36.0827293395996 36.083381652832 36.082950592041 36.0912017822266 36.0918006896973 36.7598114013672 36.7604217529297 38.7386703491211 38.7455787658691 39.413890838623 39.414421081543 40.4085388183594 40.4095611572266 41.0779304504395 41.0773811340332 42.4238700866699 42.4243583679199 42.4309692382812 42.4309692382812 43.0994186401367 44.0958213806152 45.0790786743164 45.0932312011719 45.4418601989746 45.4446907043457 45.4446907043457 45.444580078125 45.4449615478516 45.4449615478516 45.4449615478516 46.803108215332 46.8009490966797 46.8009490966797 46.8038215637207 47.1454811096191 45.1279716491699 44.1454696655273 44.1454696655273
34.4058685302734 33.7438507080078 34.3645896911621 34.3645896911621 34.3645896911621 34.3666191101074 33.7501411437988 34.417781829834 34.4198913574219 34.408748626709 34.4147300720215 35.0849189758301 35.0849189758301 36.0796394348145 36.0872497558594 35.7363014221191 36.4068603515625 36.4071197509766 37.7537803649902 37.7527809143066 37.7596588134766 39.4110298156738 39.411449432373 40.4069213867188 40.4069213867188 40.4062194824219 41.4265213012695 42.4225311279297 42.4294090270996 42.4294090270996 42.4407386779785 42.4407386779785 42.440601348877 44.4566917419434 44.4557113647461 44.4583282470703 44.4695014953613 44.4695014953613 44.4695014953613 44.4697608947754 44.8200302124023 45.7980613708496 44.1443481445312 44.1524314880371 44.1454696655273 44.1483383178711 43.4682807922363
31.7544193267822 32.367561340332 32.3648986816406 32.1874313354492 31.3607997894287 32.3722381591797 32.372428894043 32.7578086853027 33.7468490600586 34.4143295288086 34.4171981811523 34.4171981811523 34.4231796264648 34.7409591674805 34.7435188293457 35.7383689880371 35.7383689880371 35.74462890625 36.4020881652832 36.7532501220703 36.7532501220703 37.7479515075684 37.7479515075684 38.4173202514648 38.4173202514648 39.4186897277832 39.4186897277832 39.7699890136719 39.7814903259277 41.4345512390137 42.4302215576172 42.4331512451172 42.4337882995605 42.7853317260742 42.7961883544922 42.8032417297363 42.8032188415527 42.8034782409668 44.143928527832 42.7964286804199 44.143928527832 44.5025901794434 44.1511306762695 44.1524314880371 43.4756011962891 43.1722106933594 43.1722106933594
