ENMTML/All_vars/Predictors/EUR_only/bio16.asc
NCOLS 440 
NROWS 275 
XLLCORNER -11.5 
YLLCORNER 25.4999999994691 
CELLSIZE 0.166666666666667 
NODATA_value -3.4e+38 
[rows 189 to 209 of 275, columns 235 to 281 of 440]
305.812194824219 294.186187744141 283.964599609375 288.300903320312 317.294403076172 314.249786376953 292.185913085938 319.933502197266 304.891998291016 302.522888183594 279.714813232422 256.984710693359 297.808685302734 257.056701660156 202.036605834961 171.699493408203 143.001602172852 132.978103637695 135.556594848633 136.912399291992 136.917205810547 138.37890625 138.38639831543 136.380996704102 133.39030456543 125.301902770996 127.914497375488 129.375106811523 122.878402709961 137.192001342773 131.798797607422 149.495101928711 144.837799072266 144.851104736328 136.169296264648 147.163803100586 156.633499145508 137.41340637207 134.781494140625 128.144607543945 128.792999267578 136.950302124023 176.879699707031 175.871994018555 160.093200683594 153.440994262695 155.902206420898
300.245513916016 273.196807861328 272.374298095703 285.360198974609 296.673706054688 295.227691650391 272.177001953125 274.577606201172 274.841094970703 304.802307128906 284.354309082031 280.579986572266 265.142395019531 245.059494018555 204.500701904297 174.006195068359 153.37809753418 146.510498046875 136.552795410156 137.919692993164 140.385696411133 144.395797729492 146.990203857422 139.982406616211 130.958999633789 124.94709777832 124.525100708008 127.537399291992 125.890197753906 136.477493286133 129.427093505859 132.418395996094 136.435699462891 141.471603393555 135.047805786133 149.378601074219 148.721801757812 144.455505371094 155.262603759766 158.01969909668 132.09700012207 136.841506958008 155.779006958008 150.747604370117 148.03759765625 152.044204711914 153.520294189453
323.56298828125 297.849487304688 281.426605224609 297.662689208984 322.941589355469 371.910614013672 352.860992431641 347.489288330078 361.119598388672 306.741790771484 316.978790283203 278.228912353516 280.485198974609 246.849700927734 199.50390625 201.431304931641 185.798095703125 148.400100708008 143.19970703125 138.382202148438 138.384902954102 139.97900390625 141.572799682617 143.567901611328 137.559204101562 127.530601501465 126.943801879883 126.895599365234 132.846496582031 139.953002929688 135.591796875 135.719696044922 133.899307250977 130.818695068359 141.476699829102 156.404800415039 159.455200195312 157.80419921875 154.142303466797 148.681793212891 143.846405029297 142.895401000977 139.130493164062 142.001998901367 149.90690612793 157.059600830078 151.50129699707
334.138488769531 323.080688476562 303.374114990234 300.951110839844 340.530609130859 349.169586181641 395.414794921875 374.113403320312 373.718688964844 320.336700439453 327.915710449219 272.876892089844 252.616897583008 226.184906005859 204.636505126953 181.026504516602 169.141403198242 150.407592773438 153.871505737305 143.919204711914 141.379196166992 139.979095458984 139.553207397461 137.961303710938 138.969696044922 131.360702514648 127.906898498535 127.660102844238 133.925704956055 138.493194580078 140.088897705078 140.804306030273 136.121994018555 143.143600463867 147.172103881836 154.81559753418 159.528594970703 157.509201049805 150.143493652344 146.879898071289 137.822006225586 141.08219909668 138.247695922852 141.069396972656 145.947402954102 145.070297241211 150.486206054688
314.150299072266 310.731506347656 346.90771484375 367.178985595703 360.140106201172 365.784606933594 374.42529296875 379.056091308594 364.012390136719 340.897888183594 295.249389648438 273.362701416016 256.736389160156 222.143997192383 184.957000732422 167.179000854492 151.764297485352 160.235702514648 168.261505126953 153.228698730469 145.935302734375 143.922393798828 143.385498046875 139.370895385742 135.958297729492 132.910797119141 131.852294921875 130.401397705078 134.732498168945 142.851898193359 151.885894775391 155.546096801758 151.917602539062 154.895706176758 157.653106689453 156.697692871094 153.852600097656 147.185302734375 141.89469909668 138.853103637695 138.471694946289 143.169097900391 143.272796630859 145.269302368164 143.193695068359 146.460998535156 151.186004638672
310.434600830078 319.295501708984 337.183990478516 333.14111328125 341.769104003906 335.735412597656 348.392486572266 360.683990478516 339.988403320312 290.944213867188 265.573699951172 266.321105957031 271.044189453125 217.128005981445 187.887496948242 169.301605224609 149.687896728516 147.260894775391 156.548004150391 154.873199462891 157.239105224609 164.271392822266 152.589599609375 147.938293457031 142.921401977539 134.529998779297 131.643997192383 132.873596191406 141.45100402832 153.171997070312 175.082992553711 190.959197998047 188.481201171875 178.235702514648 168.299194335938 159.604904174805 149.640502929688 143.179595947266 136.522506713867 132.240707397461 133.518707275391 145.109603881836 146.967193603516 150.122497558594 146.823303222656 145.17219543457 147.534393310547
315.025299072266 302.920989990234 314.158203125 329.399993896484 306.060607910156 317.711791992188 317.315704345703 311.306304931641 296.635009765625 260.9912109375 257.805999755859 239.935592651367 207.739501953125 212.226898193359 207.09260559082 169.919296264648 158.217498779297 143.175598144531 143.501800537109 150.599304199219 149.220901489258 160.74690246582 158.891204833984 153.867294311523 146.192398071289 137.145797729492 131.760696411133 131.781692504883 141.3583984375 157.479705810547 190.265197753906 237.810897827148 227.268600463867 197.622192382812 175.391906738281 160.324096679688 146.223098754883 147.140701293945 138.574798583984 134.949295043945 133.12190246582 138.126907348633 141.12939453125 143.809494018555 145.807693481445 145.164306640625 144.529998779297
332.589813232422 295.930786132812 274.193389892578 302.101989746094 330.655609130859 336.9248046875 307.954498291016 297.278686523438 277.640686035156 257.501312255859 226.419906616211 209.743896484375 215.167602539062 206.091400146484 196.072601318359 180.334503173828 194.950103759766 165.680297851562 160.827499389648 155.330795288086 163.653198242188 158.875595092773 162.323593139648 156.739593505859 153.695495605469 144.169006347656 133.100494384766 129.134002685547 137.113403320312 155.133193969727 192.830795288086 242.476501464844 233.041397094727 199.69709777832 175.508605957031 156.489898681641 141.519104003906 138.457504272461 143.090393066406 137.507400512695 140.57389831543 144.519897460938 149.339797973633 149.094100952148 152.087799072266 148.085494995117 186.787902832031
372.280792236328 379.94580078125 372.216400146484 353.656585693359 330.27490234375 326.261596679688 324.002685546875 303.671112060547 274.591613769531 243.524398803711 221.193893432617 203.593795776367 216.716995239258 203.018005371094 188.073699951172 182.972198486328 219.148406982422 188.71940612793 182.942398071289 187.124496459961 193.133407592773 195.302505493164 186.991195678711 167.548400878906 151.687103271484 144.164001464844 133.820098876953 127.428298950195 132.200698852539 145.769607543945 171.832702636719 197.07209777832 198.756393432617 181.924896240234 163.615203857422 147.442993164062 134.494094848633 130.961395263672 132.236694335938 133.613204956055 137.622299194336 145.452194213867 147.382995605469 152.068206787109 149.306594848633 148.113494873047 160.575805664062
369.307098388672 351.446685791016 368.713287353516 376.260986328125 387.024810791016 333.222686767578 308.856994628906 302.353485107422 264.558898925781 238.177001953125 224.806701660156 212.079895019531 188.558700561523 194.14599609375 211.180206298828 201.203903198242 213.61540222168 216.543106079102 204.989105224609 202.220092773438 204.667404174805 204.972198486328 198.392105102539 179.260101318359 154.265197753906 139.785598754883 131.833999633789 128.809997558594 129.846801757812 132.987503051758 146.357498168945 156.401992797852 163.050399780273 156.833297729492 144.807693481445 134.176193237305 129.163803100586 126.545700073242 128.404495239258 132.471694946289 144.34880065918 145.361801147461 139.345794677734 146.983093261719 149.731597900391 152.571197509766 158.439498901367
374.916809082031 377.507995605469 380.285095214844 381.935913085938 378.938201904297 368.446807861328 333.398010253906 291.301910400391 271.069213867188 251.7373046875 229.373397827148 207.018402099609 199.060104370117 184.512603759766 183.097503662109 200.929794311523 227.104797363281 232.197906494141 231.212295532227 221.629302978516 224.80029296875 219.282592773438 206.957992553711 195.197998046875 171.412902832031 158.678298950195 151.89990234375 148.62939453125 140.473999023438 121.094802856445 126.570602416992 133.111099243164 135.469299316406 133.878692626953 128.810302734375 125.433403015137 122.368301391602 122.516998291016 133.478500366211 149.012496948242 159.593902587891 171.130599975586 139.083404541016 149.419204711914 157.998504638672 176.578002929688 169.190200805664
377.634704589844 398.825103759766 365.762084960938 345.134002685547 343.103393554688 344.323486328125 329.234313964844 297.532592773438 276.900787353516 258.278411865234 231.27490234375 217.522506713867 208.568695068359 183.400695800781 192.676498413086 200.936401367188 211.250396728516 226.575897216797 236.543197631836 238.897903442383 243.211898803711 239.417098999023 224.605606079102 207.408493041992 189.875396728516 174.811401367188 175.100402832031 153.104095458984 128.196502685547 115.816902160645 120.259101867676 120.926803588867 125.904502868652 122.179100036621 120.21410369873 118.254203796387 117.546096801758 119.748497009277 120.800300598145 123.554801940918 130.329605102539 132.269195556641 153.368896484375 178.263595581055 178.526596069336 230.498504638672 187.507507324219
375.767211914062 353.329193115234 361.971313476562 395.903503417969 389.133605957031 388.834106445312 369.218200683594 347.845001220703 294.373809814453 275.116088867188 247.687301635742 218.616394042969 204.659194946289 210.152206420898 196.444702148438 181.879196166992 215.044006347656 233.333602905273 249.287704467773 251.438598632812 253.596801757812 254.767105102539 246.828002929688 231.810104370117 214.216705322266 206.413696289062 196.379302978516 172.434005737305 141.248001098633 126.46199798584 120.856399536133 119.278297424316 117.291297912598 115.369102478027 113.40160369873 111.590797424316 122.505996704102 118.748596191406 120.670097351074 125.241401672363 130.942504882812 135.765594482422 153.86279296875 170.335205078125 201.843597412109 217.903503417969 216.886993408203
427.397003173828 378.87939453125 393.581695556641 471.561004638672 437.792602539062 428.69580078125 402.546508789062 360.522705078125 323.689392089844 295.486785888672 261.461608886719 245.371505737305 217.146301269531 201.524597167969 184.833602905273 203.891693115234 213.264099121094 230.635696411133 279.393585205078 272.119506835938 271.199188232422 284.068389892578 274.704711914062 270.309112548828 262.150909423828 249.841003417969 230.321304321289 199.153594970703 171.616302490234 149.312896728516 132.901504516602 125.311401367188 122.30069732666 117.926803588867 114.905097961426 113.836196899414 116.015403747559 118.844200134277 120.416900634766 127.121299743652 136.769104003906 146.220596313477 159.173492431641 173.322799682617 198.435592651367 251.216201782227 269.477813720703
440.696685791016 462.631103515625 430.325103759766 499.089202880859 502.682312011719 479.841705322266 444.607299804688 385.101989746094 341.252807617188 308.113800048828 260.694213867188 261.828887939453 241.269897460938 211.186294555664 192.53239440918 213.42919921875 225.412506103516 244.659103393555 318.810699462891 331.518096923828 287.7119140625 324.624114990234 300.939910888672 301.022186279297 298.376495361328 308.589996337891 271.811401367188 240.431793212891 212.655303955078 185.351104736328 161.651992797852 144.999801635742 136.94889831543 127.94450378418 131.224395751953 129.267501831055 124.633201599121 131.243194580078 148.619705200195 156.129592895508 185.090103149414 203.197601318359 195.19189453125 223.206893920898 272.631713867188 324.821197509766 337.620300292969
434.3212890625 501.056091308594 521.515075683594 558.05517578125 542.976318359375 518.835693359375 484.844604492188 420.306793212891 372.309204101562 330.674987792969 286.559997558594 259.095489501953 239.243499755859 234.11979675293 252.267196655273 211.789703369141 240.132995605469 281.160400390625 379.560089111328 403.555908203125 342.785095214844 396.807708740234 329.965698242188 327.182708740234 351.184509277344 315.911590576172 314.912109375 286.923492431641 259.179290771484 228.587295532227 200.281494140625 178.989807128906 157.060592651367 148.686904907227 153.072601318359 146.868392944336 140.191101074219 150.050506591797 191.549896240234 230.891906738281 212.506896972656 195.786697387695 243.580093383789 302.129608154297 391.625213623047 369.132202148438 355.835601806641
486.488586425781 500.157012939453 553.896789550781 599.258178710938 591.17578125 576.7294921875 485.035705566406 431.296112060547 410.202606201172 350.050811767578 310.623199462891 280.380096435547 260.475708007812 258.101409912109 230.973602294922 218.424606323242 267.42138671875 401.927886962891 494.622589111328 540.924377441406 471.136810302734 491.946594238281 413.901489257812 400.209014892578 396.375793457031 337.152191162109 321.691497802734 317.009307861328 303.635894775391 278.718109130859 248.759399414062 221.393493652344 191.323196411133 177.713195800781 174.411804199219 175.245407104492 179.4248046875 194.43620300293 213.855606079102 216.890396118164 211.971603393555 274.839813232422 351.155792236328 383.725311279297 375.272613525391 353.640899658203 348.057708740234
-3.4e+38 -3.4e+38 534.22802734375 563.787902832031 599.878173828125 603.001892089844 591.593505859375 533.069702148438 428.641510009766 372.294403076172 333.0078125 305.260589599609 289.465911865234 287.275207519531 250.198593139648 262.051086425781 303.409088134766 524.624206542969 587.302001953125 602.095886230469 603.143676757812 600.510681152344 571.076416015625 507.352600097656 453.983001708984 388.423492431641 347.803894042969 334.298004150391 327.924591064453 314.498107910156 285.287902832031 266.167907714844 292.729705810547 232.945999145508 213.494094848633 212.399993896484 216.648498535156 218.760299682617 222.718399047852 229.400497436523 287.186309814453 342.970001220703 365.099914550781 363.77880859375 358.360900878906 346.180694580078 338.795989990234
502.463409423828 524.113525390625 554.0009765625 580.652526855469 -3.4e+38 612.965576171875 613.633422851562 587.256591796875 532.52392578125 462.118408203125 414.519195556641 338.424285888672 305.978698730469 284.140594482422 285.241394042969 319.30859375 328.400787353516 489.196594238281 -3.4e+38 -3.4e+38 -3.4e+38 -3.4e+38 640.507080078125 618.849975585938 564.51171875 502.357513427734 435.943298339844 388.588592529297 357.101013183594 338.505493164062 329.414489746094 296.812896728516 303.069488525391 379.052093505859 328.3583984375 259.260406494141 252.391098022461 251.381195068359 266.251098632812 310.501800537109 350.232696533203 350.636901855469 -3.4e+38 363.94140625 366.662811279297 364.662902832031 362.555206298828
-3.4e+38 -3.4e+38 -3.4e+38 -3.4e+38 -3.4e+38 -3.4e+38 -3.4e+38 -3.4e+38 571.838684082031 517.7373046875 479.223602294922 378.279998779297 329.355895996094 319.395111083984 348.775207519531 396.8212890625 368.454406738281 569.121887207031 -3.4e+38 -3.4e+38 -3.4e+38 -3.4e+38 -3.4e+38 -3.4e+38 -3.4e+38 583.125915527344 521.578796386719 463.634399414062 398.270111083984 375.808502197266 370.164306640625 370.402709960938 347.915802001953 399.435485839844 426.684997558594 387.936614990234 302.090087890625 307.218200683594 344.652709960938 352.677185058594 -3.4e+38 -3.4e+38 -3.4e+38 -3.4e+38 -3.4e+38 383.842590332031 388.299987792969
-3.4e+38 -3.4e+38 557.035400390625 -3.4e+38 -3.4e+38 -3.4e+38 -3.4e+38 -3.4e+38 -3.4e+38 546.994812011719 468.425506591797 379.599914550781 424.041595458984 400.147186279297 419.298400878906 512.363098144531 508.453796386719 -3.4e+38 -3.4e+38 -3.4e+38 -3.4e+38 -3.4e+38 -3.4e+38 -3.4e+38 -3.4e+38 -3.4e+38 -3.4e+38 567.138977050781 472.001495361328 388.332214355469 373.791107177734 367.14990234375 351.728607177734 353.760803222656 376.028686523438 381.876098632812 369.596313476562 361.824584960938 357.010986328125 -3.4e+38 -3.4e+38 -3.4e+38 -3.4e+38 -3.4e+38 -3.4e+38 -3.4e+38 -3.4e+38
