ENMTML/All_vars/Predictors/EUR_only/bio16.asc
NCOLS 411 
NROWS 214 
XLLCORNER -11.5 
YLLCORNER 35.666666666112 
CELLSIZE 0.166666666666667 
NODATA_value -3.4e+38 
[rows 105 to 125 of 214, columns 329 to 375 of 411]
181.919204711914 181.858703613281 180.840805053711 183.843994140625 185.577606201172 184.9501953125 186.757705688477 183.873504638672 184.681793212891 184.935501098633 182.065200805664 181.140197753906 177.419799804688 179.363800048828 183.221603393555 182.150604248047 182.94889831543 180.132904052734 179.884399414062 182.867202758789 183.672302246094 184.474700927734 179.473602294922 181.45539855957 181.439407348633 179.251602172852 177.433502197266 175.476593017578 177.276306152344 177.207000732422 175.264495849609 174.271392822266 171.460601806641 165.601699829102 166.446792602539 164.652206420898 166.497604370117 168.456298828125 170.478393554688 171.560394287109 169.713104248047 165.914993286133 167.798492431641 168.80290222168 162.865798950195 164.918792724609 168.533905029297
179.985794067383 180.853500366211 179.838592529297 179.839599609375 181.826599121094 182.753692626953 183.688400268555 185.685897827148 181.867004394531 182.061004638672 181.128692626953 178.328598022461 179.228393554688 179.24690246582 179.427703857422 179.423599243164 181.165496826172 181.149795532227 179.971496582031 178.972198486328 181.762496948242 181.679092407227 180.563507080078 182.487594604492 181.286895751953 179.350799560547 177.517807006836 178.241500854492 174.306198120117 171.482604980469 168.480194091797 169.539794921875 170.548599243164 163.681503295898 164.461807250977 163.672302246094 163.691192626953 165.537704467773 168.377593994141 168.590393066406 166.795394897461 163.009399414062 163.012893676758 161.833206176758 163.897094726562 164.765106201172 164.73469543457
179.919998168945 179.919998168945 179.854400634766 179.773696899414 181.766494750977 182.686096191406 181.688095092773 183.607192993164 182.671997070312 182.670593261719 179.80810546875 180.131607055664 179.225402832031 180.247299194336 179.252807617188 179.251495361328 179.244400024414 178.255004882812 179.059204101562 179.861297607422 181.673294067383 181.602905273438 178.778900146484 176.591003417969 175.570495605469 178.551803588867 173.539199829102 172.597503662109 172.509002685547 174.119598388672 168.549301147461 163.745697021484 165.505599975586 163.585403442383 161.541595458984 160.756698608398 164.598403930664 165.554504394531 168.382598876953 167.416000366211 163.810104370117 162.852096557617 162.05549621582 163.935699462891 163.731506347656 161.717300415039 158.758605957031
177.738006591797 179.921295166016 178.852905273438 177.840606689453 181.516693115234 183.500503540039 182.490295410156 182.660095214844 182.599700927734 181.592697143555 177.789794921875 178.885101318359 179.151794433594 179.170394897461 176.264007568359 178.249206542969 175.271301269531 175.272598266602 176.077392578125 176.891403198242 178.017807006836 178.878494262695 174.821502685547 174.806396484375 170.800506591797 173.652297973633 171.643997192383 167.564498901367 167.600692749023 167.581695556641 162.577896118164 160.57600402832 160.532806396484 159.61669921875 157.749801635742 157.777603149414 160.617904663086 162.573593139648 162.591293334961 159.809600830078 158.780807495117 159.801406860352 158.081604003906 156.150207519531 156.124298095703 155.907699584961 155.772506713867
175.002304077148 176.745193481445 178.678604125977 177.592193603516 179.577896118164 180.505096435547 180.505096435547 179.677505493164 179.592895507812 179.577896118164 178.782806396484 178.874893188477 175.150299072266 173.245498657227 173.201095581055 172.272399902344 171.289306640625 174.289505004883 174.293502807617 175.104995727539 177.852096557617 176.916198730469 174.911102294922 171.912094116211 169.835906982422 168.878799438477 168.61279296875 167.656204223633 164.649307250977 160.622802734375 157.613693237305 154.792404174805 154.809494018555 154.832107543945 154.769500732422 154.613998413086 152.828506469727 152.844802856445 154.804702758789 155.825897216797 154.796905517578 155.877197265625 155.896301269531 155.896301269531 152.131896972656 154.743301391602 154.779907226562
171.948303222656 173.934005737305 175.660507202148 176.594192504883 177.592697143555 178.322906494141 179.427398681641 177.617202758789 178.488494873047 179.485000610352 178.615097045898 174.078704833984 173.158493041992 173.242599487305 172.266296386719 172.289199829102 169.551803588867 169.566299438477 170.381805419922 172.194198608398 173.142196655273 175.939895629883 175.935195922852 175.74690246582 172.741897583008 168.723205566406 165.89909362793 165.692306518555 165.672805786133 165.643493652344 157.708206176758 152.834396362305 152.84309387207 151.850692749023 151.872802734375 152.633605957031 152.65510559082 151.865707397461 152.688598632812 153.641098022461 152.853302001953 153.860794067383 154.74609375 153.874298095703 151.754501342773 149.802993774414 148.869094848633
171.759902954102 172.692306518555 174.427597045898 175.414093017578 173.596099853516 175.330795288086 173.696502685547 175.505493164062 175.620193481445 174.679306030273 173.884704589844 172.901794433594 171.170806884766 169.383499145508 168.466903686523 168.554504394531 169.38020324707 170.400299072266 169.417602539062 168.427597045898 170.423294067383 173.03759765625 173.055801391602 170.971099853516 169.782104492188 166.953506469727 165.820007324219 162.913497924805 158.959503173828 158.696701049805 151.133102416992 149.948699951172 150.683700561523 150.695205688477 152.701400756836 150.714294433594 149.909698486328 151.668502807617 152.687393188477 150.648498535156 150.660400390625 150.668395996094 148.936904907227 148.936904907227 149.738906860352 149.800994873047 147.790496826172
170.764404296875 171.685592651367 171.679992675781 171.603302001953 172.346099853516 172.33869934082 172.510498046875 173.446701049805 173.704406738281 172.703704833984 170.95930480957 169.169692993164 168.252807617188 165.524795532227 163.564895629883 163.587707519531 162.787902832031 166.415405273438 166.438003540039 165.448593139648 166.5126953125 168.269805908203 169.085494995117 169.014007568359 164.742706298828 162.181793212891 159.045700073242 160.019607543945 157.812301635742 150.924606323242 148.973098754883 148.901596069336 148.723495483398 146.974105834961 146.906295776367 147.729202270508 147.734298706055 148.682998657227 148.703598022461 148.705093383789 146.722305297852 148.720199584961 147.544296264648 146.736206054688 145.799606323242 145.800704956055 145.77490234375
167.920806884766 165.767807006836 167.61979675293 169.428405761719 170.412994384766 170.534301757812 169.527603149414 169.531005859375 169.710601806641 167.964599609375 167.970794677734 166.253997802734 165.258605957031 163.54069519043 161.573501586914 159.660293579102 161.676895141602 161.69270324707 161.720703125 162.479797363281 160.753005981445 166.110992431641 170.816299438477 173.108901977539 171.81689453125 167.449600219727 160.756698608398 161.854598999023 154.028701782227 147.205902099609 147.008102416992 145.992401123047 145.813201904297 145.816802978516 144.810897827148 145.751800537109 145.760192871094 143.762298583984 143.58869934082 141.720092773438 140.787902832031 140.723693847656 140.723693847656 141.788101196289 141.793899536133 140.863006591797 142.780807495117
163.775695800781 164.761306762695 166.496597290039 168.429306030273 169.414001464844 168.538604736328 167.59700012207 165.774505615234 164.966506958008 164.042694091797 164.044692993164 160.321197509766 158.536697387695 157.560394287109 154.904495239258 154.931594848633 156.766296386719 156.962005615234 152.931106567383 153.997299194336 159.146301269531 166.832397460938 173.18049621582 178.171493530273 182.158905029297 172.499694824219 162.166107177734 152.499404907227 145.250198364258 144.287506103516 144.036697387695 141.997299194336 140.092895507812 139.840805053711 139.837097167969 139.847900390625 139.847900390625 138.782592773438 135.975402832031 137.778106689453 137.787704467773 139.712905883789 137.793197631836 136.785507202148 135.977493286133 136.85710144043 137.849197387695
161.761001586914 162.759796142578 164.499496459961 164.683898925781 165.675399780273 166.606399536133 164.605392456055 164.659301757812 163.794799804688 161.052703857422 158.303100585938 157.509292602539 156.586196899414 153.887496948242 149.099899291992 147.145904541016 147.168106079102 146.434799194336 144.196899414062 149.526092529297 156.190307617188 163.531600952148 174.979797363281 186.477905273438 182.641204833984 170.195297241211 158.861801147461 150.498199462891 143.841094970703 141.130401611328 140.118499755859 138.11979675293 138.110305786133 136.012405395508 134.041198730469 132.862899780273 132.862899780273 132.860504150391 132.801406860352 133.798706054688 134.598907470703 135.780395507812 135.785202026367 133.85270690918 131.865600585938 131.027404785156 132.033401489258
158.76579284668 158.761703491211 160.656204223633 162.495803833008 162.494003295898 162.686004638672 161.673400878906 159.926498413086 159.865097045898 157.123504638672 154.512893676758 153.647903442383 154.651504516602 152.75959777832 146.188903808594 140.664505004883 136.705307006836 137.69450378418 142.277893066406 144.23420715332 151.88720703125 161.236404418945 167.98420715332 170.005294799805 169.902603149414 163.233505249023 154.87109375 148.18229675293 141.52490234375 136.33430480957 134.287200927734 134.130294799805 131.133193969727 131.126495361328 131.030395507812 130.033401489258 128.072998046875 128.878997802734 128.812896728516 128.811798095703 129.798492431641 131.603698730469 128.787200927734 129.852401733398 128.868698120117 127.12329864502 127.222297668457
156.932495117188 158.763000488281 159.658294677734 159.657699584961 159.750106811523 158.740005493164 158.751098632812 155.995498657227 155.123306274414 153.188293457031 152.444702148438 151.643096923828 150.713394165039 146.951293945312 139.456695556641 132.045806884766 131.066696166992 130.076095581055 132.283401489258 137.276596069336 144.921600341797 151.348403930664 155.346694946289 159.996200561523 160.005996704102 155.560501098633 148.905700683594 142.212600708008 135.55810546875 132.414398193359 131.479293823242 130.29719543457 130.2958984375 130.977096557617 128.220794677734 125.059303283691 123.903198242188 123.054901123047 123.054901123047 123.052597045898 124.87809753418 123.877502441406 123.799598693848 123.125396728516 123.219703674316 121.291900634766 120.299598693848
155.925903320312 155.852096557617 155.771102905273 155.75700378418 154.764404296875 154.895095825195 154.002304077148 153.994201660156 151.19580078125 149.380798339844 148.711502075195 147.652404785156 145.91130065918 143.027297973633 136.528305053711 130.769104003906 125.111701965332 125.071502685547 127.620697021484 131.955703735352 136.942901611328 141.619995117188 146.60319519043 148.351104736328 148.581100463867 144.907897949219 140.91389465332 135.246002197266 131.565200805664 129.558700561523 128.480499267578 126.489898681641 125.415702819824 125.417098999023 123.244400024414 120.24690246582 119.250900268555 120.074897766113 119.069999694824 117.916198730469 117.91130065918 117.065399169922 117.055198669434 117.053901672363 116.300903320312 116.476997375488 114.662803649902
153.855102539062 152.927398681641 151.914596557617 151.913604736328 151.908599853516 151.082504272461 151.023300170898 148.149597167969 147.272399902344 145.468200683594 146.535598754883 143.786697387695 142.00959777832 139.106002807617 134.590301513672 124.06079864502 123.068199157715 123.791297912598 124.85179901123 127.278099060059 129.974502563477 132.944595336914 134.935897827148 136.916900634766 135.249893188477 132.922103881836 131.256896972656 127.580497741699 126.738403320312 125.483001708984 123.668899536133 120.685997009277 120.682403564453 119.425102233887 117.439102172852 117.263000488281 114.444999694824 114.265197753906 114.264198303223 114.082000732422 113.255599975586 113.254501342773 113.255599975586 113.246398925781 111.502899169922 110.55729675293 108.73860168457
149.119903564453 149.106399536133 148.114303588867 148.098403930664 148.908096313477 150.087005615234 148.083099365234 145.283706665039 145.397598266602 140.651596069336 141.657699584961 139.814804077148 137.027496337891 136.112396240234 128.594299316406 122.034400939941 122.831802368164 122.838798522949 122.718399047852 123.829399108887 124.56950378418 125.437103271484 125.371002197266 126.299003601074 126.156997680664 125.041397094727 124.224800109863 122.039199829102 120.977798461914 118.986503601074 117.925300598145 115.758399963379 114.62809753418 112.704803466797 112.46369934082 112.457099914551 112.387496948242 111.391403198242 109.280899047852 111.204002380371 109.27490234375 110.384300231934 108.264297485352 106.512901306152 104.684097290039 102.759696960449 101.935897827148
146.304702758789 145.300094604492 144.120498657227 145.288497924805 146.104400634766 145.277297973633 142.353302001953 142.345092773438 141.416107177734 140.588302612305 139.661895751953 140.016998291016 135.928497314453 133.207397460938 130.393005371094 120.792900085449 119.699203491211 119.879402160645 121.685401916504 121.626502990723 120.685600280762 122.41780090332 121.40650177002 120.397399902344 119.521896362305 119.26789855957 118.198402404785 116.209701538086 115.148696899414 114.102401733398 112.932998657227 109.948600769043 109.886299133301 109.642700195312 107.652198791504 106.586402893066 107.410598754883 106.406700134277 105.43229675293 103.40599822998 103.40599822998 103.392501831055 101.468399047852 100.529899597168 99.7100830078125 98.7692718505859 96.9446487426758
143.306106567383 143.304092407227 141.371704101562 140.305801391602 142.296401977539 142.289505004883 139.538192749023 137.549499511719 137.711303710938 135.792892456055 138.95979309082 136.971893310547 133.306503295898 131.33039855957 126.490303039551 122.596397399902 117.682601928711 117.678001403809 118.687797546387 117.676498413086 117.66739654541 116.654502868652 115.639297485352 115.507400512695 115.428001403809 113.493103027344 112.435401916504 112.38020324707 110.222099304199 107.172203063965 107.124198913574 107.066902160645 104.899101257324 102.707298278809 102.679496765137 102.993598937988 101.428901672363 100.990699768066 99.4433975219727 99.4407577514648 96.9638977050781 96.4849090576172 95.5169525146484 94.2169418334961 92.8015975952148 91.9704818725586 91.041389465332
140.496505737305 139.491104125977 140.486099243164 139.475692749023 138.488693237305 138.480499267578 138.477905273438 135.729797363281 133.805206298828 134.801193237305 134.978698730469 135.163696289062 131.249206542969 129.325805664062 118.501602172852 116.656799316406 115.658996582031 115.661399841309 114.703796386719 114.519401550293 113.768096923828 111.759902954102 111.746597290039 111.61319732666 109.485397338867 108.652099609375 106.663299560547 105.554100036621 104.393402099609 103.349197387695 102.385299682617 102.261001586914 100.380798339844 98.7202911376953 98.7215805053711 98.0217819213867 98.0221176147461 96.4487533569336 95.4460296630859 94.9651489257812 93.9767074584961 92.4915084838867 91.2017822265625 91.2055587768555 88.9516296386719 88.7548904418945 86.7352905273438
137.683898925781 137.671401977539 136.678207397461 137.670700073242 137.670700073242 136.842407226562 135.670394897461 131.924499511719 133.921295166016 132.92219543457 135.096496582031 130.180099487305 128.249404907227 126.505798339844 118.423301696777 116.505599975586 114.690299987793 114.513900756836 111.765197753906 110.698196411133 109.761497497559 108.755996704102 107.745498657227 106.844902038574 104.900199890137 103.818496704102 102.577003479004 101.612503051758 99.6467971801758 99.553108215332 97.395393371582 97.281982421875 96.4293823242188 95.758056640625 95.742317199707 95.0608901977539 94.0451965332031 92.4627990722656 92.4486999511719 91.9772567749023 89.4935913085938 89.5013885498047 88.1883316040039 87.1628265380859 85.9299087524414 85.6486892700195 84.7430877685547
136.677001953125 136.610794067383 136.606704711914 134.679397583008 133.860107421875 131.865203857422 131.862503051758 131.866104125977 132.109802246094 132.104293823242 131.103698730469 128.364501953125 125.375297546387 124.450996398926 119.533096313477 113.614097595215 112.694297790527 110.87329864502 108.77269744873 107.76180267334 107.691596984863 105.756698608398 104.923599243164 103.836303710938 101.904197692871 99.8262710571289 98.0641937255859 96.70068359375 95.601188659668 94.6255416870117 92.4228820800781 93.462890625 93.4672164916992 92.7608184814453 91.78076171875 91.0743789672852 89.4707336425781 89.4646377563477 88.9912796020508 87.9753036499023 86.509407043457 86.5106582641602 85.1601715087891 84.1488189697266 83.897346496582 82.6574096679688 81.6454925537109
