ENMTML/All_vars/Predictors/EUR_only/bio10.asc
NCOLS 411 
NROWS 214 
XLLCORNER -11.5 
YLLCORNER 35.666666666112 
CELLSIZE 0.166666666666667 
NODATA_value -3.4e+38 
[rows 105 to 125 of 214, columns 47 to 93 of 411]
-3.4e+38 -3.4e+38 -3.4e+38 -3.4e+38 14.9027299880981 14.8484401702881 14.526029586792 14.4873695373535 14.5867004394531 14.2705001831055 14.6320400238037 15.0652599334717 15.1656303405762 15.2154598236084 15.2046403884888 15.2103500366211 15.2220602035522 15.2623300552368 15.0905504226685 15.3249397277832 15.4808101654053 15.5312204360962 -3.4e+38 -3.4e+38 -3.4e+38 -3.4e+38 -3.4e+38 -3.4e+38 -3.4e+38 -3.4e+38 -3.4e+38 -3.4e+38 -3.4e+38 -3.4e+38 -3.4e+38 -3.4e+38 -3.4e+38 -3.4e+38 -3.4e+38 -3.4e+38 -3.4e+38 -3.4e+38 -3.4e+38 -3.4e+38 -3.4e+38 -3.4e+38 -3.4e+38
-3.4e+38 -3.4e+38 -3.4e+38 14.954719543457 14.8990802764893 14.7776203155518 14.732310295105 15.1643400192261 15.8804197311401 15.2702503204346 14.2705001831055 14.781909942627 15.0599203109741 15.3048095703125 15.3214597702026 15.4440402984619 15.4332704544067 15.4343204498291 15.3458795547485 15.374340057373 15.4968500137329 15.6637401580811 -3.4e+38 -3.4e+38 -3.4e+38 -3.4e+38 -3.4e+38 -3.4e+38 -3.4e+38 -3.4e+38 -3.4e+38 -3.4e+38 -3.4e+38 -3.4e+38 -3.4e+38 -3.4e+38 -3.4e+38 -3.4e+38 -3.4e+38 -3.4e+38 -3.4e+38 -3.4e+38 -3.4e+38 -3.4e+38 -3.4e+38 -3.4e+38 -3.4e+38
-3.4e+38 -3.4e+38 -3.4e+38 14.8396501541138 14.86732006073 14.8843698501587 15.1834697723389 15.7599296569824 16.264669418335 15.7702503204346 14.3538904190063 14.0819101333618 14.5598001480103 15.3157501220703 15.3659296035767 15.5882902145386 15.627610206604 15.5452604293823 15.4461698532104 15.563099861145 15.3025102615356 15.4690799713135 15.8136196136475 15.8295497894287 -3.4e+38 -3.4e+38 -3.4e+38 -3.4e+38 -3.4e+38 -3.4e+38 -3.4e+38 -3.4e+38 -3.4e+38 -3.4e+38 -3.4e+38 -3.4e+38 -3.4e+38 -3.4e+38 -3.4e+38 -3.4e+38 -3.4e+38 -3.4e+38 -3.4e+38 -3.4e+38 -3.4e+38 -3.4e+38 -3.4e+38
14.3108196258545 14.5998697280884 14.1342897415161 14.7358798980713 14.9080600738525 14.812780380249 14.9728298187256 15.2935199737549 15.3152103424072 14.7708501815796 14.2759799957275 14.5425500869751 14.8150300979614 15.3818101882935 15.5257501602173 15.7209196090698 15.7163801193237 15.7454299926758 15.5628299713135 15.6687097549438 15.7075700759888 15.4847402572632 15.62975025177 15.8792295455933 -3.4e+38 -3.4e+38 -3.4e+38 -3.4e+38 -3.4e+38 -3.4e+38 -3.4e+38 -3.4e+38 -3.4e+38 -3.4e+38 -3.4e+38 -3.4e+38 -3.4e+38 -3.4e+38 -3.4e+38 -3.4e+38 -3.4e+38 -3.4e+38 -3.4e+38 -3.4e+38 -3.4e+38 -3.4e+38 -3.4e+38
13.4099197387695 13.7714595794678 13.8055801391602 14.0003499984741 14.874340057373 14.7003498077393 14.8661298751831 15.0542898178101 14.9206895828247 14.8091497421265 14.4982595443726 14.7816801071167 15.0758600234985 15.5810899734497 15.7256803512573 15.8312702178955 15.9652700424194 15.9722604751587 15.8231801986694 15.8851099014282 16.0016307830811 15.9120998382568 15.8787097930908 15.867639541626 -3.4e+38 -3.4e+38 -3.4e+38 -3.4e+38 -3.4e+38 -3.4e+38 -3.4e+38 -3.4e+38 -3.4e+38 -3.4e+38 -3.4e+38 -3.4e+38 -3.4e+38 -3.4e+38 -3.4e+38 -3.4e+38 -3.4e+38 -3.4e+38 -3.4e+38 -3.4e+38 -3.4e+38 -3.4e+38 -3.4e+38
13.520170211792 13.2534704208374 13.3595199584961 14.0831298828125 14.599479675293 14.5653600692749 14.6702995300293 14.7258796691895 14.9040403366089 14.9649896621704 15.1705703735352 15.4313898086548 15.6926298141479 15.9645204544067 16.1866302490234 16.1146907806396 16.0929794311523 15.8941497802734 15.8332500457764 16.0340194702148 16.0888805389404 16.0170707702637 15.9444103240967 -3.4e+38 -3.4e+38 15.561710357666 15.556770324707 15.9181604385376 16.412260055542 16.9294109344482 16.9869709014893 -3.4e+38 -3.4e+38 -3.4e+38 -3.4e+38 -3.4e+38 -3.4e+38 -3.4e+38 -3.4e+38 -3.4e+38 -3.4e+38 -3.4e+38 -3.4e+38 -3.4e+38 -3.4e+38 -3.4e+38 -3.4e+38
13.2087602615356 13.7142000198364 14.2535400390625 14.5431299209595 14.6204204559326 14.6363000869751 14.7251396179199 14.8364295959473 14.9708204269409 15.0927495956421 15.1819801330566 15.4826803207397 15.581859588623 15.6037502288818 15.8207502365112 15.9709196090698 15.7992095947266 15.7097301483154 15.8716697692871 16.0938491821289 16.1611804962158 16.0610599517822 15.971830368042 15.9002504348755 15.811149597168 15.5946102142334 15.417670249939 15.784930229187 16.2625102996826 16.6354808807373 16.6634006500244 16.3686408996582 -3.4e+38 -3.4e+38 -3.4e+38 -3.4e+38 -3.4e+38 -3.4e+38 -3.4e+38 -3.4e+38 -3.4e+38 -3.4e+38 -3.4e+38 -3.4e+38 -3.4e+38 -3.4e+38 -3.4e+38
13.6975402832031 13.9249696731567 14.3086099624634 14.3251399993896 14.0028295516968 14.386079788208 14.5248899459839 14.875659942627 14.9702997207642 14.9153299331665 15.043270111084 15.2987804412842 15.3770198822021 15.5653800964355 15.7431001663208 15.8266296386719 15.710280418396 15.8492097854614 15.9539804458618 16.015209197998 16.0655498504639 16.071439743042 16.0108890533447 15.899299621582 15.7659597396851 15.6889095306396 15.5727796554565 15.7123498916626 16.0129795074463 16.20285987854 16.1634006500244 15.9775199890137 15.7827501296997 -3.4e+38 -3.4e+38 -3.4e+38 -3.4e+38 -3.4e+38 -3.4e+38 -3.4e+38 -3.4e+38 -3.4e+38 -3.4e+38 -3.4e+38 -3.4e+38 -3.4e+38 -3.4e+38
13.7311897277832 13.7194204330444 13.6471300125122 13.9303703308105 14.4523000717163 14.6523103713989 14.3804702758789 14.8814601898193 15.1265296936035 14.8935203552246 14.9326295852661 15.0725603103638 15.2276697158813 15.4995098114014 15.5548601150513 15.5551595687866 15.7216901779175 15.855170249939 15.9774503707886 15.9100904464722 15.903920173645 16.1440200805664 16.0104999542236 15.8548898696899 15.699179649353 15.5108404159546 15.6061296463013 15.7959995269775 15.8525800704956 15.8806200027466 15.822699546814 15.7182102203369 15.7136697769165 -3.4e+38 -3.4e+38 -3.4e+38 -3.4e+38 -3.4e+38 -3.4e+38 -3.4e+38 -3.4e+38 -3.4e+38 -3.4e+38 -3.4e+38 -3.4e+38 -3.4e+38 -3.4e+38
13.6735000610352 14.3734998703003 13.9871797561646 14.3744201660156 14.8634796142578 15.0748901367188 14.9030599594116 15.0481100082397 15.392749786377 15.3602695465088 15.2380895614624 15.2832002639771 15.3944902420044 15.4555597305298 15.4226303100586 15.5831804275513 15.8668003082275 15.9667997360229 16.0392894744873 16.0109100341797 15.9827995300293 16.0055599212646 15.9328002929688 15.7771902084351 15.4939498901367 15.3334197998047 15.5177202224731 15.7018804550171 15.8194999694824 15.7443199157715 15.6369695663452 15.6510896682739 -3.4e+38 -3.4e+38 -3.4e+38 -3.4e+38 -3.4e+38 -3.4e+38 -3.4e+38 -3.4e+38 -3.4e+38 -3.4e+38 -3.4e+38 -3.4e+38 -3.4e+38 -3.4e+38 -3.4e+38
14.2636003494263 14.4008502960205 14.681960105896 14.6851100921631 15.2527103424072 15.336950302124 15.2648801803589 15.1764001846313 15.5656299591064 15.4605703353882 15.4273195266724 15.227499961853 15.3111000061035 15.1840000152588 15.3782901763916 15.5453596115112 15.8730497360229 16.1115207672119 16.2279205322266 16.3225593566895 16.21702003479 16.0116901397705 15.9056797027588 15.6938400268555 15.3889999389648 15.4117097854614 15.6068201065063 15.7972202301025 15.9873199462891 15.9906702041626 15.7727003097534 15.6913204193115 -3.4e+38 -3.4e+38 -3.4e+38 -3.4e+38 -3.4e+38 -3.4e+38 -3.4e+38 -3.4e+38 -3.4e+38 -3.4e+38 -3.4e+38 -3.4e+38 -3.4e+38 -3.4e+38 -3.4e+38
14.3467798233032 14.4417104721069 14.9439496994019 14.3135995864868 15.2971696853638 15.3533496856689 15.3931798934937 15.4992799758911 15.6823797225952 15.3052597045898 14.7887897491455 14.9552698135376 15.1112203598022 15.2779998779297 15.5784101486206 15.8063497543335 15.944769859314 16.0785808563232 16.1618595123291 16.2959098815918 16.2173805236816 16.1170692443848 16.0670700073242 15.9666700363159 15.6947898864746 15.6232995986938 15.8229303359985 16.0195503234863 16.1793994903564 16.2841701507568 -3.4e+38 -3.4e+38 -3.4e+38 -3.4e+38 -3.4e+38 -3.4e+38 -3.4e+38 -3.4e+38 -3.4e+38 -3.4e+38 -3.4e+38 -3.4e+38 -3.4e+38 -3.4e+38 -3.4e+38 -3.4e+38 16.3587303161621
14.6855096817017 14.8231801986694 14.6845903396606 14.8898696899414 15.8028898239136 15.4810400009155 15.2924499511719 15.6826801300049 15.3217802047729 14.9221801757812 15.1556596755981 15.2995595932007 15.455340385437 15.6446895599365 15.8005695343018 15.889479637146 15.9884300231934 15.9391298294067 16.0338191986084 16.1110496520996 16.0607891082764 16.5277194976807 16.4886608123779 16.2943592071533 16.1053600311279 16.0505199432373 16.1394996643066 16.273889541626 16.296049118042 -3.4e+38 -3.4e+38 -3.4e+38 -3.4e+38 -3.4e+38 -3.4e+38 -3.4e+38 -3.4e+38 -3.4e+38 -3.4e+38 -3.4e+38 -3.4e+38 -3.4e+38 -3.4e+38 -3.4e+38 16.5037708282471 16.493989944458 16.4818801879883
15.2810897827148 15.5031995773315 15.8082599639893 15.9306697845459 15.9970302581787 15.7588596343994 15.7594995498657 15.5214395523071 15.1719598770142 15.4671201705933 15.4398202896118 15.3995599746704 15.3326396942139 15.427300453186 15.6548404693604 15.7827301025391 15.8218097686768 16.2442207336426 16.4654293060303 16.4599990844727 16.5376205444336 17.2106494903564 16.8048896789551 16.5105991363525 16.3722801208496 16.3112106323242 16.355899810791 16.4345798492432 -3.4e+38 -3.4e+38 -3.4e+38 -3.4e+38 -3.4e+38 -3.4e+38 -3.4e+38 -3.4e+38 -3.4e+38 -3.4e+38 -3.4e+38 -3.4e+38 -3.4e+38 -3.4e+38 -3.4e+38 16.6070499420166 16.6375408172607 16.6342697143555 16.6123790740967
15.8562002182007 15.7348899841309 15.9614601135254 -3.4e+38 15.941840171814 15.6921300888062 15.5587797164917 15.3763303756714 15.3604202270508 15.5611801147461 15.2837696075439 15.2377901077271 15.3538703918457 15.3543195724487 15.4821100234985 15.8379402160645 16.1732501983643 16.3587093353271 16.7022800445557 16.8368701934814 16.8489608764648 17.1942195892334 16.688289642334 16.4606990814209 16.3556308746338 16.3728008270264 16.478479385376 16.4692306518555 -3.4e+38 16.3207893371582 -3.4e+38 -3.4e+38 -3.4e+38 -3.4e+38 -3.4e+38 -3.4e+38 -3.4e+38 -3.4e+38 -3.4e+38 -3.4e+38 -3.4e+38 -3.4e+38 16.5816898345947 16.6732807159424 16.7351608276367 16.7554607391357 16.7816905975342
15.1384801864624 -3.4e+38 -3.4e+38 15.7375497817993 15.7978401184082 15.4139003753662 15.0805501937866 15.1981897354126 15.41565990448 15.3435497283936 15.4100198745728 15.6702003479004 15.6532697677612 15.6094303131104 15.4932804107666 15.6483402252197 15.8528499603271 16.0249900817871 16.3487606048584 16.1928100585938 16.1776504516602 16.2225799560547 16.211519241333 16.2060508728027 16.3618602752686 16.1460304260254 16.063419342041 16.1480693817139 16.0919799804688 16.2402992248535 16.3260307312012 -3.4e+38 -3.4e+38 -3.4e+38 -3.4e+38 -3.4e+38 -3.4e+38 -3.4e+38 -3.4e+38 16.2089290618896 16.29075050354 16.4637203216553 16.5955390930176 16.7269191741943 16.7981090545654 16.8375205993652 16.8754596710205
14.7816600799561 14.7815399169922 15.120719909668 15.4093103408813 15.6695995330811 15.6297798156738 15.5073699951172 15.2696504592896 15.1820602416992 15.2329502105713 15.510199546814 15.9372501373291 16.0709590911865 16.0493202209473 15.9603395462036 15.6709604263306 15.8421802520752 15.8199901580811 16.137170791626 16.1105098724365 15.8270797729492 15.8671703338623 16.0005702972412 16.0457496643066 16.2011699676514 16.3352108001709 16.4029693603516 16.3798198699951 16.0350608825684 15.9496002197266 -3.4e+38 -3.4e+38 -3.4e+38 -3.4e+38 -3.4e+38 -3.4e+38 16.6550598144531 16.5286808013916 16.3916397094727 16.314790725708 16.3392505645752 16.4544200897217 16.6093807220459 16.7643394470215 16.8537502288818 16.9420604705811 16.9909000396729
15.0586795806885 15.1132698059082 14.9638004302979 14.9578504562378 15.3634300231934 15.4187803268433 15.3914098739624 15.4038200378418 15.3877696990967 15.361120223999 15.6052398681641 15.805230140686 16.1617107391357 16.450590133667 16.4000797271729 16.1875400543213 16.092809677124 16.0534591674805 16.1320400238037 16.0384902954102 16.0167808532715 15.9007701873779 16.1838893890381 16.1458301544189 16.2349300384521 16.2915096282959 16.5033302307129 16.5373191833496 -3.4e+38 -3.4e+38 -3.4e+38 -3.4e+38 16.4014091491699 16.6754608154297 16.6990299224854 16.7230796813965 16.6628799438477 16.5758304595947 16.5327491760254 16.4613399505615 16.4686908721924 16.5500793457031 16.697229385376 16.7879199981689 16.7863502502441 16.8801307678223 17.0346698760986
15.3967399597168 15.3954095840454 15.1290302276611 15.2303199768066 15.2583703994751 15.4474697113037 15.2376899719238 15.4552202224731 15.6221504211426 15.7284498214722 15.684289932251 15.8007698059082 16.1346302032471 16.379150390625 16.4999809265137 16.6216907501221 -3.4e+38 16.4541893005371 -3.4e+38 -3.4e+38 -3.4e+38 -3.4e+38 16.0901203155518 16.1733703613281 -3.4e+38 -3.4e+38 -3.4e+38 -3.4e+38 -3.4e+38 -3.4e+38 -3.4e+38 16.5347690582275 16.4347591400146 16.1754608154297 16.2966499328613 16.6299991607666 16.5942707061768 16.5738697052002 16.5117607116699 16.5338497161865 16.6245403289795 16.6286106109619 16.7375202178955 16.6814193725586 16.7194805145264 16.9624805450439 16.9728603363037
15.3143901824951 15.4238195419312 -3.4e+38 -3.4e+38 -3.4e+38 -3.4e+38 -3.4e+38 15.8732004165649 -3.4e+38 15.6348104476929 -3.4e+38 -3.4e+38 -3.4e+38 -3.4e+38 16.2782592773438 -3.4e+38 -3.4e+38 -3.4e+38 -3.4e+38 -3.4e+38 -3.4e+38 -3.4e+38 -3.4e+38 -3.4e+38 -3.4e+38 -3.4e+38 -3.4e+38 -3.4e+38 -3.4e+38 -3.4e+38 -3.4e+38 16.5749893188477 16.3990306854248 16.1161499023438 16.1609191894531 16.3178405761719 16.5747699737549 16.7130794525146 16.7273502349854 16.6818809509277 16.6550807952881 16.6766204833984 16.7366504669189 16.7472991943359 16.8124809265137 16.8063793182373 16.8108005523682
15.4319801330566 -3.4e+38 -3.4e+38 -3.4e+38 -3.4e+38 -3.4e+38 -3.4e+38 -3.4e+38 -3.4e+38 -3.4e+38 -3.4e+38 -3.4e+38 -3.4e+38 -3.4e+38 -3.4e+38 -3.4e+38 -3.4e+38 -3.4e+38 -3.4e+38 -3.4e+38 -3.4e+38 -3.4e+38 -3.4e+38 -3.4e+38 -3.4e+38 -3.4e+38 -3.4e+38 -3.4e+38 -3.4e+38 -3.4e+38 -3.4e+38 16.8775691986084 16.7109107971191 16.5438003540039 16.442310333252 16.3154697418213 16.1963806152344 16.3509197235107 16.4892292022705 16.7048606872559 16.7597999572754 16.836820602417 16.8582401275635 16.868480682373 16.8066806793213 16.8398990631104 16.8330307006836
