ENMTML/All_vars/Predictors/EUR_only/bio10.asc
NCOLS 411 
NROWS 214 
XLLCORNER -11.5 
YLLCORNER 35.666666666112 
CELLSIZE 0.166666666666667 
NODATA_value -3.4e+38 
[rows 168 to 188 of 214, columns 329 to 375 of 411]
12.7207899093628 16.7665004730225 17.8275394439697 18.8811492919922 19.8343696594238 20.3939208984375 20.4222393035889 19.8744697570801 19.6567096710205 19.8535099029541 21.0960597991943 22.0436191558838 22.3219299316406 22.6226806640625 22.7185897827148 23.0330009460449 22.9507694244385 22.7631492614746 22.8131504058838 22.9925804138184 23.3766708374023 23.6733207702637 23.7793006896973 23.7946701049805 23.7483806610107 23.7212390899658 23.66628074646 23.6223793029785 -3.4e+38 -3.4e+38 -3.4e+38 -3.4e+38 -3.4e+38 -3.4e+38 -3.4e+38 -3.4e+38 -3.4e+38 -3.4e+38 -3.4e+38 24.3478202819824 24.403600692749 24.4978904724121 24.5860805511475 24.6692008972168 24.7576904296875 24.8625297546387 24.9416809082031
9.33014869689941 9.25679874420166 14.1360301971436 16.9055805206299 18.9644908905029 19.6083202362061 19.6865997314453 19.404369354248 19.1148891448975 18.2062397003174 19.0010204315186 20.2102203369141 21.2059307098389 21.7838497161865 21.6527500152588 21.438850402832 20.6545791625977 20.615140914917 20.6299304962158 20.4100704193115 20.7882194519043 21.798770904541 22.5315093994141 23.586009979248 23.7935009002686 23.7548904418945 23.69993019104 23.6560306549072 -3.4e+38 -3.4e+38 -3.4e+38 -3.4e+38 -3.4e+38 -3.4e+38 -3.4e+38 -3.4e+38 -3.4e+38 -3.4e+38 -3.4e+38 24.4053192138672 24.4493808746338 24.5434494018555 24.6373500823975 24.714879989624 24.7922992706299 24.8859806060791 24.9851207733154
5.90714693069458 6.75920391082764 9.84014892578125 10.0391597747803 13.796799659729 14.2291498184204 14.6950302124023 15.7909498214722 15.3733501434326 15.4064798355103 14.6555099487305 13.6562795639038 15.3435001373291 18.746280670166 18.9636707305908 17.1729793548584 16.8061008453369 16.6768398284912 15.3113098144531 14.2042598724365 15.4072198867798 20.5454692840576 21.9341506958008 22.1687507629395 22.0014305114746 23.5555305480957 23.7505702972412 23.7065505981445 23.6684608459473 23.6967697143555 23.7033195495605 23.7483596801758 23.7992000579834 23.9169998168945 -3.4e+38 -3.4e+38 -3.4e+38 -3.4e+38 -3.4e+38 24.4444198608398 24.471960067749 24.588830947876 24.6495094299316 24.7374591827393 24.8541107177734 24.9420795440674 25.019510269165
9.98620319366455 10.3795003890991 6.05908107757568 8.20756530761719 8.25667285919189 7.87319898605347 6.52397012710571 9.30469131469727 9.5989875793457 10.8812198638916 9.22121810913086 11.8637504577637 13.6901502609253 16.0276699066162 14.9333696365356 14.6500196456909 12.9343900680542 14.4166698455811 14.788140296936 17.1590099334717 17.7645606994629 17.2517795562744 19.0189304351807 20.614709854126 21.3047904968262 22.5946197509766 23.7404499053955 23.7402992248535 23.7133693695068 23.7140007019043 23.7375907897949 23.7887306213379 23.8672199249268 23.9741897583008 -3.4e+38 -3.4e+38 -3.4e+38 -3.4e+38 -3.4e+38 -3.4e+38 -3.4e+38 -3.4e+38 -3.4e+38 -3.4e+38 -3.4e+38 25.0537700653076 25.0871200561523
14.7494297027588 12.9278497695923 8.95285415649414 7.81414318084717 9.57327175140381 7.74650001525879 7.2961540222168 8.93357181549072 7.19526100158691 9.56027603149414 8.72168731689453 8.23821067810059 8.92679500579834 8.21602630615234 11.047269821167 11.0413398742676 14.2233695983887 14.4505500793457 13.6837997436523 13.5112199783325 13.7448701858521 18.1527004241943 15.6102695465088 17.0975894927979 18.1638698577881 20.7068004608154 22.8125400543213 23.7578201293945 23.7363796234131 23.7370891571045 23.7384605407715 23.839879989624 23.9521007537842 24.0415306091309 -3.4e+38 -3.4e+38 -3.4e+38 -3.4e+38 -3.4e+38 -3.4e+38 -3.4e+38 -3.4e+38 -3.4e+38 -3.4e+38 -3.4e+38 25.110860824585 25.1489295959473
15.3494300842285 13.8884897232056 12.5611000061035 13.3053903579712 11.4393796920776 9.40143775939941 10.5553798675537 12.0382699966431 12.4429798126221 13.1036701202393 10.5101499557495 8.55585670471191 8.82744121551514 10.3040895462036 9.08267593383789 11.3588495254517 11.9027996063232 8.41010093688965 11.8355102539062 15.0783996582031 14.6228103637695 16.9156093597412 17.0323791503906 16.1158599853516 16.1214408874512 18.0482807159424 21.6244697570801 23.174840927124 23.7869091033936 23.7269706726074 23.7892608642578 23.8963108062744 24.0255908966064 24.1602897644043 -3.4e+38 -3.4e+38 -3.4e+38 -3.4e+38 -3.4e+38 -3.4e+38 -3.4e+38 -3.4e+38 -3.4e+38 -3.4e+38 -3.4e+38 25.1496696472168 25.1772193908691
18.3858795166016 16.5039005279541 16.159610748291 16.7026100158691 16.413890838623 14.2874898910522 14.3704996109009 14.0824298858643 15.1762504577637 14.7534303665161 14.3200798034668 15.480770111084 12.7373695373535 9.62237930297852 10.3046102523804 11.7872695922852 8.66074657440186 9.53232955932617 11.2813396453857 9.04287624359131 11.5693998336792 13.6127500534058 14.684229850769 14.6511201858521 14.4180002212524 16.3552093505859 20.2089805603027 22.6923999786377 23.6483192443848 23.7443695068359 23.8405208587646 23.9705390930176 24.1669292449951 24.3407402038574 -3.4e+38 -3.4e+38 -3.4e+38 -3.4e+38 -3.4e+38 -3.4e+38 -3.4e+38 -3.4e+38 -3.4e+38 -3.4e+38 -3.4e+38 25.1949291229248 25.2387294769287
17.193000793457 17.2762508392334 18.7134704589844 19.1298198699951 19.4464702606201 18.6473407745361 18.0093898773193 17.7433891296387 18.9204807281494 16.8925304412842 18.2366199493408 21.3964195251465 21.5510196685791 19.2349891662598 15.3811197280884 11.6211395263672 11.9652099609375 11.0379104614258 11.3594999313354 8.19386959075928 9.0049352645874 9.4429988861084 12.0255298614502 12.3030796051025 14.0136404037476 15.9398002624512 18.6877307891846 21.4484691619873 22.5211906433105 23.0941009521484 23.9193000793457 24.1609897613525 24.3688907623291 24.5489292144775 -3.4e+38 -3.4e+38 -3.4e+38 -3.4e+38 -3.4e+38 -3.4e+38 -3.4e+38 -3.4e+38 -3.4e+38 -3.4e+38 -3.4e+38 25.2288303375244 25.2562503814697
16.3274192810059 15.4439001083374 15.5603704452515 15.720890045166 17.2591304779053 19.3081607818604 20.3975505828857 21.3804702758789 20.8312397003174 17.97580909729 17.1763496398926 17.8370494842529 20.0025100708008 22.4291305541992 23.3335990905762 21.739429473877 19.8339195251465 15.6029996871948 10.7491998672485 10.1329803466797 7.62228488922119 7.25593090057373 7.29424381256104 8.93840885162354 11.7041902542114 12.4591302871704 13.5971202850342 18.2552299499512 21.0716800689697 23.0958805084229 24.1048107147217 24.4474697113037 24.6781196594238 24.828929901123 24.9236698150635 24.9791793823242 24.9779396057129 24.9768199920654 24.9755802154541 24.9909801483154 -3.4e+38 -3.4e+38 -3.4e+38 -3.4e+38 -3.4e+38 25.2573394775391 25.3124809265137
13.2461795806885 12.3413600921631 11.9911804199219 12.195779800415 13.3221302032471 14.5544900894165 15.4986600875854 18.0762691497803 21.858980178833 21.5428791046143 20.7540092468262 20.0146598815918 19.5475692749023 20.1022605895996 22.2735404968262 24.2723503112793 24.4388809204102 24.1275901794434 21.5226097106934 16.6353092193604 12.8264503479004 9.79476261138916 9.77841186523438 10.0384101867676 8.53360176086426 12.0768995285034 12.5377902984619 17.1399803161621 20.6822109222412 22.6241397857666 23.4785194396973 24.3052597045898 25.0203704833984 25.199649810791 25.2218608856201 25.2035293579102 25.1744709014893 25.1343193054199 25.1268501281738 25.1030197143555 -3.4e+38 -3.4e+38 -3.4e+38 -3.4e+38 -3.4e+38 -3.4e+38 -3.4e+38
12.37034034729 11.8203401565552 10.2153797149658 13.1455297470093 14.4269504547119 15.0043697357178 17.1035194396973 19.6314296722412 21.6254596710205 23.4366207122803 23.736400604248 22.1194801330566 22.00830078125 23.1069507598877 22.351619720459 22.2117900848389 24.1665496826172 24.7717609405518 24.6998195648193 24.0277690887451 21.0788707733154 14.9809198379517 10.8720598220825 10.8663501739502 12.3211898803711 12.1610202789307 13.4827299118042 16.1971702575684 19.4440002441406 21.1333293914795 22.3362808227539 23.9005699157715 25.1685104370117 25.6097393035889 25.5408706665039 25.4274501800537 25.3474502563477 25.2680606842041 25.2101993560791 25.1534004211426 -3.4e+38 -3.4e+38 -3.4e+38 -3.4e+38 -3.4e+38 -3.4e+38 -3.4e+38
14.1922597885132 11.9666996002197 10.9255800247192 10.5108404159546 15.0992298126221 17.3144702911377 20.1803207397461 21.8467693328857 23.39674949646 24.2582092285156 24.7022895812988 23.907470703125 22.9464302062988 23.0794296264648 23.6065998077393 23.0727291107178 21.9066295623779 22.7836799621582 23.4446201324463 24.5385398864746 24.7219390869141 21.8288707733154 16.0425090789795 9.38982772827148 9.92823886871338 13.4270696640015 14.687370300293 15.8088302612305 16.6248092651367 18.3336696624756 20.4211692810059 22.4439697265625 24.735559463501 25.7892303466797 25.7860107421875 25.6113204956055 25.458869934082 25.3675403594971 25.2772197723389 25.2420101165771 -3.4e+38 -3.4e+38 -3.4e+38 -3.4e+38 -3.4e+38 -3.4e+38 -3.4e+38
11.8959302902222 12.6935501098633 11.9621601104736 9.67580699920654 13.1849603652954 16.0752296447754 16.1585807800293 17.9522800445557 21.1302509307861 22.4860496520996 23.3522300720215 24.6015396118164 24.718189239502 24.0619602203369 23.1393299102783 23.8836708068848 24.1166706085205 23.9330291748047 23.266809463501 23.4226894378662 24.588659286499 24.4610195159912 22.9671001434326 15.6925001144409 12.0001201629639 10.145359992981 8.50119018554688 7.68965196609497 9.9568977355957 14.0165996551514 17.5738506317139 20.6066703796387 22.6912803649902 25.0231494903564 25.8185596466064 25.7050399780273 25.5743598937988 25.4339408874512 25.3484401702881 25.2585105895996 -3.4e+38 -3.4e+38 -3.4e+38 -3.4e+38 -3.4e+38 -3.4e+38 -3.4e+38
9.99853706359863 11.7015895843506 12.772780418396 11.0433502197266 12.6995801925659 15.29833984375 14.8435001373291 15.8041896820068 17.0531997680664 17.4525604248047 20.168550491333 23.2241897583008 23.8010196685791 24.4283103942871 24.5887298583984 24.2110900878906 24.5047397613525 25.0041007995605 25.1992607116699 25.2989196777344 24.9104995727539 24.499849319458 24.1827297210693 23.6219100952148 21.1228809356689 19.4957809448242 16.3703899383545 12.666600227356 10.2898998260498 10.5570297241211 13.5226497650146 16.8587303161621 19.3632507324219 22.4351100921631 24.7464809417725 25.7078304290771 25.6009101867676 25.4603691101074 25.3418598175049 25.2351703643799 -3.4e+38 -3.4e+38 -3.4e+38 -3.4e+38 -3.4e+38 -3.4e+38 -3.4e+38
13.1955099105835 13.726900100708 14.7513704299927 13.9569702148438 12.9390096664429 13.5593099594116 14.7842197418213 16.8535995483398 15.3440399169922 14.5177898406982 17.6422290802002 18.4862995147705 19.9909591674805 22.2898502349854 23.3230209350586 24.4215106964111 24.9433307647705 25.120569229126 25.2817401885986 25.3376197814941 25.4550495147705 25.4989891052246 25.237699508667 24.3161106109619 24.0156898498535 23.7092094421387 23.2488803863525 22.0323600769043 19.6066493988037 14.7217102050781 14.0328302383423 15.110050201416 17.730110168457 18.8086605072021 22.1336193084717 24.5429096221924 25.5874004364014 25.45339012146 25.3463497161865 25.2338199615479 25.1552906036377 25.1378002166748 25.1257495880127 25.153169631958 25.1921291351318 25.2638397216797 -3.4e+38
16.6859798431396 17.4104404449463 17.8868808746338 17.2193298339844 14.1922302246094 13.955659866333 13.2974195480347 13.0303497314453 13.2062997817993 15.1953601837158 17.142749786377 14.3237495422363 16.827220916748 18.2038192749023 18.054370880127 19.5747394561768 22.3501796722412 23.9542407989502 24.5208206176758 24.9647693634033 25.3098907470703 25.5930690765381 25.8822994232178 25.5819892883301 24.8205299377441 24.375560760498 23.8813591003418 22.9706993103027 22.3102798461914 20.8666000366211 19.3460292816162 19.1128005981445 19.357250213623 19.7521305084229 20.8527507781982 22.7714691162109 25.1071300506592 25.4783191680908 25.3166809082031 25.1768493652344 25.1041698455811 25.0648403167725 25.0861492156982 25.135929107666 25.1746406555176 25.2688102722168 -3.4e+38
15.6814403533936 18.1275196075439 17.6628398895264 15.9403200149536 11.8859996795654 11.4111099243164 13.8128004074097 12.8481197357178 13.9355297088623 13.9801502227783 14.2939500808716 13.6837501525879 14.328929901123 17.3934001922607 16.6833992004395 17.842960357666 18.1536808013916 21.2168197631836 22.3826103210449 23.4931297302246 24.8258800506592 25.5760593414307 25.9154205322266 25.9035892486572 25.6199798583984 25.3909702301025 25.1353607177734 24.7696990966797 24.392650604248 24.0386009216309 23.63330078125 22.7169494628906 22.373420715332 21.4958591461182 22.636510848999 23.3152694702148 24.3828601837158 25.2767295837402 25.2037696838379 25.0527591705322 24.9638500213623 25.0521392822266 25.0522708892822 25.1075000762939 25.1412696838379 25.2403697967529 -3.4e+38
15.6675901412964 18.9917907714844 18.59375 16.5476703643799 12.4457302093506 13.316499710083 16.2995796203613 16.5772705078125 14.838809967041 12.5593299865723 14.4874496459961 15.1248598098755 14.7057800292969 12.7836999893188 13.8617601394653 14.7398700714111 15.2800998687744 16.3723106384277 17.5487403869629 19.7571697235107 22.9104194641113 24.84840965271 25.431640625 25.5698108673096 25.3638496398926 25.1458797454834 24.9293308258057 24.78005027771 24.7031002044678 24.6934509277344 24.794469833374 24.6066703796387 23.4680004119873 22.9294300079346 23.1078090667725 23.9972190856934 24.3915195465088 24.8251209259033 24.8128108978271 24.9848899841309 24.956729888916 24.9796104431152 25.0515403747559 25.0958309173584 25.1070003509521 25.1851596832275 -3.4e+38
16.7753601074219 19.3084392547607 20.947940826416 21.6409606933594 21.6684799194336 22.3173198699951 21.6898994445801 19.7518291473389 15.5798797607422 10.1816396713257 12.6857099533081 15.4850101470947 15.7728500366211 15.6866998672485 14.6048402786255 12.4974899291992 13.8829498291016 13.8658304214478 13.2565298080444 17.648609161377 22.1996307373047 24.4702205657959 25.0923900604248 25.1802501678467 25.0243396759033 24.701789855957 24.4126491546631 24.2627391815186 24.2467994689941 24.3638191223145 24.609899520874 24.888879776001 24.9008693695068 24.1066207885742 23.8011608123779 24.3624496459961 24.9569797515869 25.2236995697021 25.3117809295654 25.2343997955322 25.1062297821045 25.0458106994629 25.0067501068115 25.0678005218506 25.084789276123 25.1459503173828 -3.4e+38
18.4774703979492 20.3689594268799 21.9524307250977 23.1337394714355 23.7270393371582 24.1331405639648 24.4000701904297 22.3896999359131 18.5923309326172 13.2439403533936 12.0125598907471 14.1235504150391 13.3804702758789 12.7133502960205 13.0938396453857 12.9743404388428 15.2255601882935 16.9223403930664 18.3593006134033 20.0792598724365 21.4167308807373 23.7989101409912 24.5980701446533 24.7135696411133 24.5467300415039 24.2015895843506 23.8451499938965 23.61794090271 23.6352100372314 23.8963508605957 24.2754592895508 24.6877403259277 25.026969909668 24.844409942627 25.1336498260498 24.8501491546631 25.244909286499 25.4059791564941 25.3333492279053 25.2003707885742 25.0775508880615 25.0164794921875 24.9953098297119 25.0006408691406 25.0511703491211 25.117790222168 -3.4e+38
13.7678203582764 16.8179702758789 19.9074993133545 22.4571399688721 23.799280166626 23.5002002716064 24.494119644165 24.5437698364258 22.5447196960449 18.3206691741943 14.2748603820801 14.8382396697998 12.9378204345703 11.5564298629761 11.3726596832275 11.2702703475952 11.4670000076294 15.2764501571655 16.0874404907227 17.9377002716064 21.5003509521484 22.4389305114746 23.8649196624756 24.2029991149902 24.0413208007812 23.6683692932129 23.2118091583252 22.855899810791 22.9286994934082 23.3460502624512 23.9189300537109 24.4701690673828 24.9592094421387 25.1876907348633 25.2261791229248 25.3265495300293 25.3716106414795 25.3549709320068 25.2496299743652 25.1441707611084 25.0664005279541 24.9892101287842 24.9846706390381 24.995189666748 25.0400009155273 25.0845108032227 -3.4e+38
