ENMTML/All_vars/Predictors/EUR_only/bio11.asc
NCOLS 411 
NROWS 214 
XLLCORNER -11.5 
YLLCORNER 35.666666666112 
CELLSIZE 0.166666666666667 
NODATA_value -3.4e+38 
[rows 20 to 39 of 214, columns 230 to 275 of 411]
-13.9965696334839 -14.0387001037598 -13.8542404174805 -13.581130027771 -13.3842096328735 -13.2108402252197 -13.0921497344971 -12.9373903274536 -12.6325702667236 -12.5722904205322 -12.33434009552 -11.9687995910645 -11.6974201202393 -11.6702604293823 -11.5928602218628 -11.4933795928955 -11.182279586792 -11.0496597290039 -10.9164800643921 -10.5667295455933 -10.4829998016357 -10.849570274353 -10.9440603256226 -10.9106197357178 -11.060079574585 -11.7037897109985 -11.4485301971436 -11.6314001083374 -11.958270072937 -12.4040899276733 -12.674280166626 -12.8151502609253 -12.3578701019287 -14.0970697402954 -13.2122201919556 -12.3912601470947 -11.7564096450806 -11.6078195571899 -11.4394702911377 -11.8510103225708 -11.9956798553467 -12.3066701889038 -12.2576599121094 -11.7411003112793 -11.0857696533203 -11.5915403366089
-13.7478103637695 -13.6841897964478 -13.6233501434326 -13.4961500167847 -13.3353595733643 -13.2107801437378 -13.1693601608276 -13.1433095932007 -12.6212902069092 -12.4223499298096 -12.200719833374 -11.9124698638916 -11.8745203018188 -11.8250303268433 -11.6976299285889 -11.8315696716309 -11.9262504577637 -11.809889793396 -11.4378099441528 -10.9320497512817 -10.7820501327515 -10.6980600357056 -10.9209003448486 -11.3814496994019 -11.2251195907593 -11.2916898727417 -11.4914398193359 -11.65744972229 -12.1969699859619 -12.1413602828979 -12.0579299926758 -11.9521598815918 -12.1840801239014 -13.8232803344727 -12.8021097183228 -12.3340301513672 -11.8657903671265 -11.6840295791626 -12.8052701950073 -14.4286098480225 -14.0401000976562 -14.1621799468994 -13.0679502487183 -12.2405395507812 -11.312629699707 -11.6353998184204
-13.5169200897217 -13.4186601638794 -13.3774700164795 -13.1987104415894 -13.0894804000854 -13.1881799697876 -12.984450340271 -12.8875398635864 -12.6475400924683 -12.318510055542 -12.0443897247314 -11.9452695846558 -11.8906497955322 -11.8906497955322 -11.8860902786255 -12.0586795806885 -12.2312803268433 -12.0591897964478 -11.964409828186 -11.8649196624756 -11.82546043396 -11.6754598617554 -11.5586004257202 -11.5080499649048 -11.4688396453857 -11.5136499404907 -11.6093502044678 -11.7580299377441 -11.7355003356934 -11.8175802230835 -11.9506998062134 -12.122670173645 -12.3421096801758 -12.422550201416 -12.2711496353149 -12.1559495925903 -12.0145397186279 -11.8648595809937 -11.8260898590088 -12.3273496627808 -12.7109298706055 -13.0727300643921 -13.0173997879028 -11.9289398193359 -11.0347003936768 -10.8682804107666
-13.351770401001 -13.4411401748657 -13.3746299743652 -13.0958204269409 -12.9029998779297 -12.8118600845337 -12.8147401809692 -12.5207099914551 -12.2915697097778 -12.333589553833 -12.2741003036499 -12.4589500427246 -12.2843198776245 -12.2074699401855 -12.196629524231 -12.1468801498413 -12.3971395492554 -12.2363004684448 -11.9194402694702 -11.9860000610352 -12.2083396911621 -12.3025703430176 -11.8273496627808 -11.6959896087646 -11.9956903457642 -12.2954301834106 -12.8614501953125 -12.7554302215576 -12.3354597091675 -12.5298500061035 -12.3921098709106 -12.3393802642822 -12.5016498565674 -12.5154399871826 -12.5153303146362 -12.6168003082275 -12.5140399932861 -12.0642995834351 -11.9815998077393 -11.9762802124023 -11.7157297134399 -11.4932899475098 -11.2942399978638 -11.0834503173828 -11.0449800491333 -11.1893997192383
-13.1865100860596 -13.2619895935059 -12.9163503646851 -12.7028303146362 -12.5875797271729 -12.6922998428345 -12.5161504745483 -12.3234195709229 -12.2097396850586 -12.1986799240112 -12.2183303833008 -12.1754503250122 -12.2283296585083 -12.2631797790527 -11.9201402664185 -12.0739898681641 -12.0549802780151 -12.0064001083374 -11.9260396957397 -12.0605802536011 -12.1294202804565 -12.5246095657349 -12.6957397460938 -12.4731998443604 -12.7202100753784 -12.9007196426392 -13.1388597488403 -12.9159698486328 -12.7630796432495 -12.6378202438354 -12.7335195541382 -12.7683200836182 -12.579270362854 -12.7082099914551 -13.0444297790527 -12.8987197875977 -12.9362497329712 -12.9034900665283 -12.3084602355957 -11.852879524231 -11.570650100708 -11.393030166626 -11.1934795379639 -10.9941701889038 -10.9054098129272 -10.8006296157837
-13.3270797729492 -13.1162900924683 -12.8013601303101 -12.6194400787354 -12.5059204101562 -12.4435997009277 -12.4355297088623 -12.5023002624512 -12.6777200698853 -12.3791303634644 -12.0515098571777 -11.8920097351074 -11.8587703704834 -11.9087696075439 -11.9644804000854 -11.9660501480103 -12.2506904602051 -12.0519895553589 -12.053560256958 -12.1578502655029 -12.1868896484375 -12.1730899810791 -12.3187999725342 -12.3507204055786 -12.4464302062988 -12.326979637146 -12.9754600524902 -13.2102603912354 -13.0726203918457 -12.4877700805664 -12.3125095367432 -12.1611003875732 -12.32493019104 -12.5009899139404 -12.7399301528931 -12.5928201675415 -12.9240703582764 -12.418740272522 -12.1299800872803 -11.4915199279785 -11.2646703720093 -11.2759103775024 -10.9821100234985 -10.7325601577759 -10.654899597168 -10.772159576416
-12.9316396713257 -12.9664402008057 -12.7513599395752 -12.4059200286865 -12.4224796295166 -12.3810701370239 -12.3188600540161 -12.302300453186 -12.208270072937 -12.148509979248 -11.9973001480103 -11.9391202926636 -11.9253396987915 -12.1905403137207 -12.0976104736328 -12.1114902496338 -12.1143703460693 -12.4324998855591 -12.5172395706177 -12.2463798522949 -11.7462701797485 -11.5976400375366 -11.8738899230957 -11.7933397293091 -11.7933397293091 -12.1723699569702 -11.9571800231934 -12.281909942627 -12.2515602111816 -12.2139797210693 -12.259690284729 -12.2387199401855 -12.6206398010254 -12.5009899139404 -12.3192300796509 -3.4e+38 -12.5066900253296 -12.9013595581055 -12.2799701690674 -11.5909595489502 -11.2585296630859 -11.1203203201294 -10.9484195709229 -10.7262802124023 -10.5549001693726 -10.522159576416
-12.8680696487427 -12.8361501693726 -12.5404500961304 -12.3238897323608 -12.2767696380615 -12.3130903244019 -12.2368297576904 -12.049409866333 -12.2080001831055 -12.3457403182983 -12.3665895462036 -12.3528099060059 -12.304220199585 -12.3072996139526 -12.512900352478 -12.4780502319336 -12.5782499313354 -12.4599599838257 -12.3432903289795 -12.0600500106812 -11.7723197937012 -11.5433397293091 -11.5087003707886 -11.7209701538086 -11.6542901992798 -11.9528799057007 -12.4167098999023 -11.9320697784424 -11.9428596496582 -11.9733695983887 -11.9899301528931 -12.0871095657349 -12.2192296981812 -12.356650352478 -12.3049201965332 -12.0051698684692 -11.7669696807861 -3.4e+38 -3.4e+38 -11.2801599502563 -11.0188102722168 -11.0029401779175 -10.8036499023438 -10.5538301467896 -10.4040803909302 -10.2827501296997
-12.4419202804565 -12.3586902618408 -12.2558002471924 -12.2240400314331 -12.2950096130371 -12.1992998123169 -12.0993003845215 -12.0690002441406 -12.2775402069092 -12.3014001846313 -12.2499198913574 -12.3151197433472 -12.2056303024292 -12.0752801895142 -12.1251602172852 -12.3737497329712 -12.4558696746826 -12.3266201019287 -12.358380317688 -12.4223203659058 -12.1709098815918 -11.9556102752686 -11.6972198486328 -11.6332302093506 -11.6805000305176 -11.7652997970581 -11.9124202728271 -12.3125696182251 -12.2594804763794 -12.1247301101685 -12.1067600250244 -12.0871095657349 -12.0888595581055 -12.1940803527832 -12.227499961853 -11.9500999450684 -11.677960395813 -11.5063104629517 -11.3346700668335 -3.4e+38 -3.4e+38 -3.4e+38 -3.4e+38 -3.4e+38 -3.4e+38 -10.1439800262451
-12.2615299224854 -12.3240404129028 -12.1131296157837 -12.2812204360962 -12.6826295852661 -12.5993003845215 -12.3370399475098 -12.238450050354 -12.1956300735474 -12.2427396774292 -12.3513298034668 -12.3027400970459 -12.038800239563 -11.9723901748657 -11.9860696792603 -12.0874300003052 -12.2707595825195 -12.2055597305298 -12.3388900756836 -12.5709104537964 -12.5376396179199 -12.0332298278809 -11.8289403915405 -11.5776195526123 -11.6913604736328 -12.1110095977783 -12.0775699615479 -12.2580795288086 -12.4219102859497 -12.32190990448 -12.2219104766846 -12.2718000411987 -12.1883096694946 -12.0878000259399 -12.0275001525879 -11.9495897293091 -11.8055000305176 -11.5063104629517 -11.3896398544312 -11.2016801834106 -10.9184303283691 -3.4e+38 -3.4e+38 -3.4e+38 -3.4e+38 -3.4e+38
-11.895170211792 -12.0311698913574 -12.0825796127319 -12.2158699035645 -12.5674295425415 -12.5022802352905 -12.3160696029663 -12.1870403289795 -12.1927404403687 -12.3485097885132 -12.3180999755859 -12.0165300369263 -11.9359197616577 -12.0498600006104 -12.2526302337646 -12.1054096221924 -11.9721698760986 -12.1026802062988 -12.3678398132324 -12.4345998764038 -12.3984298706055 -12.2318201065063 -11.9970598220825 -11.8456497192383 -11.8927698135376 -11.9384803771973 -12.1689796447754 -12.4051904678345 -12.2565603256226 -12.2522602081299 -12.2841796875 -12.3827695846558 -12.421480178833 -12.2435703277588 -12.1161499023438 -11.9108200073242 -11.7052402496338 -11.5612697601318 -11.3893804550171 -11.1900701522827 -11.0570802688599 -10.8799695968628 -10.6691799163818 -10.4145402908325 -3.4e+38 -3.4e+38
-11.8994102478027 -11.9645099639893 -11.9479398727417 -12.1646995544434 -12.2174301147461 -12.371729850769 -12.3551597595215 -12.0941095352173 -12.2137498855591 -12.0986003875732 -11.9984502792358 -12.037389755249 -12.1013803482056 -12.1555595397949 -12.3039302825928 -12.3219699859619 -12.1663599014282 -12.3286304473877 -12.315110206604 -12.3316698074341 -12.4802398681641 -12.4455003738403 -11.9733200073242 -11.7260103225708 -11.7898397445679 -11.8356504440308 -12.0841302871704 -12.238320350647 -12.2719097137451 -12.2720403671265 -12.3386001586914 -12.4049100875854 -12.2938098907471 -12.2047996520996 -12.0768804550171 -11.9323501586914 -11.8549900054932 -11.7444400787354 -11.5114603042603 -11.3619003295898 -11.2068195343018 -11.0351800918579 -10.7967300415039 -10.564040184021 -10.3312997817993 -10.1094102859497
-11.753870010376 -11.6538000106812 -11.6675796508789 -11.7675800323486 -11.9384498596191 -12.2370796203613 -12.2217302322388 -12.0913801193237 -11.9412202835083 -11.9622802734375 -12.0817699432373 -12.1192998886108 -12.1512699127197 -12.0902099609375 -12.0344800949097 -12.1206502914429 -12.146710395813 -12.1968698501587 -12.2634296417236 -12.3107004165649 -12.4620599746704 -12.3760099411011 -12.4413604736328 -12.2730703353882 -11.9884300231934 -11.8549900054932 -11.9160499572754 -12.0174198150635 -12.1174201965332 -12.1938104629517 -12.1995801925659 -12.3101301193237 -12.2876796722412 -12.2100095748901 -12.049220085144 -11.865779876709 -11.7547302246094 -11.6996603012085 -11.5275096893311 -11.3507995605469 -11.2173595428467 -11.0515003204346 -10.8630399703979 -10.5971603393555 -10.4139204025269 -10.1425399780273
-11.487190246582 -11.355170249939 -11.3871898651123 -11.5398101806641 -12.0246601104736 -12.0190000534058 -12.1566295623779 -12.1384897232056 -12.0441904067993 -11.8288402557373 -11.8136901855469 -11.9274797439575 -11.9288902282715 -11.9526300430298 -11.967869758606 -12.0830297470093 -12.1774196624756 -12.2968702316284 -12.2939300537109 -12.2744398117065 -12.3051500320435 -12.1550397872925 -12.1382703781128 -12.1867504119873 -12.12034034729 -11.9855003356934 -12.0008497238159 -12.0493297576904 -11.9646902084351 -12.0206604003906 -12.0321998596191 -12.0321998596191 -12.0708503723145 -12.0708503723145 -11.9655303955078 -11.7713003158569 -11.693380355835 -11.5548696517944 -11.3998403549194 -11.2226896286011 -11.1007900238037 -10.967809677124 -10.7793397903442 -10.5408897399902 -10.3081502914429 -10.0588502883911
-11.1582498550415 -11.1205196380615 -11.2051696777344 -11.4079904556274 -11.5509195327759 -11.770299911499 -11.7066202163696 -11.7883901596069 -11.6593503952026 -11.7564601898193 -11.7913103103638 -11.8107595443726 -11.7664604187012 -11.847020149231 -11.9692497253418 -12.0120697021484 -11.9605398178101 -12.1063995361328 -12.0715599060059 -12.1260099411011 -12.1020603179932 -11.949330329895 -11.9715595245361 -12.1217098236084 -12.1646404266357 -12.2383499145508 -12.2212200164795 -12.1950397491455 -12.1654500961304 -12.1375303268433 -11.97642993927 -11.9596004486084 -11.9316501617432 -11.9595003128052 -11.9483995437622 -11.7878704071045 -11.5827798843384 -11.4660997390747 -11.3329696655273 -11.1836700439453 -11.0171098709106 -10.8898897171021 -10.7014303207397 -10.4851102828979 -10.3078899383545 -10.0917301177979
-10.9749698638916 -11.0275897979736 -11.1275901794434 -11.2218198776245 -11.355170249939 -11.4356098175049 -11.4231901168823 -11.6412696838379 -11.674599647522 -11.7566204071045 -11.730299949646 -11.730299949646 -11.7969703674316 -11.8078699111938 -11.8106498718262 -11.7744903564453 -11.7910499572754 -11.9215602874756 -12.0048799514771 -11.9882698059082 -11.9355401992798 -11.8324604034424 -11.8311996459961 -11.9465599060059 -12.0977697372437 -12.1617097854614 -12.2154397964478 -12.2377796173096 -12.2038297653198 -12.1927404403687 -12.1645698547363 -12.0871601104736 -12.0034704208374 -11.9260597229004 -11.8093795776367 -11.7262001037598 -11.6377401351929 -11.4872398376465 -11.2935199737549 -11.21107006073 -11.0494699478149 -10.8615198135376 -10.6619701385498 -10.4679899215698 -10.2847499847412 -10.1081399917603
-10.7775897979736 -10.8552598953247 -10.9067296981812 -11.0718202590942 -11.1718196868896 -11.305100440979 -11.2370195388794 -11.352219581604 -11.5565099716187 -11.5927200317383 -11.7245998382568 -11.7746000289917 -11.771710395813 -11.6744899749756 -11.6744899749756 -11.6410503387451 -11.6883201599121 -11.8034696578979 -11.9048299789429 -11.7005395889282 -11.6310501098633 -11.6755399703979 -11.664529800415 -11.8296804428101 -11.7296800613403 -11.7656898498535 -11.9206495285034 -11.986720085144 -11.9535398483276 -11.9813899993896 -12.048210144043 -11.9811296463013 -11.892370223999 -11.8644504547119 -11.73703956604 -11.6370401382446 -11.5151500701904 -11.4709196090698 -11.3766899108887 -11.2271299362183 -11.1162900924683 -10.9004201889038 -10.7285299301147 -10.5782804489136 -10.4289798736572 -10.2573404312134
-10.6748600006104 -10.7297296524048 -10.8262701034546 -11.0037403106689 -11.1566200256348 -11.1899499893188 -11.5189399719238 -11.1674604415894 -11.2884302139282 -11.4201898574829 -11.5884304046631 -11.6398401260376 -11.5898399353027 -11.5021095275879 -11.5869102478027 -11.654990196228 -11.8520603179932 -11.8491802215576 -11.8658895492554 -11.7448396682739 -11.6100797653198 -11.5100402832031 -11.5448398590088 -11.5282697677612 -11.6601896286011 -11.6587800979614 -11.6420402526855 -11.7193403244019 -11.7030200958252 -11.8474397659302 -11.8087902069092 -11.7308797836304 -11.6863403320312 -11.6312704086304 -11.5699195861816 -11.5756902694702 -11.4151496887207 -11.2935104370117 -11.3155899047852 -11.2102603912354 -11.0551900863647 -10.9609603881836 -10.8053903579712 -10.6114101409912 -10.439769744873 -10.3289804458618
-10.5430297851562 -10.6595897674561 -10.7790403366089 -10.8928298950195 -10.9870595932007 -11.1704998016357 -11.5399503707886 -11.3689403533936 -11.3022603988647 -11.4397897720337 -11.3994903564453 -11.37034034729 -11.3187799453735 -11.4022598266602 -11.4993801116943 -11.618709564209 -11.6310901641846 -11.661600112915 -11.6310501098633 -11.6629695892334 -11.5781202316284 -11.5131196975708 -11.4919500350952 -11.5480699539185 -11.8891296386719 -11.7583503723145 -11.830940246582 -11.902759552002 -11.7256097793579 -11.6305704116821 -11.608229637146 -11.6249904632568 -11.5307598114014 -11.5193996429443 -11.44225025177 -11.4091196060181 -11.3701000213623 -11.4032402038574 -11.3539400100708 -11.2044897079468 -11.0105104446411 -10.871509552002 -10.7219495773315 -10.5553903579712 -10.4611501693726 -10.4334897994995
-10.5015096664429 -10.6128597259521 -10.7457399368286 -10.9358100891113 -11.0386295318604 -11.1218700408936 -11.3398399353027 -11.5232696533203 -11.2841796875 -11.068829536438 -11.0492696762085 -11.1688203811646 -11.2493801116943 -11.26881980896 -11.3005399703979 -11.3810901641846 -11.4296798706055 -11.5978097915649 -11.699179649353 -11.8977699279785 -11.8739795684814 -11.756010055542 -11.8257303237915 -11.9085998535156 -11.7972497940063 -11.8141202926636 -11.8635597229004 -11.8077297210693 -11.7135000228882 -11.6242904663086 -11.5689697265625 -11.507869720459 -11.5362195968628 -11.4362201690674 -11.4748697280884 -11.5643196105957 -11.4532403945923 -11.3755798339844 -11.2539396286011 -11.1044902801514 -11.0034303665161 -10.9378099441528 -10.927020072937 -10.8272695541382 -10.6327896118164 -10.4443302154541
