ENMTML/All_vars/Predictors/EUR_only/bio10.asc
NCOLS 411 
NROWS 214 
XLLCORNER -11.5 
YLLCORNER 35.666666666112 
CELLSIZE 0.166666666666667 
NODATA_value -3.4e+38 
[rows 147 to 167 of 214, columns 329 to 375 of 411]
22.3295803070068 22.5391597747803 22.5193099975586 22.5774993896484 22.7490406036377 22.6892395019531 22.8422107696533 23.1392402648926 23.3693904876709 23.5467891693115 23.5771007537842 23.6198501586914 23.6011199951172 23.5834999084473 23.5533504486084 23.5239295959473 23.5051898956299 23.4705600738525 23.4239292144775 23.4111404418945 23.4163494110107 23.3643207550049 23.3997001647949 23.3955993652344 23.3828296661377 23.387149810791 23.3878707885742 23.4024791717529 23.4047393798828 23.4213905334473 23.4213905334473 23.425479888916 23.4432506561279 23.502649307251 23.5328006744385 23.553539276123 23.649450302124 23.6535396575928 23.7163200378418 23.7343196868896 23.8081207275391 23.8873805999756 23.9416408538818 23.9886608123779 24.0675201416016 24.1192798614502 24.1872005462646
22.2827301025391 22.4215698242188 22.4234008789062 22.4627208709717 22.6061096191406 22.7015399932861 22.869140625 23.1816902160645 23.3734798431396 23.6028995513916 23.6269302368164 23.6406002044678 23.6572494506836 23.6542701721191 23.6018505096436 23.571870803833 23.522819519043 23.4883193969727 23.4444999694824 23.4485893249512 23.4778499603271 23.4504508972168 23.417329788208 23.375509262085 23.3860301971436 23.391019821167 23.4243698120117 23.407320022583 23.4419498443604 23.4568195343018 23.4775695800781 23.5108604431152 23.5378608703613 23.5545196533203 23.5786209106445 23.6086006164551 23.6293506622314 23.7211608886719 23.7233905792236 23.8316802978516 23.8528308868408 23.9457607269287 23.9448394775391 24.0416393280029 24.1042003631592 24.1531505584717 24.2061290740967
22.5190696716309 22.2868309020996 22.3492107391357 22.4270191192627 22.5691394805908 22.8821601867676 23.0979194641113 23.1721096038818 23.3086891174316 23.5734806060791 23.6351108551025 23.6782207489014 23.6643295288086 23.6750202178955 23.6885108947754 23.6237297058105 23.5611801147461 23.547679901123 23.531909942627 23.531909942627 23.4858303070068 23.4858303070068 23.4712009429932 23.4554805755615 23.4712390899658 23.425329208374 23.4429206848145 23.4490509033203 23.4670391082764 23.4670391082764 23.5033206939697 23.5021991729736 23.5312805175781 23.5825691223145 23.5855503082275 23.6616096496582 23.6668090820312 23.7572708129883 23.7775096893311 23.8419094085693 23.8952808380127 23.9515399932861 24.0476207733154 24.0498504638672 24.1426105499268 24.2051391601562 24.2521591186523
22.8752403259277 22.6427898406982 22.7957592010498 22.8359603881836 22.6480903625488 22.7081394195557 22.9547691345215 23.0791797637939 23.2816905975342 23.4757404327393 23.6506500244141 23.7298603057861 23.7403793334961 23.7102298736572 23.6809692382812 23.6446990966797 23.645450592041 23.5671291351318 23.5486106872559 23.5545692443848 23.5575504302979 23.5077495574951 23.5107307434082 23.4972190856934 23.4814701080322 23.4812908172607 23.4538898468018 23.468900680542 23.4529705047607 23.4883594512939 23.5250301361084 23.5385303497314 23.5655307769775 23.6175708770752 23.6542892456055 23.7145805358887 23.7021999359131 23.795129776001 23.7875595092773 23.8616104125977 23.926399230957 23.9734191894531 24.0546894073486 24.1215591430664 24.165210723877 24.2446403503418 24.2957496643066
22.9736499786377 22.9861793518066 23.0008201599121 23.0410194396973 22.96755027771 22.871639251709 22.900899887085 23.0791797637939 23.1898803710938 23.311840057373 23.5890102386475 23.7026901245117 23.7161903381348 23.6995391845703 23.6545104980469 23.6193599700928 23.603630065918 23.5692100524902 23.5564308166504 23.5438194274902 23.5618190765381 23.5314903259277 23.5292301177979 23.544979095459 23.5313091278076 23.5185298919678 23.5176391601562 23.4863395690918 23.4904403686523 23.54248046875 23.5435905456543 23.5465698242188 23.6226291656494 23.6392803192139 23.630989074707 23.7227993011475 23.7593002319336 23.7728004455566 23.8698196411133 23.870719909668 23.9553508758545 24.0147590637207 24.0620098114014 24.1325302124023 24.2099208831787 24.264310836792 24.3311405181885
22.8412399291992 22.9078903198242 22.9932804107666 23.1107006072998 23.1382904052734 23.0373992919922 23.0882892608643 22.9510707855225 23.011589050293 23.1357803344727 23.3648109436035 23.6056709289551 23.637149810791 23.6841793060303 23.638090133667 23.6077194213867 23.588830947876 23.575159072876 23.5616607666016 23.5634994506836 23.5301990509033 23.5175895690918 23.5374393463135 23.5207901000977 23.5050296783447 23.5248794555664 23.5091304779053 23.5109901428223 23.5267505645752 23.5443305969238 23.5506896972656 23.5547790527344 23.6339893341064 23.6297302246094 23.6997509002686 23.6974906921387 23.764139175415 23.8102703094482 23.8778095245361 23.8976707458496 23.9446601867676 24.0364799499512 24.0864791870117 24.1670207977295 24.256799697876 24.3088092803955 24.3558292388916
22.4242992401123 22.6213207244873 22.7702007293701 22.9866695404053 23.1207504272461 23.0238990783691 22.7738990783691 22.8873996734619 22.8314399719238 22.9615898132324 23.2513103485107 23.4588603973389 23.5129508972168 23.6118392944336 23.6118392944336 23.6105403900146 23.5803909301758 23.5815105438232 23.5950107574463 23.5802192687988 23.5239696502686 23.5093307495117 23.5091495513916 23.5249099731445 23.4986305236816 23.5319805145264 23.5466003417969 23.5466003417969 23.5484600067139 23.5514392852783 23.5671997070312 23.5742702484131 23.624439239502 23.651439666748 23.7034797668457 23.7349605560303 23.7723598480225 23.8358592987061 23.9152908325195 23.9506397247314 23.9839992523193 24.0474491119385 24.1259593963623 24.1750602722168 24.2688808441162 24.3316593170166 24.4140396118164
22.3106307983398 22.4430294036865 22.560619354248 22.6419105529785 22.8770999908447 23.1385097503662 23.0572490692139 22.9862804412842 22.9186592102051 23.1321601867676 23.3417301177979 23.4680194854736 23.4876403808594 23.5805702209473 23.5639190673828 23.5541191101074 23.5417308807373 23.5541191101074 23.5374698638916 23.520809173584 23.5445404052734 23.5456790924072 23.5328998565674 23.5308704376221 23.5496006011963 23.5338401794434 23.5368194580078 23.5566692352295 23.5274200439453 23.547269821167 23.5731506347656 23.591890335083 23.6409492492676 23.6596508026123 23.7127990722656 23.7555599212646 23.8125801086426 23.8429508209229 23.9066200256348 23.98996925354 24.0066204071045 24.0860290527344 24.1495304107666 24.2123107910156 24.2917404174805 24.3574695587158 24.4211406707764
22.0562801361084 22.0503196716309 22.21994972229 22.3010692596436 22.5771007537842 22.7978496551514 23.0248394012451 23.1759796142578 23.2873992919922 23.3551597595215 23.3844203948975 23.4280700683594 23.4435997009277 23.4570999145508 23.4967994689941 23.5427093505859 23.556209564209 23.5132808685303 23.5144004821777 23.5464000701904 23.5162506103516 23.550500869751 23.5388603210449 23.5379695892334 23.5525798797607 23.5398006439209 23.5585308074951 23.5615196228027 23.5761604309082 23.5950603485107 23.569730758667 23.6000995635986 23.6491603851318 23.6791305541992 23.7322807312012 23.7667407989502 23.8354301452637 23.8511600494385 23.9116802215576 23.9772205352783 24.0452098846436 24.0940608978271 24.1577396392822 24.2205200195312 24.3017902374268 24.3812198638916 24.4552402496338
21.6385097503662 21.7573890686035 21.7562808990479 22.0427799224854 22.2853107452393 22.3364295959473 22.4634208679199 22.659330368042 22.8770999908447 23.2072505950928 23.3070201873779 23.3666496276855 23.3997802734375 23.4185199737549 23.4468002319336 23.4945697784424 23.4986591339111 23.516429901123 23.5185108184814 23.5381393432617 23.552360534668 23.5379600524902 23.5576000213623 23.5439300537109 23.5596809387207 23.5626602172852 23.5813999176025 23.5678997039795 23.5656394958496 23.6186103820801 23.6332492828369 23.632360458374 23.6528797149658 23.6738395690918 23.7404899597168 23.7758808135986 23.8413906097412 23.8875198364258 23.9078693389893 23.974910736084 24.0541400909424 24.1011695861816 24.2002296447754 24.261869430542 24.3412895202637 24.4040699005127 24.4657096862793
21.7982292175293 21.9761295318604 22.0957508087158 21.8779697418213 22.0727500915527 22.1935005187988 22.3727493286133 22.3862495422363 22.6330509185791 22.9673004150391 23.1796798706055 23.2559509277344 23.3392601013184 23.3864994049072 23.3922290802002 23.4253597259521 23.4872493743896 23.4859600067139 23.4744701385498 23.4929790496826 23.5324592590332 23.559700012207 23.5473194122314 23.5471496582031 23.51589012146 23.5072002410889 23.5531101226807 23.5519905090332 23.5549697875977 23.6070003509521 23.6257305145264 23.6090507507324 23.6903495788574 23.6933307647705 23.7329807281494 23.8110904693604 23.8307209014893 23.8912391662598 23.9349803924561 24.0286407470703 24.0925407409668 24.1132698059082 24.2061805725098 24.2877006530762 24.3486003875732 24.4266700744629 24.5059299468994
21.6187992095947 21.7854499816895 21.9311904907227 22.1446895599365 22.2455806732178 22.3298301696777 22.3934993743896 22.6205005645752 22.7597599029541 22.9528999328613 23.1152801513672 23.1789493560791 23.2632007598877 23.3150596618652 23.3611907958984 23.3954296112061 23.4461803436279 23.4961795806885 23.4791393280029 23.5149192810059 23.5325393676758 23.5501308441162 23.5501308441162 23.5531101226807 23.5353507995605 23.509069442749 23.5444507598877 23.5725803375244 23.5476398468018 23.596700668335 23.5839195251465 23.5996704101562 23.6944694519043 23.7161502838135 23.7526798248291 23.7878093719482 23.8670692443848 23.8828296661377 23.9848499298096 24.0067005157471 24.0703792572021 24.1484909057617 24.2153606414795 24.2959098815918 24.3730792999268 24.4660091400146 24.5276508331299
21.6562690734863 21.8687992095947 22.0687999725342 22.1519298553467 22.3654308319092 22.2861804962158 22.2996807098389 22.4590892791748 22.825569152832 22.958869934082 23.0558891296387 23.1504993438721 23.2028999328613 23.2547607421875 23.3493804931641 23.351390838623 23.4358806610107 23.4521408081055 23.5012493133545 23.5208702087402 23.5405006408691 23.5425891876221 23.5383205413818 23.5446701049805 23.542049407959 23.5454196929932 23.5485591888428 23.5661792755127 -3.4e+38 -3.4e+38 -3.4e+38 -3.4e+38 -3.4e+38 23.7097702026367 23.7408695220947 23.8230495452881 23.8428993225098 23.8940200805664 23.9773292541504 24.0284404754639 24.1232109069824 24.1578502655029 24.2100791931152 24.3196506500244 24.3959293365479 24.4868202209473 24.5701293945312
21.4770202636719 21.6603698730469 21.8229007720947 22.0581207275391 22.2432498931885 21.9725093841553 22.1725101470947 22.4517707824707 22.731689453125 22.8609504699707 22.9451904296875 23.0575695037842 23.1283092498779 23.2459297180176 23.3096008300781 23.407600402832 23.4260807037354 23.4907207489014 23.5092391967773 23.5425891876221 23.5613193511963 23.5789394378662 23.5458106994629 23.5319194793701 23.54953956604 23.5673007965088 23.536750793457 23.554370880127 -3.4e+38 -3.4e+38 -3.4e+38 -3.4e+38 -3.4e+38 23.7762908935547 23.7333507537842 23.8116607666016 23.8657608032227 23.91575050354 23.9844207763672 24.0490303039551 24.1449394226074 24.037540435791 23.6619701385498 23.7393608093262 23.8530292510986 24.1322803497314 24.5900001525879
21.4528198242188 21.6174392700195 21.897590637207 21.9809398651123 21.9651908874512 21.9964504241943 22.0129203796387 22.2419605255127 22.587869644165 22.7180194854736 22.8346691131592 22.9533996582031 23.0521106719971 23.2011699676514 23.2824306488037 23.4144401550293 23.4781894683838 23.4820594787598 23.5311698913574 23.5665493011475 23.5526599884033 23.5713901519775 23.5243701934814 23.5243701934814 23.5563793182373 23.5438499450684 23.5584907531738 23.5773906707764 -3.4e+38 -3.4e+38 -3.4e+38 -3.4e+38 -3.4e+38 23.7509899139404 23.7521095275879 23.8032302856445 23.8991298675537 23.9363594055176 24.0030097961426 24.0707702636719 24.1374206542969 24.0851707458496 23.8149604797363 23.8122100830078 23.6404991149902 23.5228996276855 23.9813404083252
21.2327308654785 21.5224990844727 21.706750869751 21.7420997619629 21.6891307830811 21.8722591400146 22.0023994445801 22.1825504302979 22.4147891998291 22.5773506164551 22.6773490905762 22.7739696502686 22.9251194000244 23.0758590698242 23.2228908538818 23.3393497467041 23.4548892974854 23.5654392242432 23.5684108734131 23.5684108734131 23.5586109161377 23.574369430542 23.561840057373 23.5625801086426 23.5897598266602 23.5614700317383 23.5644702911377 23.5841007232666 -3.4e+38 -3.4e+38 -3.4e+38 -3.4e+38 -3.4e+38 23.7706909179688 23.7873401641846 23.8238391876221 23.8884601593018 23.9551200866699 24.0247402191162 24.091609954834 24.1571292877197 24.2698993682861 24.2846908569336 24.3328304290771 24.1757392883301 23.9069995880127 23.7905197143555
20.8231506347656 21.1544208526611 21.3377704620361 21.5314197540283 21.6784400939941 21.7950801849365 21.9554290771484 22.092830657959 22.3042697906494 22.4698009490967 22.5832996368408 22.6990604400635 22.8445701599121 22.9457092285156 23.1123600006104 23.2777194976807 23.410120010376 23.5160808563232 23.5597305297852 23.5754909515381 23.5755100250244 23.5803508758545 23.5990905761719 23.5790596008301 23.5966701507568 23.5870704650879 23.5715503692627 23.5684108734131 -3.4e+38 -3.4e+38 -3.4e+38 -3.4e+38 -3.4e+38 23.7435398101807 23.78005027771 23.8624496459961 23.8966903686523 23.9759502410889 24.0270690917969 24.1249809265137 24.1749801635742 24.2897701263428 24.3532695770264 24.4545707702637 24.5319595336914 24.2915191650391 24.1896495819092
20.1765995025635 20.7665500640869 21.1802291870117 21.3916893005371 21.6023807525635 21.7855091094971 21.9460296630859 22.0625095367432 22.2446804046631 22.4394798278809 22.5424499511719 22.6915092468262 22.8038997650146 22.9516696929932 23.0715198516846 23.2016696929932 23.3377895355225 23.4848194122314 23.5807209014893 23.5855598449707 23.5972194671631 23.6031799316406 23.5862998962402 23.5893096923828 23.5902805328369 23.5756607055664 23.5764007568359 23.5327606201172 -3.4e+38 -3.4e+38 -3.4e+38 -3.4e+38 -3.4e+38 23.762279510498 23.7778091430664 23.8604393005371 23.9104404449463 23.9645309448242 24.0646991729736 24.1469402313232 24.2136001586914 24.3117294311523 24.3929996490479 24.4870300292969 24.5849494934082 24.6653308868408 24.5113792419434
19.4635696411133 20.5298004150391 21.1747398376465 21.5341396331787 21.7446708679199 21.8927993774414 22.02294921875 22.1519908905029 22.3017597198486 22.4663906097412 22.61842918396 22.7161998748779 22.8454608917236 22.9639701843262 23.0774707794189 23.2087593078613 23.3407592773438 23.4877891540527 23.5752601623535 23.6072692871094 23.5883903503418 23.6248893737793 23.6413898468018 23.5975208282471 23.5982704162598 23.6127300262451 23.6010894775391 23.5720901489258 -3.4e+38 -3.4e+38 -3.4e+38 -3.4e+38 -3.4e+38 -3.4e+38 -3.4e+38 -3.4e+38 -3.4e+38 -3.4e+38 -3.4e+38 24.2013092041016 24.2314701080322 24.3462505340576 24.4443893432617 24.5098991394043 24.6069107055664 24.714469909668 24.7593994140625
18.2537803649902 20.1126804351807 20.9503707885742 21.3764305114746 21.5412197113037 21.2715892791748 21.3487606048584 21.2195091247559 21.132999420166 21.4933204650879 21.8787097930908 22.2764701843262 22.7867908477783 22.955530166626 23.1544208526611 23.3001003265381 23.4019603729248 23.5478591918945 23.6124992370605 23.6332397460938 23.6456298828125 23.6632499694824 23.6651096343994 23.668119430542 23.6190891265869 23.6355800628662 23.6228294372559 23.6217193603516 -3.4e+38 -3.4e+38 -3.4e+38 -3.4e+38 -3.4e+38 -3.4e+38 -3.4e+38 -3.4e+38 -3.4e+38 -3.4e+38 -3.4e+38 24.2840690612793 24.2793807983398 24.3843193054199 24.4514904022217 24.5412693023682 24.6425495147705 24.7384300231934 24.8487300872803
15.8175401687622 18.388240814209 19.6366291046143 20.5597095489502 21.1672496795654 21.0170001983643 19.8014698028564 19.6181201934814 20.4441795349121 20.8224792480469 21.1661491394043 21.5034008026123 21.96169090271 22.3957290649414 22.7623996734619 23.0423908233643 23.4405498504639 23.5999393463135 23.604959487915 23.604959487915 23.702730178833 23.7504997253418 23.7388591766357 23.7364597320557 23.7061100006104 23.6600494384766 23.6443195343018 23.598669052124 -3.4e+38 -3.4e+38 -3.4e+38 -3.4e+38 -3.4e+38 -3.4e+38 -3.4e+38 -3.4e+38 -3.4e+38 -3.4e+38 -3.4e+38 24.291690826416 24.3523292541504 24.4298706054688 24.524169921875 24.6013698577881 24.6787300109863 24.7935199737549 24.8884696960449
