ENMTML/All_vars/Predictors/EUR_only/bio11.asc
NCOLS 440 
NROWS 275 
XLLCORNER -11.5 
YLLCORNER 25.4999999994691 
CELLSIZE 0.166666666666667 
NODATA_value -3.4e+38 
[rows 220 to 239 of 275, columns 270 to 314 of 440]
-3.4e+38 -3.4e+38 -3.4e+38 -3.4e+38 -3.4e+38 -3.4e+38 -3.4e+38 -3.4e+38 -3.4e+38 -3.4e+38 -3.4e+38 -3.4e+38 -3.4e+38 -3.4e+38 -3.4e+38 12.2483797073364 9.21415328979492 8.41020584106445 8.23765087127686 7.15087604522705 6.42515277862549 6.64770698547363 6.58836317062378 6.86252593994141 7.32263422012329 7.56602478027344 7.95371294021606 8.25527858734131 8.33845043182373 8.75528144836426 8.77063083648682 8.80543231964111 8.87062931060791 8.97366714477539 9.0054292678833 8.98875617980957 8.97360420227051 8.90704345703125 9.03895854949951 9.12805461883545 9.29340839385986 9.34917736053467 9.46600532531738 9.55510234832764 9.71102809906006
-3.4e+38 -3.4e+38 -3.4e+38 -3.4e+38 -3.4e+38 -3.4e+38 -3.4e+38 -3.4e+38 -3.4e+38 -3.4e+38 -3.4e+38 -3.4e+38 -3.4e+38 -3.4e+38 11.8958396911621 6.19301700592041 2.41091799736023 7.59955787658691 7.46122598648071 6.39089488983154 6.21935796737671 6.51442289352417 6.85792112350464 7.46400308609009 7.84208106994629 7.99349498748779 7.87552499771118 8.15083312988281 8.9735164642334 9.07184505462646 8.90528106689453 8.91754817962646 8.85098457336426 8.73415946960449 8.5966272354126 8.58591842651367 8.68283462524414 8.76924514770508 8.78748416900635 8.90693378448486 9.04325294494629 9.12825679779053 9.29629325866699 9.47030067443848 9.67481422424316
-3.4e+38 -3.4e+38 -3.4e+38 -3.4e+38 -3.4e+38 -3.4e+38 -3.4e+38 -3.4e+38 -3.4e+38 -3.4e+38 -3.4e+38 -3.4e+38 -3.4e+38 11.3996295928955 5.69032001495361 -0.569913387298584 3.71080708503723 5.91533803939819 3.12079405784607 4.94318008422852 5.70459508895874 6.17073392868042 6.80358409881592 6.99849414825439 7.05127096176147 6.68171310424805 7.28904294967651 8.30062580108643 8.79512500762939 8.94789886474609 8.83274745941162 8.62845039367676 8.37697601318359 8.2421760559082 8.1935863494873 8.22979736328125 8.45894145965576 8.58136081695557 8.68155956268311 8.85546112060547 8.98748397827148 9.00991153717041 9.06446838378906 9.17171192169189 9.37622547149658
-3.4e+38 -3.4e+38 -3.4e+38 -3.4e+38 -3.4e+38 -3.4e+38 -3.4e+38 -3.4e+38 -3.4e+38 -3.4e+38 -3.4e+38 -3.4e+38 -3.4e+38 7.87078523635864 2.2163770198822 5.56543779373169 5.24847793579102 0.428573787212372 1.52117395401001 4.4913649559021 4.64256000518799 6.099769115448 6.33241319656372 5.88074016571045 6.42716884613037 6.84818315505981 7.4417290687561 8.14465808868408 8.56289196014404 8.66001033782959 8.33899688720703 8.00267791748047 7.88908815383911 7.87104797363281 8.07105445861816 8.17402839660645 8.27700233459473 8.39664840698242 8.59665393829346 8.80110168457031 8.83742141723633 8.89186954498291 9.02678203582764 8.903564453125 8.94413566589355
-3.4e+38 -3.4e+38 -3.4e+38 -3.4e+38 -3.4e+38 -3.4e+38 -3.4e+38 -3.4e+38 -3.4e+38 -3.4e+38 -3.4e+38 -3.4e+38 12.6682996749878 6.48214292526245 3.15174889564514 6.29263782501221 1.82776296138763 1.13871800899506 3.20828795433044 5.20093679428101 6.52085304260254 6.41135692596436 6.43378114700317 6.38807582855225 6.35619878768921 6.71615600585938 7.26631021499634 7.77076387405396 8.07500553131104 8.13731956481934 8.13590812683105 8.08302402496338 8.05120372772217 7.98331880569458 8.11664199829102 8.10149002075195 8.13790798187256 8.27553081512451 8.44088459014893 8.64108085632324 8.68017768859863 8.69180774688721 8.86151885986328 8.73405361175537 8.75942611694336
-3.4e+38 -3.4e+38 -3.4e+38 -3.4e+38 -3.4e+38 -3.4e+38 -3.4e+38 -3.4e+38 -3.4e+38 -3.4e+38 -3.4e+38 -3.4e+38 10.5315399169922 6.29452800750732 7.01982402801514 3.68349003791809 1.45619904994965 3.68778896331787 5.75858020782471 6.92944002151489 6.59463787078857 7.20217180252075 7.5107159614563 7.43177700042725 7.38864088058472 7.45540285110474 7.55399608612061 7.83879518508911 8.00110816955566 8.16626453399658 8.22873115539551 8.29393196105957 8.22866535186768 8.16367244720459 8.18184471130371 8.10002136230469 8.06678485870361 8.18495655059814 8.38374614715576 8.42277908325195 8.41187477111816 8.53299903869629 8.59463024139404 8.53399085998535 8.61076927185059
-3.4e+38 -3.4e+38 -3.4e+38 -3.4e+38 -3.4e+38 -3.4e+38 -3.4e+38 -3.4e+38 -3.4e+38 -3.4e+38 -3.4e+38 13.0415697097778 8.58088397979736 7.26639986038208 4.94700622558594 5.86035585403442 6.45807695388794 7.47183990478516 8.05082130432129 7.87617301940918 7.58981418609619 7.66228199005127 7.82763481140137 8.06934547424316 8.05985355377197 8.02641582489014 8.00965785980225 8.02212142944336 8.15106773376465 8.16197109222412 8.26176834106445 8.28943538665771 8.24549579620361 8.19402313232422 8.19571971893311 8.09854125976562 7.96383380889893 8.00434398651123 8.13786697387695 8.40610504150391 8.71196746826172 8.80106353759766 8.60824012756348 8.41725158691406 8.52449512481689
-3.4e+38 -3.4e+38 -3.4e+38 -3.4e+38 -3.4e+38 -3.4e+38 -3.4e+38 -3.4e+38 -3.4e+38 -3.4e+38 14.0356702804565 12.8421201705933 9.82530307769775 6.31202983856201 3.71989703178406 7.34400415420532 8.31684398651123 8.2476749420166 8.17937088012695 8.19571399688721 7.77454519271851 7.69271898269653 8.13469886779785 8.47379970550537 8.60860157012939 8.52368545532227 8.44313812255859 8.32368755340576 8.16783237457275 8.06353569030762 8.22423553466797 8.34100246429443 8.29119968414307 8.23032569885254 8.20951175689697 8.06651496887207 7.91383600234985 7.87912797927856 8.08194732666016 8.2682466506958 8.30901622772217 8.20901584625244 8.23443508148193 8.49890232086182 8.65634727478027
-3.4e+38 -3.4e+38 -3.4e+38 -3.4e+38 -3.4e+38 -3.4e+38 -3.4e+38 -3.4e+38 -3.4e+38 -3.4e+38 13.8517303466797 12.2916202545166 11.9682903289795 7.16780710220337 6.96816682815552 8.00565624237061 8.38927173614502 8.45997142791748 8.40655708312988 8.41085052490234 8.36514282226562 8.18463611602783 8.50287818908691 8.81141757965088 8.84762859344482 8.79762744903564 8.74621963500977 8.64454746246338 8.3931360244751 8.13606929779053 8.16494655609131 8.31206130981445 8.34538841247559 8.26235198974609 8.18193054199219 8.04984569549561 7.96383285522461 7.91674995422363 8.04860019683838 8.0500955581665 8.11838245391846 8.17415237426758 8.42058372497559 8.46141815185547 8.55198860168457
-3.4e+38 -3.4e+38 -3.4e+38 -3.4e+38 -3.4e+38 -3.4e+38 -3.4e+38 -3.4e+38 -3.4e+38 14.2346200942993 12.7181797027588 10.7457399368286 12.7682504653931 9.0717134475708 7.90060520172119 8.57278919219971 8.87835121154785 8.65665054321289 8.19574546813965 8.00019264221191 8.4591588973999 8.83882522583008 8.97670841217041 9.06580352783203 9.03384304046631 8.95207786560059 8.88243198394775 8.80066871643066 8.59899997711182 8.28904438018799 8.27236461639404 8.33756446838379 8.29987716674805 8.24997425079346 8.09869575500488 8.00020599365234 7.91392803192139 7.83062982559204 8.00020980834961 8.05003261566162 8.34882545471191 8.42135906219482 8.46926307678223 8.4779167175293 8.63672637939453
-3.4e+38 -3.4e+38 -3.4e+38 -3.4e+38 -3.4e+38 -3.4e+38 -3.4e+38 -3.4e+38 -3.4e+38 14.2052097320557 13.0780401229858 12.2463998794556 13.6185998916626 11.4423398971558 9.58814430236816 9.37772560119629 9.15565586090088 8.56856918334961 7.88933992385864 6.99574279785156 7.9985032081604 8.74971294403076 9.12664604187012 9.0839786529541 9.10342884063721 9.15646743774414 9.10794067382812 9.02309608459473 8.86880016326904 8.64794063568115 8.42970275878906 8.39080810546875 8.35590076446533 8.20462226867676 8.01834774017334 7.93934392929077 7.8835768699646 7.90315914154053 8.1169261932373 8.18791961669922 8.25468444824219 8.25756931304932 8.37067317962646 8.56553840637207 8.72157287597656
-3.4e+38 -3.4e+38 -3.4e+38 -3.4e+38 -3.4e+38 -3.4e+38 -3.4e+38 -3.4e+38 13.9094896316528 13.4094896316528 13.0485696792603 13.3156995773315 14.2577199935913 12.1869697570801 10.7312498092651 9.80963039398193 9.19293403625488 8.61121940612793 7.05773496627808 4.74234485626221 7.50487518310547 8.6524658203125 8.85865497589111 8.61153888702393 8.96741390228271 9.12752532958984 9.31380081176758 9.27775001525879 9.09719276428223 8.8596658706665 8.58865261077881 8.46343326568604 8.34519577026367 8.24371814727783 7.97709608078003 7.95606088638306 7.97423696517944 7.97295808792114 8.25769805908203 8.10763072967529 8.02990055084229 8.01490211486816 8.28890991210938 8.46580410003662 8.60637378692627
-3.4e+38 -3.4e+38 -3.4e+38 -3.4e+38 -3.4e+38 -3.4e+38 -3.4e+38 -3.4e+38 13.9522304534912 13.0827598571777 13.1375303268433 13.4952898025513 13.9814500808716 11.4195604324341 10.1971597671509 9.62476825714111 9.13668060302734 8.51859474182129 7.27927207946777 5.19236278533936 6.03082418441772 8.3315896987915 8.79491233825684 8.26456356048584 8.38563537597656 8.94581127166748 9.40310096740723 9.42270278930664 9.29073905944824 9.01840686798096 8.62486457824707 8.30541038513184 8.18449306488037 8.13301753997803 7.98033714294434 7.93147897720337 8.01344299316406 8.19685459136963 8.24967670440674 8.06355667114258 7.93602418899536 8.12082576751709 8.34335994720459 8.5656909942627 8.74258327484131
-3.4e+38 -3.4e+38 -3.4e+38 -3.4e+38 -3.4e+38 -3.4e+38 -3.4e+38 -3.4e+38 14.1741895675659 13.289210319519 12.5172500610352 12.8539695739746 13.7934999465942 9.28683567047119 8.72498893737793 8.83908271789551 8.84610462188721 8.4293909072876 7.51769113540649 6.5305290222168 6.54175519943237 8.08897113800049 8.93562126159668 8.37341976165771 8.14013195037842 8.83511257171631 9.30774974822998 9.47882461547852 9.34109115600586 8.98973274230957 8.61860466003418 8.35849952697754 8.10440731048584 7.98469495773315 7.88751697540283 7.95416402816772 8.0998067855835 8.20141887664795 8.2721700668335 8.12377738952637 8.09335899353027 8.26280689239502 8.43392944335938 8.62470054626465 8.79703330993652
-3.4e+38 -3.4e+38 -3.4e+38 -3.4e+38 -3.4e+38 -3.4e+38 -3.4e+38 -3.4e+38 14.2024803161621 13.0475101470947 11.4178104400635 12.9321203231812 14.3224802017212 9.94837474822998 9.73012638092041 8.89511871337891 8.85110187530518 8.64324569702148 8.25670146942139 7.7426929473877 7.73042488098145 8.66910552978516 9.24463176727295 8.8823127746582 8.3005485534668 8.789870262146 9.29564094543457 9.46105766296387 9.24297332763672 8.95817279815674 8.6552848815918 8.34795379638672 8.16315174102783 8.02257919311523 7.85731601715088 8.00872421264648 8.10713958740234 8.20874881744385 8.32692527770996 8.30197525024414 8.34787559509277 8.45494842529297 8.57607460021973 8.78193187713623 8.98340320587158
-3.4e+38 -3.4e+38 -3.4e+38 -3.4e+38 -3.4e+38 -3.4e+38 -3.4e+38 14.0686902999878 13.831859588623 12.6159496307373 10.7466497421265 13.1888303756714 15.0627098083496 9.6646842956543 8.82032585144043 9.40130710601807 8.97837352752686 9.091477394104 9.16824245452881 8.97672176361084 9.02818012237549 9.42176628112793 9.65804004669189 9.39147663116455 8.75951957702637 8.71108436584473 9.31266593933105 9.44914245605469 9.2505054473877 8.89484786987305 8.57074928283691 8.35266494750977 8.36482524871826 8.1133508682251 7.94667816162109 8.09661102294922 8.04372596740723 8.24643802642822 8.43284893035889 8.53704071044922 8.60380458831787 8.66107654571533 8.74587821960449 8.90017318725586 9.04503917694092
-3.4e+38 -3.4e+38 -3.4e+38 -3.4e+38 -3.4e+38 -3.4e+38 -3.4e+38 13.936429977417 13.6102895736694 12.19398021698 10.1868801116943 14.1615800857544 -3.4e+38 10.7868404388428 8.30923366546631 8.36324214935303 8.32509613037109 8.83207416534424 9.28002262115479 9.79044342041016 9.99746894836426 9.71689605712891 9.85164928436279 9.78665161132812 9.48524379730225 9.30207252502441 9.5884370803833 9.57046794891357 9.40385723114014 9.08152675628662 8.73132419586182 8.42242431640625 8.50418663024902 8.31770992279053 8.11921119689941 8.18308734893799 8.17191886901855 8.26923656463623 8.57053661346436 8.71261405944824 8.78058624267578 8.88078880310059 8.92407035827637 9.00609683990479 9.17695426940918
-3.4e+38 -3.4e+38 -3.4e+38 -3.4e+38 -3.4e+38 -3.4e+38 14.280369758606 14.0697898864746 13.610369682312 11.457989692688 11.1538600921631 14.6943302154541 -3.4e+38 10.1473999023438 8.456618309021 8.08981037139893 8.15914821624756 8.80879878997803 9.48892211914062 10.0202598571777 10.2397603988647 10.0940999984741 10.0607099533081 9.96070575714111 9.3913688659668 8.90374946594238 8.8899564743042 9.64315223693848 9.60709857940674 9.20300197601318 8.88058185577393 8.59066295623779 8.50586128234863 8.52236270904541 8.33912563323975 8.40709781646729 8.40980625152588 8.52657127380371 8.71130752563477 8.78393077850342 8.87135791778564 8.91847324371338 8.99387359619141 9.14246273040771 9.28726577758789
-3.4e+38 -3.4e+38 -3.4e+38 -3.4e+38 -3.4e+38 -3.4e+38 14.2357301712036 13.8152799606323 13.0218601226807 10.3971004486084 11.6473999023438 15.4375600814819 14.053750038147 9.95715045928955 8.90624332427979 8.30740833282471 7.97880077362061 8.34075927734375 9.24322032928467 9.73687553405762 10.0579996109009 10.2500200271606 10.2957696914673 9.97920894622803 9.66264533996582 9.00699043273926 8.62355136871338 9.52685832977295 9.59498310089111 9.45461559295654 9.08791732788086 8.84826278686523 8.66749286651611 8.74495792388916 8.52822113037109 8.56443309783936 8.65057754516602 8.78390502929688 8.88688182830811 8.90783500671387 8.96060752868652 9.0441370010376 9.16499519348145 9.28600692749023 9.40409183502197
-3.4e+38 -3.4e+38 -3.4e+38 -3.4e+38 -3.4e+38 14.1915502548218 13.8915996551514 13.3039503097534 12.0886697769165 10.734769821167 12.2353601455688 -3.4e+38 14.4071197509766 10.3542804718018 9.3837718963623 8.53650569915771 7.87891101837158 8.01165962219238 8.79185581207275 9.28828525543213 9.81108474731445 10.1501798629761 10.4170503616333 10.5532598495483 10.303370475769 9.68392658233643 9.43392276763916 9.38002300262451 9.49249267578125 9.49345397949219 9.19221210479736 9.00720977783203 8.91932106018066 8.88582229614258 8.85379409790039 8.72605800628662 8.83993911743164 8.95659446716309 8.97335624694824 8.92754936218262 9.03340530395508 9.18470668792725 9.28768157958984 9.44045734405518 9.62687110900879
