ENMTML/All_vars/Predictors/EUR_only/bio19.asc
NCOLS 440 
NROWS 275 
XLLCORNER -11.5 
YLLCORNER 25.4999999994691 
CELLSIZE 0.166666666666667 
NODATA_value -3.4e+38 
[rows 147 to 167 of 275, columns 47 to 93 of 440]
-3.4e+38 -3.4e+38 -3.4e+38 -3.4e+38 -3.4e+38 -3.4e+38 -3.4e+38 -3.4e+38 -3.4e+38 257.554107666016 253.720092773438 249.061096191406 242.391098022461 235.714706420898 229.692001342773 222.675094604492 221.83349609375 230.556701660156 224.658493041992 228.213500976562 221.935302734375 214.658004760742 205.430206298828 199.155700683594 196.076705932617 198.934295654297 203.590301513672 202.442306518555 202.282196044922 199.444396972656 198.468994140625 194.572402954102 191.346603393555 188.129898071289 186.733993530273 181.531097412109 179.455307006836 177.566101074219 178.550796508789 178.595794677734 176.774398803711 176.764297485352 173.019805908203 169.480606079102 169.739105224609 175.939895629883 178.130401611328
-3.4e+38 -3.4e+38 -3.4e+38 -3.4e+38 -3.4e+38 -3.4e+38 -3.4e+38 -3.4e+38 -3.4e+38 -3.4e+38 -3.4e+38 249.857604980469 244.011901855469 236.173095703125 227.224105834961 222.306701660156 222.29899597168 223.450393676758 235.506896972656 238.356903076172 235.085998535156 227.809600830078 217.447601318359 206.224502563477 205.14599609375 208.751205444336 212.596496582031 212.522506713867 213.363296508789 213.206802368164 211.294998168945 205.367202758789 204.091003417969 198.938598632812 192.850799560547 188.568405151367 181.55290222168 173.666198730469 176.710296630859 173.693893432617 171.874801635742 169.063003540039 167.452697753906 164.585006713867 163.040802001953 167.236099243164 165.515899658203
-3.4e+38 -3.4e+38 -3.4e+38 -3.4e+38 -3.4e+38 -3.4e+38 -3.4e+38 -3.4e+38 -3.4e+38 -3.4e+38 -3.4e+38 -3.4e+38 241.809906005859 231.868804931641 222.082595825195 217.998596191406 217.915298461914 220.835998535156 234.653503417969 238.643402099609 241.175201416016 235.827392578125 227.470199584961 218.238800048828 217.96809387207 218.895294189453 222.684204101562 226.344802856445 230.189697265625 230.287704467773 233.061904907227 227.879806518555 220.843597412109 214.810394287109 205.712005615234 199.624298095703 187.589202880859 170.846603393555 167.009796142578 166.120407104492 169.096603393555 162.363906860352 159.623199462891 158.88200378418 158.147506713867 154.426300048828 155.686096191406
-3.4e+38 -3.4e+38 -3.4e+38 -3.4e+38 -3.4e+38 -3.4e+38 -3.4e+38 -3.4e+38 -3.4e+38 -3.4e+38 -3.4e+38 -3.4e+38 -3.4e+38 -3.4e+38 222.718994140625 217.800094604492 219.713806152344 224.637405395508 236.922393798828 245.464492797852 249.197402954102 246.783004760742 237.683898925781 233.203903198242 231.792999267578 234.652404785156 239.510696411133 245.361892700195 250.016006469727 252.992706298828 252.82600402832 243.005294799805 235.784194946289 221.609405517578 208.133102416992 196.274398803711 186.964599609375 173.002593994141 169.170593261719 160.581298828125 155.410797119141 150.53840637207 151.732803344727 151.195602416992 155.449295043945 147.735000610352 151.00439453125
-3.4e+38 -3.4e+38 -3.4e+38 -3.4e+38 -3.4e+38 -3.4e+38 -3.4e+38 -3.4e+38 -3.4e+38 -3.4e+38 -3.4e+38 -3.4e+38 -3.4e+38 -3.4e+38 -3.4e+38 221.609405517578 226.450500488281 231.368499755859 244.809799194336 249.604598999023 251.137603759766 248.914901733398 246.507995605469 243.090896606445 244.80549621582 248.470092773438 254.330093383789 263.997894287109 268.783813476562 273.756988525391 273.514709472656 259.388092041016 245.435195922852 232.645706176758 212.775299072266 197.160507202148 186.206695556641 173.348297119141 169.400894165039 153.74040222168 143.448806762695 138.781402587891 142.044296264648 148.240905761719 161.818206787109 147.845596313477 137.393203735352
-3.4e+38 -3.4e+38 -3.4e+38 -3.4e+38 -3.4e+38 -3.4e+38 -3.4e+38 -3.4e+38 -3.4e+38 -3.4e+38 -3.4e+38 -3.4e+38 -3.4e+38 -3.4e+38 239.11360168457 234.01530456543 233.282592773438 243.952499389648 248.742202758789 249.408004760742 253.869506835938 251.589492797852 248.376007080078 247.903396606445 252.621994018555 259.281494140625 265.141387939453 274.81298828125 285.35888671875 294.143585205078 287.828094482422 270.208892822266 252.908294677734 240.283996582031 221.666198730469 203.880798339844 193.023193359375 177.16650390625 160.572494506836 159.634094238281 126.781196594238 118.85489654541 124.18229675293 138.996505737305 159.07080078125 149.436996459961 136.453903198242
-3.4e+38 -3.4e+38 -3.4e+38 -3.4e+38 -3.4e+38 -3.4e+38 -3.4e+38 -3.4e+38 -3.4e+38 -3.4e+38 -3.4e+38 -3.4e+38 -3.4e+38 -3.4e+38 249.697998046875 245.779998779297 242.943405151367 253.898193359375 252.554595947266 252.20930480957 249.869903564453 254.589004516602 251.109497070312 251.828704833984 255.495697021484 269.282409667969 276.014190673828 285.623291015625 296.030303955078 303.490905761719 293.502593994141 273.754608154297 254.81379699707 244.016006469727 233.391494750977 214.526901245117 195.917602539062 179.068099975586 174.552307128906 166.716903686523 121.414398193359 109.129699707031 115.388000488281 122.850898742676 163.081695556641 143.700393676758 128.538497924805
-3.4e+38 -3.4e+38 -3.4e+38 -3.4e+38 -3.4e+38 -3.4e+38 -3.4e+38 -3.4e+38 -3.4e+38 -3.4e+38 -3.4e+38 -3.4e+38 -3.4e+38 -3.4e+38 -3.4e+38 255.441802978516 259.847198486328 259.642395019531 257.300506591797 256.146697998047 255.602905273438 254.31770324707 255.042098999023 258.499206542969 259.422790527344 266.006500244141 277.811798095703 287.475402832031 294.261993408203 294.842498779297 285.796600341797 270.922393798828 254.181594848633 243.910293579102 232.122299194336 204.525695800781 189.746398925781 179.229995727539 200.300003051758 184.537200927734 126.332000732422 110.336303710938 116.19059753418 139.177200317383 141.528701782227 176.185195922852 129.543197631836
-3.4e+38 -3.4e+38 -3.4e+38 -3.4e+38 -3.4e+38 -3.4e+38 -3.4e+38 -3.4e+38 -3.4e+38 -3.4e+38 -3.4e+38 -3.4e+38 -3.4e+38 -3.4e+38 -3.4e+38 275.819000244141 270.735900878906 263.374298095703 263.104888916016 260.948699951172 260.594787597656 260.057800292969 258.769195556641 257.360595703125 259.279998779297 262.737609863281 264.526306152344 270.375091552734 277.033813476562 277.734710693359 270.825988769531 257.040588378906 244.176300048828 237.384399414062 215.042694091797 196.614395141602 176.928405761719 169.160598754883 181.30729675293 189.551300048828 153.064895629883 111.547401428223 116.117797851562 140.187698364258 124.80460357666 147.799301147461 139.162292480469
-3.4e+38 -3.4e+38 -3.4e+38 -3.4e+38 -3.4e+38 -3.4e+38 -3.4e+38 -3.4e+38 -3.4e+38 -3.4e+38 -3.4e+38 -3.4e+38 -3.4e+38 -3.4e+38 -3.4e+38 287.513092041016 278.282104492188 271.128295898438 265.033203125 264.679290771484 262.328887939453 259.850006103516 254.496704101562 253.210998535156 256.999389648438 256.839691162109 256.558807373047 255.347793579102 258.189086914062 255.224899291992 242.86540222168 240.151397705078 232.166702270508 223.453796386719 209.740707397461 193.831604003906 182.851196289062 191.910797119141 187.221496582031 187.391403198242 150.167098999023 124.867202758789 109.488800048828 122.641998291016 134.71760559082 123.257698059082 128.833099365234
-3.4e+38 -3.4e+38 -3.4e+38 -3.4e+38 -3.4e+38 -3.4e+38 -3.4e+38 -3.4e+38 -3.4e+38 -3.4e+38 -3.4e+38 -3.4e+38 -3.4e+38 -3.4e+38 -3.4e+38 297.196105957031 286.224487304688 276.932800292969 268.640686035156 265.285186767578 260.935913085938 253.639999389648 252.292007446289 250.935501098633 249.785995483398 250.61799621582 252.471603393555 251.372192382812 246.163803100586 239.062606811523 233.295303344727 226.196502685547 221.421997070312 211.260803222656 206.479995727539 195.769607543945 188.686904907227 203.745697021484 212.895095825195 176.580703735352 153.17790222168 154.256896972656 129.04670715332 121.580596923828 123.916198730469 112.456901550293 148.196304321289
-3.4e+38 -3.4e+38 -3.4e+38 -3.4e+38 -3.4e+38 -3.4e+38 -3.4e+38 -3.4e+38 -3.4e+38 -3.4e+38 -3.4e+38 -3.4e+38 -3.4e+38 -3.4e+38 315.0205078125 306.004791259766 295.907012939453 282.674407958984 271.17919921875 265.080902099609 257.728790283203 254.565704345703 249.073196411133 245.918899536133 242.755798339844 240.468704223633 240.307403564453 236.356704711914 233.069396972656 229.228897094727 221.336303710938 214.247695922852 208.289596557617 205.332000732422 209.675994873047 196.783706665039 184.631805419922 179.873199462891 181.929397583008 169.427795410156 154.856094360352 152.204299926758 169.356506347656 145.058700561523 146.504196166992 138.936798095703 174.610397338867
-3.4e+38 -3.4e+38 -3.4e+38 -3.4e+38 -3.4e+38 -3.4e+38 -3.4e+38 -3.4e+38 -3.4e+38 -3.4e+38 -3.4e+38 -3.4e+38 -3.4e+38 -3.4e+38 325.712585449219 312.878997802734 303.453704833984 289.408996582031 277.103485107422 270.756408691406 264.460693359375 255.350494384766 249.804992675781 243.702301025391 238.349792480469 234.25129699707 231.962097167969 231.064697265625 228.0458984375 220.222396850586 216.381103515625 215.242599487305 212.287002563477 209.125595092773 204.362899780273 191.411193847656 186.403503417969 176.88639831543 173.956497192383 187.281799316406 180.52619934082 168.046798706055 166.475799560547 183.555694580078 155.343505859375 170.276397705078 181.641006469727
-3.4e+38 -3.4e+38 -3.4e+38 -3.4e+38 -3.4e+38 -3.4e+38 -3.4e+38 -3.4e+38 -3.4e+38 -3.4e+38 -3.4e+38 -3.4e+38 -3.4e+38 -3.4e+38 340.532012939453 326.494201660156 311.322387695312 300.086486816406 285.846893310547 272.742401123047 263.253509521484 253.884994506836 243.845001220703 236.488906860352 230.390106201172 226.033096313477 222.751602172852 223.116104125977 223.031692504883 220.083099365234 219.127700805664 217.116195678711 208.231597900391 200.089004516602 193.066497802734 186.117797851562 181.542297363281 176.720703125 173.093994140625 181.983901977539 196.125198364258 169.833892822266 168.256103515625 182.433303833008 186.696502685547 173.403701782227 175.872406005859
-3.4e+38 -3.4e+38 -3.4e+38 -3.4e+38 -3.4e+38 -3.4e+38 -3.4e+38 -3.4e+38 -3.4e+38 -3.4e+38 -3.4e+38 -3.4e+38 -3.4e+38 -3.4e+38 353.221099853516 340.122314453125 324.949401855469 306.765594482422 293.521392822266 278.278991699219 267.041412353516 257.871612548828 243.377807617188 230.338592529297 222.037200927734 216.875503540039 213.862594604492 211.835998535156 214.96369934082 215.884201049805 213.756301879883 209.795806884766 206.721893310547 203.840194702148 201.010101318359 198.24560546875 190.432907104492 184.599899291992 176.449600219727 167.872299194336 168.111602783203 165.703903198242 167.205902099609 176.561492919922 196.72509765625 176.471496582031 166.144607543945
-3.4e+38 -3.4e+38 -3.4e+38 -3.4e+38 -3.4e+38 -3.4e+38 -3.4e+38 -3.4e+38 -3.4e+38 -3.4e+38 -3.4e+38 -3.4e+38 -3.4e+38 -3.4e+38 364.971984863281 350.786895751953 335.557006835938 316.443115234375 300.460693359375 284.0205078125 269.960906982422 256.734802246094 243.427307128906 228.314102172852 215.882598876953 209.727203369141 207.707107543945 206.696792602539 205.695007324219 204.817901611328 204.548797607422 203.740600585938 206.597900390625 204.526397705078 204.707504272461 204.003204345703 201.184600830078 196.287094116211 192.125 189.275695800781 176.899597167969 176.399703979492 181.998901367188 181.35530090332 178.069107055664 173.564498901367 176.100296020508
-3.4e+38 -3.4e+38 -3.4e+38 -3.4e+38 -3.4e+38 -3.4e+38 -3.4e+38 -3.4e+38 -3.4e+38 -3.4e+38 -3.4e+38 -3.4e+38 -3.4e+38 -3.4e+38 376.657592773438 361.485809326172 343.294403076172 322.186706542969 302.989013671875 284.072113037109 267.825714111328 253.784393310547 239.543395996094 223.236602783203 212.933303833008 203.711807250977 197.701705932617 194.692092895508 191.740600585938 191.620300292969 192.493301391602 194.491806030273 203.552795410156 200.489898681641 202.356002807617 200.733703613281 199.646102905273 199.935699462891 194.19450378418 184.448806762695 180.871002197266 183.294799804688 193.787902832031 197.316192626953 181.245895385742 180.828094482422 182.974792480469
-3.4e+38 -3.4e+38 -3.4e+38 -3.4e+38 -3.4e+38 -3.4e+38 -3.4e+38 -3.4e+38 -3.4e+38 -3.4e+38 -3.4e+38 -3.4e+38 -3.4e+38 384.306304931641 386.460113525391 371.098999023438 347.051513671875 321.114807128906 298.993286132812 279.875305175781 262.748901367188 248.70849609375 235.658096313477 220.427398681641 210.12109375 201.108001708984 195.885604858398 192.872192382812 187.934005737305 182.671997070312 184.478393554688 189.618499755859 194.507995605469 196.193206787109 199.072494506836 201.261093139648 204.557205200195 199.9248046875 191.990798950195 188.514205932617 189.830093383789 191.336196899414 191.036895751953 187.794204711914 187.616394042969 192.100296020508 192.617492675781
-3.4e+38 -3.4e+38 -3.4e+38 -3.4e+38 -3.4e+38 -3.4e+38 -3.4e+38 -3.4e+38 -3.4e+38 -3.4e+38 -3.4e+38 -3.4e+38 -3.4e+38 389.032012939453 390.138610839844 370.837890625 344.578887939453 318.777008056641 295.906311035156 276.787506103516 258.805511474609 241.822906494141 229.847503662109 216.799301147461 207.517395019531 198.289306640625 192.276397705078 186.064300537109 185.792495727539 176.860595703125 177.681198120117 183.562103271484 191.195602416992 200.02360534668 203.902603149414 208.025100708008 210.900207519531 212.864196777344 211.180801391602 203.613296508789 195.076095581055 191.695907592773 190.398696899414 191.476501464844 197.123901367188 200.678100585938 200.452606201172
-3.4e+38 -3.4e+38 -3.4e+38 -3.4e+38 -3.4e+38 -3.4e+38 -3.4e+38 -3.4e+38 -3.4e+38 -3.4e+38 -3.4e+38 -3.4e+38 -3.4e+38 387.566314697266 385.060607910156 367.637786865234 340.446685791016 313.834991455078 290.830810546875 271.097198486328 253.175003051758 237.004699707031 221.965393066406 213.988494873047 202.899597167969 194.871795654297 188.654907226562 181.441604614258 178.238296508789 173.169204711914 170.792404174805 182.563095092773 194.197906494141 204.781692504883 206.755706787109 208.764999389648 214.130493164062 219.119506835938 216.471405029297 205.098495483398 190.759506225586 187.297103881836 186.02180480957 192.625595092773 199.537002563477 208.195404052734 204.850204467773
327.912292480469 341.496795654297 360.247711181641 -3.4e+38 409.25439453125 415.379791259766 408.66650390625 -3.4e+38 -3.4e+38 -3.4e+38 -3.4e+38 403.731994628906 387.226104736328 378.986694335938 374.2255859375 351.660400390625 326.863403320312 302.868591308594 278.199798583984 261.269592285156 247.419799804688 233.634201049805 215.399307250977 207.299301147461 199.270599365234 193.248397827148 186.03450012207 179.762496948242 178.621795654297 170.355697631836 173.107498168945 181.610992431641 193.199203491211 203.857406616211 218.850296020508 222.178894042969 218.383407592773 211.642807006836 201.85400390625 190.468399047852 180.002593994141 179.689407348633 182.230606079102 186.838806152344 196.376800537109 -3.4e+38 -3.4e+38
