ENMTML/All_vars/Predictors/EUR_only/bio16.asc
NCOLS 411 
NROWS 214 
XLLCORNER -11.5 
YLLCORNER 35.666666666112 
CELLSIZE 0.166666666666667 
NODATA_value -3.4e+38 
[rows 105 to 125 of 214, columns 47 to 93 of 411]
-3.4e+38 -3.4e+38 -3.4e+38 -3.4e+38 293.885803222656 316.876312255859 361.21728515625 398.763092041016 404.054107666016 390.426086425781 330.096313476562 261.627593994141 211.206695556641 184.551498413086 170.365203857422 164.635406494141 164.089202880859 167.083099365234 182.198394775391 185.196502685547 190.856292724609 194.149703979492 -3.4e+38 -3.4e+38 -3.4e+38 -3.4e+38 -3.4e+38 -3.4e+38 -3.4e+38 -3.4e+38 -3.4e+38 -3.4e+38 -3.4e+38 -3.4e+38 -3.4e+38 -3.4e+38 -3.4e+38 -3.4e+38 -3.4e+38 -3.4e+38 -3.4e+38 -3.4e+38 -3.4e+38 -3.4e+38 -3.4e+38 -3.4e+38 -3.4e+38
-3.4e+38 -3.4e+38 -3.4e+38 261.300201416016 273.709594726562 301.362609863281 335.551208496094 349.328308105469 336.325592041016 345.622589111328 359.548492431641 291.748291015625 234.960494995117 192.241104125977 174.255599975586 163.060501098633 161.66340637207 164.080307006836 168.538101196289 176.204193115234 181.190902709961 182.158706665039 -3.4e+38 -3.4e+38 -3.4e+38 -3.4e+38 -3.4e+38 -3.4e+38 -3.4e+38 -3.4e+38 -3.4e+38 -3.4e+38 -3.4e+38 -3.4e+38 -3.4e+38 -3.4e+38 -3.4e+38 -3.4e+38 -3.4e+38 -3.4e+38 -3.4e+38 -3.4e+38 -3.4e+38 -3.4e+38 -3.4e+38 -3.4e+38 -3.4e+38
-3.4e+38 -3.4e+38 -3.4e+38 241.649307250977 256.288513183594 273.624298095703 279.617095947266 269.988800048828 266.028015136719 294.281097412109 355.586791992188 335.924987792969 273.033905029297 203.960098266602 186.28010559082 164.030700683594 160.671493530273 160.696594238281 164.697494506836 165.716506958008 180.883499145508 181.876495361328 177.150207519531 177.161407470703 -3.4e+38 -3.4e+38 -3.4e+38 -3.4e+38 -3.4e+38 -3.4e+38 -3.4e+38 -3.4e+38 -3.4e+38 -3.4e+38 -3.4e+38 -3.4e+38 -3.4e+38 -3.4e+38 -3.4e+38 -3.4e+38 -3.4e+38 -3.4e+38 -3.4e+38 -3.4e+38 -3.4e+38 -3.4e+38 -3.4e+38
301.451385498047 269.977203369141 282.646087646484 238.598007202148 232.588195800781 247.042495727539 251.154693603516 243.435897827148 252.586196899414 314.105590820312 354.46240234375 313.3251953125 265.369598388672 214.343399047852 193.30940246582 171.943405151367 162.954696655273 158.670104980469 160.705001831055 161.720504760742 163.773803710938 175.198806762695 174.86979675293 172.455993652344 -3.4e+38 -3.4e+38 -3.4e+38 -3.4e+38 -3.4e+38 -3.4e+38 -3.4e+38 -3.4e+38 -3.4e+38 -3.4e+38 -3.4e+38 -3.4e+38 -3.4e+38 -3.4e+38 -3.4e+38 -3.4e+38 -3.4e+38 -3.4e+38 -3.4e+38 -3.4e+38 -3.4e+38 -3.4e+38 -3.4e+38
380.485412597656 332.072692871094 310.056610107422 279.393188476562 222.212005615234 227.477203369141 224.682998657227 220.936996459961 238.298599243164 270.104187011719 305.247100830078 279.946990966797 245.756698608398 210.680892944336 196.03239440918 179.681304931641 162.541793823242 158.518295288086 160.526901245117 159.014602661133 158.723907470703 160.215805053711 163.504898071289 167.479095458984 -3.4e+38 -3.4e+38 -3.4e+38 -3.4e+38 -3.4e+38 -3.4e+38 -3.4e+38 -3.4e+38 -3.4e+38 -3.4e+38 -3.4e+38 -3.4e+38 -3.4e+38 -3.4e+38 -3.4e+38 -3.4e+38 -3.4e+38 -3.4e+38 -3.4e+38 -3.4e+38 -3.4e+38 -3.4e+38 -3.4e+38
395.119995117188 386.563293457031 352.209808349609 278.960296630859 229.576507568359 215.188201904297 207.232498168945 211.836395263672 212.783599853516 229.469100952148 229.912902832031 218.284393310547 203.634002685547 187.993606567383 175.64289855957 168.647598266602 162.199295043945 163.187606811523 161.547103881836 157.552505493164 154.720001220703 156.702102661133 158.243301391602 -3.4e+38 -3.4e+38 173.263198852539 178.300506591797 180.571594238281 184.905899047852 186.968902587891 185.220794677734 -3.4e+38 -3.4e+38 -3.4e+38 -3.4e+38 -3.4e+38 -3.4e+38 -3.4e+38 -3.4e+38 -3.4e+38 -3.4e+38 -3.4e+38 -3.4e+38 -3.4e+38 -3.4e+38 -3.4e+38 -3.4e+38
444.643310546875 378.976898193359 311.906890869141 262.421295166016 229.908493041992 206.881103515625 192.334594726562 193.316192626953 197.096603393555 202.82829284668 207.237503051758 195.591293334961 191.63850402832 189.665298461914 177.989898681641 168.639694213867 168.61540222168 167.222198486328 162.222702026367 154.565399169922 153.01579284668 153.707595825195 154.649597167969 155.599304199219 159.891799926758 167.894393920898 176.582000732422 179.906997680664 180.957504272461 182.28630065918 181.286193847656 180.489807128906 -3.4e+38 -3.4e+38 -3.4e+38 -3.4e+38 -3.4e+38 -3.4e+38 -3.4e+38 -3.4e+38 -3.4e+38 -3.4e+38 -3.4e+38 -3.4e+38 -3.4e+38 -3.4e+38 -3.4e+38
451.732604980469 399.453887939453 333.087188720703 294.778503417969 281.479888916016 230.783996582031 209.796401977539 190.120300292969 189.816696166992 200.228103637695 199.267593383789 187.616592407227 185.618606567383 178.943603515625 172.569702148438 169.573699951172 170.906600952148 164.561401367188 160.195495605469 153.180297851562 150.963104248047 150.953704833984 150.956298828125 153.571304321289 155.556106567383 160.692596435547 170.525207519531 173.927307128906 177.511795043945 178.269302368164 179.96159362793 177.462295532227 176.913803100586 -3.4e+38 -3.4e+38 -3.4e+38 -3.4e+38 -3.4e+38 -3.4e+38 -3.4e+38 -3.4e+38 -3.4e+38 -3.4e+38 -3.4e+38 -3.4e+38 -3.4e+38 -3.4e+38
500.930908203125 454.651611328125 411.216705322266 340.597412109375 268.918487548828 228.190093994141 229.576507568359 196.510101318359 184.531204223633 194.991500854492 194.253601074219 183.597503662109 178.9248046875 172.538101196289 171.521896362305 173.847900390625 169.322296142578 165.197906494141 159.523406982422 154.527496337891 149.89469909668 147.900497436523 148.896301269531 151.90739440918 153.449600219727 155.081695556641 163.202499389648 166.189407348633 172.066696166992 175.067794799805 177.813095092773 177.141204833984 176.911407470703 -3.4e+38 -3.4e+38 -3.4e+38 -3.4e+38 -3.4e+38 -3.4e+38 -3.4e+38 -3.4e+38 -3.4e+38 -3.4e+38 -3.4e+38 -3.4e+38 -3.4e+38 -3.4e+38
530.108276367188 442.998992919922 413.273284912109 336.784393310547 261.048095703125 221.225494384766 211.895202636719 197.19580078125 178.534698486328 176.540603637695 179.546295166016 172.861099243164 165.818496704102 167.780502319336 172.832397460938 170.307998657227 166.837097167969 164.604705810547 159.598999023438 155.578094482422 149.96110534668 149.9541015625 149.936492919922 149.887802124023 152.435699462891 153.864807128906 158.101501464844 162.198196411133 166.211395263672 172.785293579102 176.531204223633 175.814300537109 -3.4e+38 -3.4e+38 -3.4e+38 -3.4e+38 -3.4e+38 -3.4e+38 -3.4e+38 -3.4e+38 -3.4e+38 -3.4e+38 -3.4e+38 -3.4e+38 -3.4e+38 -3.4e+38 -3.4e+38
495.962890625 452.748901367188 391.720794677734 340.628204345703 264.278411865234 226.227294921875 208.220306396484 203.893005371094 183.188995361328 179.520004272461 175.838500976562 178.108505249023 171.285003662109 176.824203491211 173.34049987793 173.363204956055 169.460403442383 166.037002563477 165.235900878906 158.189895629883 157.217895507812 158.239898681641 157.488403320312 157.126007080078 155.033004760742 152.003204345703 155.860595703125 159.911605834961 162.510696411133 168.458999633789 171.832992553711 175.021697998047 -3.4e+38 -3.4e+38 -3.4e+38 -3.4e+38 -3.4e+38 -3.4e+38 -3.4e+38 -3.4e+38 -3.4e+38 -3.4e+38 -3.4e+38 -3.4e+38 -3.4e+38 -3.4e+38 -3.4e+38
489.180206298828 455.821014404297 390.873596191406 387.846710205078 290.561096191406 253.116394042969 226.552597045898 206.87190246582 190.84880065918 198.867706298828 208.124893188477 193.321197509766 184.833999633789 179.371795654297 172.801193237305 172.119003295898 172.467895507812 174.228500366211 176.448196411133 177.843307495117 176.412994384766 175.181304931641 171.207504272461 166.871994018555 157.832305908203 154.378692626953 155.509399414062 157.207702636719 161.792999267578 165.042098999023 -3.4e+38 -3.4e+38 -3.4e+38 -3.4e+38 -3.4e+38 -3.4e+38 -3.4e+38 -3.4e+38 -3.4e+38 -3.4e+38 -3.4e+38 -3.4e+38 -3.4e+38 -3.4e+38 -3.4e+38 -3.4e+38 230.134002685547
462.810913085938 436.345397949219 417.556488037109 369.372100830078 283.545501708984 270.940185546875 253.008804321289 215.838302612305 216.513000488281 221.502105712891 202.006103515625 188.856506347656 182.394805908203 179.081893920898 179.364807128906 180.359405517578 181.387802124023 187.403503417969 189.850296020508 188.346099853516 186.88850402832 177.188003540039 174.304702758789 170.153396606445 164.174697875977 158.861801147461 157.023300170898 157.779296875 162.638305664062 -3.4e+38 -3.4e+38 -3.4e+38 -3.4e+38 -3.4e+38 -3.4e+38 -3.4e+38 -3.4e+38 -3.4e+38 -3.4e+38 -3.4e+38 -3.4e+38 -3.4e+38 -3.4e+38 -3.4e+38 223.367401123047 224.83659362793 226.841598510742
412.746490478516 382.050109863281 352.450286865234 321.799102783203 283.815399169922 267.511993408203 242.827896118164 233.528594970703 231.521606445312 208.758193969727 200.324996948242 197.88720703125 199.3583984375 198.355697631836 196.350799560547 198.339996337891 202.329299926758 192.84880065918 187.464996337891 181.472305297852 183.189193725586 177.243804931641 173.509902954102 175.210906982422 171.47380065918 165.472305297852 161.795501708984 161.386306762695 -3.4e+38 -3.4e+38 -3.4e+38 -3.4e+38 -3.4e+38 -3.4e+38 -3.4e+38 -3.4e+38 -3.4e+38 -3.4e+38 -3.4e+38 -3.4e+38 -3.4e+38 -3.4e+38 -3.4e+38 220.47200012207 221.938400268555 220.947601318359 222.417602539062
353.561614990234 333.959686279297 317.957611083984 -3.4e+38 270.766510009766 271.785308837891 257.509887695312 245.53450012207 231.880996704102 214.780303955078 220.766098022461 221.734603881836 217.340698242188 216.360702514648 216.082397460938 215.108001708984 215.079406738281 214.374206542969 194.888793945312 181.398300170898 183.297103881836 186.93359375 188.069595336914 186.957305908203 185.96369934082 183.260406494141 180.978607177734 181.99479675293 -3.4e+38 182.728393554688 -3.4e+38 -3.4e+38 -3.4e+38 -3.4e+38 -3.4e+38 -3.4e+38 -3.4e+38 -3.4e+38 -3.4e+38 -3.4e+38 -3.4e+38 -3.4e+38 218.501205444336 219.203002929688 219.505798339844 219.570999145508 219.986602783203
395.306701660156 -3.4e+38 -3.4e+38 276.831604003906 268.515502929688 272.575408935547 273.041687011719 256.273284912109 236.919204711914 236.220504760742 232.506896972656 228.495803833008 231.448501586914 232.75700378418 239.455200195312 244.148193359375 247.139495849609 244.786407470703 211.878799438477 197.490600585938 201.455993652344 206.46110534668 206.163696289062 205.890594482422 201.653793334961 204.78450012207 206.813598632812 205.814697265625 200.600601196289 191.728103637695 189.703094482422 -3.4e+38 -3.4e+38 -3.4e+38 -3.4e+38 -3.4e+38 -3.4e+38 -3.4e+38 -3.4e+38 209.995697021484 216.976104736328 220.514801025391 218.509994506836 218.264404296875 217.357604980469 217.406799316406 216.500900268555
424.284484863281 382.403900146484 320.80029296875 285.660491943359 260.981597900391 248.985504150391 242.741104125977 253.343994140625 255.427703857422 253.315307617188 245.930404663086 238.190795898438 238.483703613281 242.48649597168 251.479598999023 267.539611816406 269.832794189453 264.778594970703 225.926193237305 193.54020690918 195.959396362305 208.127700805664 217.132400512695 223.810806274414 221.606903076172 217.712707519531 215.756607055664 215.620803833008 215.599594116211 207.088195800781 -3.4e+38 -3.4e+38 -3.4e+38 -3.4e+38 -3.4e+38 -3.4e+38 211.015197753906 208.698806762695 208.016006469727 209.021301269531 214.440002441406 217.289703369141 216.340393066406 214.373992919922 216.159301757812 215.262496948242 214.347106933594
367.647399902344 327.458312988281 316.778015136719 305.003509521484 270.693786621094 255.762802124023 251.665496826172 253.638595581055 255.552200317383 260.693511962891 255.964599609375 253.561401367188 249.845199584961 249.8251953125 258.495300292969 271.173400878906 279.167510986328 273.771697998047 241.503402709961 215.787002563477 208.75700378418 216.646697998047 224.569900512695 235.072402954102 237.833206176758 233.651596069336 223.531494140625 216.63720703125 -3.4e+38 -3.4e+38 -3.4e+38 -3.4e+38 207.680603027344 202.677200317383 205.68310546875 208.680694580078 209.369903564453 208.036895751953 205.383697509766 205.061401367188 207.91650390625 209.003402709961 210.654098510742 212.260894775391 215.829803466797 216.967697143555 215.230697631836
309.107513427734 284.554504394531 294.510101318359 285.407989501953 278.439514160156 266.490600585938 275.41259765625 267.362213134766 261.601013183594 259.038299560547 263.298614501953 263.588287353516 258.2119140625 262.176788330078 269.835693359375 269.143310546875 -3.4e+38 266.516998291016 -3.4e+38 -3.4e+38 -3.4e+38 -3.4e+38 235.807998657227 246.746200561523 -3.4e+38 -3.4e+38 -3.4e+38 -3.4e+38 -3.4e+38 -3.4e+38 -3.4e+38 206.679992675781 207.67919921875 213.610992431641 212.592895507812 207.695297241211 207.381805419922 204.397598266602 203.730606079102 200.092803955078 199.454895019531 201.488906860352 203.741104125977 211.084701538086 216.122695922852 215.14079284668 218.303405761719
306.915496826172 280.598999023438 -3.4e+38 -3.4e+38 -3.4e+38 -3.4e+38 -3.4e+38 262.552001953125 -3.4e+38 272.731597900391 -3.4e+38 -3.4e+38 -3.4e+38 -3.4e+38 280.868713378906 -3.4e+38 -3.4e+38 -3.4e+38 -3.4e+38 -3.4e+38 -3.4e+38 -3.4e+38 -3.4e+38 -3.4e+38 -3.4e+38 -3.4e+38 -3.4e+38 -3.4e+38 -3.4e+38 -3.4e+38 -3.4e+38 208.089599609375 209.632400512695 216.175598144531 213.590606689453 210.573593139648 203.729705810547 198.742004394531 195.756195068359 192.784301757812 191.477600097656 194.942092895508 198.881301879883 205.349700927734 212.390396118164 217.828598022461 224.037399291992
305.399993896484 -3.4e+38 -3.4e+38 -3.4e+38 -3.4e+38 -3.4e+38 -3.4e+38 -3.4e+38 -3.4e+38 -3.4e+38 -3.4e+38 -3.4e+38 -3.4e+38 -3.4e+38 -3.4e+38 -3.4e+38 -3.4e+38 -3.4e+38 -3.4e+38 -3.4e+38 -3.4e+38 -3.4e+38 -3.4e+38 -3.4e+38 -3.4e+38 -3.4e+38 -3.4e+38 -3.4e+38 -3.4e+38 -3.4e+38 -3.4e+38 203.619201660156 205.063705444336 205.59440612793 206.576293945312 206.553100585938 206.523498535156 202.487503051758 196.109100341797 190.12809753418 187.490600585938 187.485305786133 192.122604370117 198.601806640625 208.604904174805 216.822692871094 225.965194702148
