ENMTML/All_vars/Predictors/EUR_only/bio11.asc
NCOLS 440 
NROWS 275 
XLLCORNER -11.5 
YLLCORNER 25.4999999994691 
CELLSIZE 0.166666666666667 
NODATA_value -3.4e+38 
[rows 100 to 119 of 275, columns 45 to 89 of 440]
-3.4e+38 -3.4e+38 3.05940294265747 2.49272894859314 1.86081302165985 1.36369800567627 1.60131895542145 1.98905098438263 2.37081289291382 1.68292605876923 1.16023802757263 1.80594301223755 2.4515380859375 3.12109589576721 3.4348840713501 3.65149307250977 3.88640403747559 3.61827492713928 3.4683210849762 -3.4e+38 -3.4e+38 -3.4e+38 -3.4e+38 -3.4e+38 -3.4e+38 -3.4e+38 -3.4e+38 -3.4e+38 -3.4e+38 -3.4e+38 -3.4e+38 -3.4e+38 -3.4e+38 -3.4e+38 -3.4e+38 -3.4e+38 -3.4e+38 -3.4e+38 -3.4e+38 -3.4e+38 -3.4e+38 -3.4e+38 -3.4e+38 -3.4e+38 -3.4e+38
-3.4e+38 -3.4e+38 -3.4e+38 2.64424991607666 1.59424996376038 1.66678202152252 1.93905103206635 1.8070240020752 1.90257501602173 1.79812502861023 1.16164803504944 1.41962194442749 2.05285811424255 2.95442295074463 3.63488411903381 3.65296697616577 3.21816611289978 2.76816606521606 2.87937903404236 3.29605197906494 3.56341099739075 -3.4e+38 -3.4e+38 -3.4e+38 -3.4e+38 -3.4e+38 -3.4e+38 -3.4e+38 -3.4e+38 -3.4e+38 -3.4e+38 -3.4e+38 -3.4e+38 -3.4e+38 -3.4e+38 -3.4e+38 -3.4e+38 -3.4e+38 -3.4e+38 -3.4e+38 -3.4e+38 -3.4e+38 -3.4e+38 -3.4e+38 -3.4e+38
-3.4e+38 -3.4e+38 -3.4e+38 2.9015839099884 2.60446810722351 2.69360995292664 2.83391690254211 2.98244190216064 2.55975389480591 1.6784759759903 1.55735301971436 1.74058902263641 2.21821093559265 2.93336510658264 3.65433192253113 3.78776907920837 3.26953101158142 3.30437707901001 3.78776907920837 3.83367395401001 3.87390398979187 4.16864681243896 -3.4e+38 -3.4e+38 -3.4e+38 -3.4e+38 -3.4e+38 -3.4e+38 -3.4e+38 -3.4e+38 -3.4e+38 -3.4e+38 -3.4e+38 -3.4e+38 -3.4e+38 -3.4e+38 -3.4e+38 -3.4e+38 -3.4e+38 -3.4e+38 -3.4e+38 -3.4e+38 -3.4e+38 -3.4e+38 -3.4e+38
-3.4e+38 -3.4e+38 -3.4e+38 -3.4e+38 -3.4e+38 -3.4e+38 -3.4e+38 3.01552295684814 2.56929302215576 2.44367504119873 2.32680106163025 2.42391610145569 2.19997310638428 2.80012798309326 3.51968598365784 3.85741710662842 3.91292190551758 3.81014704704285 3.87842988967896 3.70730710029602 3.72391605377197 4.05277490615845 4.21387100219727 -3.4e+38 -3.4e+38 -3.4e+38 -3.4e+38 -3.4e+38 -3.4e+38 -3.4e+38 -3.4e+38 -3.4e+38 -3.4e+38 -3.4e+38 -3.4e+38 -3.4e+38 -3.4e+38 -3.4e+38 -3.4e+38 -3.4e+38 -3.4e+38 -3.4e+38 -3.4e+38 -3.4e+38 -3.4e+38
-3.4e+38 -3.4e+38 -3.4e+38 -3.4e+38 -3.4e+38 -3.4e+38 3.25917911529541 3.13213205337524 2.58691096305847 3.12711095809937 3.17402601242065 3.17109608650208 3.23477506637573 3.34856295585632 3.58336496353149 3.85589790344238 3.97686505317688 3.98545503616333 4.01873588562012 3.83272504806519 3.82968497276306 4.24347400665283 4.20060682296753 -3.4e+38 -3.4e+38 -3.4e+38 -3.4e+38 -3.4e+38 -3.4e+38 -3.4e+38 -3.4e+38 -3.4e+38 -3.4e+38 -3.4e+38 -3.4e+38 -3.4e+38 -3.4e+38 -3.4e+38 -3.4e+38 -3.4e+38 -3.4e+38 -3.4e+38 -3.4e+38 -3.4e+38 -3.4e+38
-3.4e+38 -3.4e+38 -3.4e+38 -3.4e+38 -3.4e+38 -3.4e+38 3.3380560874939 3.609708070755 3.4687819480896 3.29492902755737 3.11973094940186 2.74594306945801 3.18063497543335 3.72906994819641 3.9985179901123 4.05292177200317 4.07686519622803 4.08404397964478 4.08974981307983 4.10662317276001 3.83833909034729 3.99562811851501 4.06223678588867 4.01664113998413 -3.4e+38 -3.4e+38 -3.4e+38 -3.4e+38 -3.4e+38 -3.4e+38 -3.4e+38 -3.4e+38 -3.4e+38 -3.4e+38 -3.4e+38 -3.4e+38 -3.4e+38 -3.4e+38 -3.4e+38 -3.4e+38 -3.4e+38 -3.4e+38 -3.4e+38 -3.4e+38 -3.4e+38
-3.4e+38 -3.4e+38 -3.4e+38 -3.4e+38 -3.4e+38 3.73708391189575 3.75197196006775 3.77378010749817 3.64186310768127 3.71984100341797 4.06276988983154 3.54898309707642 2.75821089744568 3.37907004356384 3.84406805038452 4.13038921356201 4.07545518875122 4.15091800689697 4.08985900878906 4.04274415969849 3.88179492950439 3.78604388237 3.70712089538574 3.8145010471344 -3.4e+38 -3.4e+38 -3.4e+38 -3.4e+38 -3.4e+38 -3.4e+38 -3.4e+38 -3.4e+38 -3.4e+38 -3.4e+38 -3.4e+38 -3.4e+38 -3.4e+38 -3.4e+38 -3.4e+38 -3.4e+38 -3.4e+38 -3.4e+38 -3.4e+38 -3.4e+38 -3.4e+38
-3.4e+38 -3.4e+38 -3.4e+38 -3.4e+38 -3.4e+38 4.07428789138794 4.15204286575317 4.16333293914795 4.2678279876709 4.49737215042114 4.64616298675537 4.097571849823 2.76109600067139 2.59285807609558 3.2456328868866 4.05151176452637 3.88122391700745 4.05816078186035 4.03210496902466 3.9764449596405 3.83194994926453 3.80146098136902 3.28101897239685 3.38133001327515 3.79547309875488 3.8304750919342 -3.4e+38 -3.4e+38 -3.4e+38 -3.4e+38 -3.4e+38 -3.4e+38 -3.4e+38 -3.4e+38 -3.4e+38 -3.4e+38 -3.4e+38 -3.4e+38 -3.4e+38 -3.4e+38 -3.4e+38 -3.4e+38 -3.4e+38 -3.4e+38 -3.4e+38
2.85525989532471 3.58367204666138 3.37908792495728 3.69131088256836 3.1579110622406 4.06420516967773 4.34187412261963 4.11951208114624 4.06950283050537 4.21692895889282 4.114089012146 3.28221797943115 2.72655892372131 2.99741697311401 3.31686496734619 3.77981400489807 3.70842599868774 3.84919691085815 3.85490298271179 3.98525404930115 3.86413097381592 3.80318188667297 3.62734508514404 3.29972290992737 3.51239204406738 3.79153394699097 -3.4e+38 -3.4e+38 -3.4e+38 -3.4e+38 -3.4e+38 -3.4e+38 -3.4e+38 -3.4e+38 -3.4e+38 -3.4e+38 -3.4e+38 -3.4e+38 -3.4e+38 -3.4e+38 -3.4e+38 -3.4e+38 -3.4e+38 -3.4e+38 -3.4e+38
2.46624898910522 2.97347402572632 2.24444198608398 2.66243410110474 2.70821309089661 3.03623604774475 4.12554216384888 3.7502748966217 3.75628995895386 3.89113688468933 3.62294411659241 3.3866229057312 2.98373794555664 3.18662309646606 3.34668707847595 3.64045310020447 3.50664210319519 3.62331509590149 3.82472491264343 3.91895604133606 3.7660710811615 3.73992300033569 3.7793300151825 3.69604802131653 3.68246006965637 3.7127480506897 -3.4e+38 -3.4e+38 -3.4e+38 -3.4e+38 -3.4e+38 -3.4e+38 -3.4e+38 -3.4e+38 -3.4e+38 -3.4e+38 -3.4e+38 -3.4e+38 -3.4e+38 -3.4e+38 -3.4e+38 -3.4e+38 -3.4e+38 -3.4e+38 -3.4e+38
2.94968509674072 2.12347388267517 2.32935309410095 1.93496596813202 2.06961297988892 2.96527194976807 3.51983189582825 3.23494791984558 3.27298998832703 3.34867191314697 3.55805611610413 3.5575909614563 3.72415399551392 3.85638093948364 3.88609409332275 3.87844896316528 3.85413098335266 3.75842595100403 3.77362394332886 3.58897805213928 3.44186305999756 3.67838501930237 3.79655909538269 3.71464204788208 3.6812961101532 -3.4e+38 -3.4e+38 3.4933910369873 3.71021890640259 3.9422459602356 4.14396476745605 4.4123592376709 4.57288789749146 -3.4e+38 -3.4e+38 -3.4e+38 -3.4e+38 -3.4e+38 -3.4e+38 -3.4e+38 -3.4e+38 -3.4e+38 -3.4e+38 -3.4e+38 -3.4e+38
3.14446592330933 2.4596860408783 1.91677403450012 2.42406296730042 3.00452399253845 3.30194997787476 3.29994606971741 3.11235094070435 3.16673707962036 3.40191292762756 3.57911491394043 3.73677802085876 3.75763607025146 3.96052098274231 3.83452796936035 3.56162095069885 3.55538606643677 3.60686111450195 3.40853500366211 3.29197192192078 3.37540888786316 3.65920090675354 3.79252910614014 3.71647095680237 3.69691395759583 3.64988994598389 3.53777694702148 3.35271096229553 3.42079401016235 3.73154306411743 4.06204795837402 4.3550238609314 4.56110382080078 4.60808086395264 -3.4e+38 -3.4e+38 -3.4e+38 -3.4e+38 -3.4e+38 -3.4e+38 -3.4e+38 -3.4e+38 -3.4e+38 -3.4e+38 -3.4e+38
3.57262992858887 3.07620310783386 2.51677393913269 2.63653206825256 2.99230098724365 2.92468404769897 2.44878101348877 2.83525800704956 3.00343298912048 3.48367404937744 3.62754893302917 3.56995010375977 3.68772292137146 3.85737204551697 3.71466088294983 3.62378001213074 3.59657788276672 3.52346992492676 3.30690598487854 3.40717101097107 3.49087190628052 3.67299008369446 3.80363297462463 3.79550409317017 3.73024201393127 3.670902967453 3.51969408988953 3.38954305648804 3.39819693565369 3.6043848991394 3.89260101318359 4.17136907577515 4.30670022964478 4.44138479232788 4.46334600448608 -3.4e+38 -3.4e+38 -3.4e+38 -3.4e+38 -3.4e+38 -3.4e+38 -3.4e+38 -3.4e+38 -3.4e+38 -3.4e+38
3.55080199241638 2.05049204826355 2.48065304756165 2.28662300109863 2.03677797317505 2.34133791923523 2.92781400680542 3.19867300987244 2.89149308204651 3.49290299415588 3.83556795120239 3.58362889289856 3.58199906349182 3.6848840713501 3.62576508522034 3.6707398891449 3.52818393707275 3.3218400478363 3.37210488319397 3.45710706710815 3.60448598861694 3.6825098991394 3.83416604995728 3.79255509376526 3.77997803688049 3.75916409492493 3.71522498130798 3.4802680015564 3.46617007255554 3.6572699546814 3.76513409614563 3.96555399894714 4.10373115539551 4.24220085144043 4.36937093734741 -3.4e+38 -3.4e+38 -3.4e+38 -3.4e+38 -3.4e+38 -3.4e+38 -3.4e+38 -3.4e+38 -3.4e+38 -3.4e+38
3.42339110374451 2.10018992424011 2.27644896507263 2.88362908363342 2.31580996513367 2.70510792732239 3.3551709651947 3.70228600502014 3.58404898643494 3.78116393089294 4.19636201858521 4.06559085845947 3.90043807029724 3.86852097511292 3.88025999069214 3.7330539226532 3.49459195137024 3.47157502174377 3.60648703575134 3.62770009040833 3.67360591888428 3.70728898048401 3.84202599525452 3.75838899612427 3.80986309051514 3.77671790122986 3.55606007575989 3.38949704170227 3.44511198997498 3.49515700340271 3.71513390541077 3.88216304779053 3.98246097564697 4.15963220596313 -3.4e+38 -3.4e+38 -3.4e+38 -3.4e+38 -3.4e+38 -3.4e+38 -3.4e+38 -3.4e+38 -3.4e+38 -3.4e+38 -3.4e+38
3.32791900634766 3.13362598419189 2.78876304626465 2.73089909553528 2.91433596611023 2.96292591094971 3.76449108123779 4.09343194961548 4.14034700393677 4.02519416809082 4.39180278778076 4.21149682998657 4.03398418426514 3.70645308494568 3.72889494895935 3.47219610214233 3.54034304618835 3.51853609085083 3.64122295379639 3.67743611335754 3.73056697845459 3.87909197807312 3.94277095794678 3.76373910903931 3.71389389038086 3.5448009967804 3.39046096801758 3.48469209671021 3.55581402778625 3.5769829750061 3.89522099494934 4.17085218429565 4.15486288070679 4.21576499938965 -3.4e+38 -3.4e+38 -3.4e+38 -3.4e+38 -3.4e+38 -3.4e+38 -3.4e+38 -3.4e+38 -3.4e+38 -3.4e+38 -3.4e+38
4.08997106552124 2.9446849822998 2.61652207374573 2.52810502052307 2.99356889724731 2.34493398666382 3.67816996574402 4.08457803726196 4.34825706481934 4.4149751663208 4.50427198410034 3.973965883255 3.26478290557861 3.35403394699097 3.45980310440063 3.61521697044373 3.85402202606201 3.84756803512573 3.65919709205627 3.5359160900116 3.49157500267029 3.60666394233704 3.75089597702026 3.69827508926392 3.61975407600403 3.48541688919067 3.61792802810669 3.68145108222961 3.76907300949097 3.9330620765686 4.16953802108765 4.48746919631958 -3.4e+38 -3.4e+38 -3.4e+38 -3.4e+38 -3.4e+38 -3.4e+38 -3.4e+38 -3.4e+38 -3.4e+38 -3.4e+38 -3.4e+38 -3.4e+38 -3.4e+38
4.08973121643066 3.68440389633179 2.88894510269165 2.76971697807312 2.45451807975769 2.85599303245544 4.23922777175903 4.09982299804688 4.04966688156128 4.53169298171997 4.0665397644043 3.45861196517944 3.61498308181763 3.62119889259338 3.77015995979309 4.03072500228882 4.19232797622681 3.96543097496033 3.61783289909363 3.2751669883728 3.29602599143982 3.63569688796997 3.92710709571838 4.27422189712524 4.10933399200439 3.87944793701172 3.89008688926697 3.96755290031433 4.03572797775269 4.17971181869507 4.31356906890869 -3.4e+38 -3.4e+38 -3.4e+38 -3.4e+38 -3.4e+38 -3.4e+38 -3.4e+38 -3.4e+38 -3.4e+38 -3.4e+38 -3.4e+38 -3.4e+38 -3.4e+38 -3.4e+38
4.79054594039917 4.32286596298218 3.77731609344482 3.7822790145874 3.80901288986206 4.05907821655273 4.39090299606323 4.319580078125 4.46371984481812 4.19977617263794 3.80259704589844 4.0555272102356 3.91599202156067 3.73756194114685 3.65031003952026 3.79067993164062 4.02360486984253 3.7548840045929 3.31278896331787 3.40356111526489 3.58406805992126 4.04849481582642 4.54309892654419 4.99158000946045 4.68072080612183 4.34916019439697 4.18830299377441 4.18123197555542 4.1882381439209 4.26413917541504 -3.4e+38 -3.4e+38 -3.4e+38 -3.4e+38 -3.4e+38 -3.4e+38 -3.4e+38 -3.4e+38 -3.4e+38 -3.4e+38 -3.4e+38 -3.4e+38 -3.4e+38 -3.4e+38 -3.4e+38
-3.4e+38 -3.4e+38 4.89971017837524 4.78258800506592 4.73612499237061 -3.4e+38 4.55169820785522 4.18493413925171 4.06669616699219 3.94845700263977 3.95118689537048 4.1553258895874 3.68078994750977 3.46081304550171 3.55587792396545 3.73250603675842 3.872967004776 3.79994988441467 3.53856301307678 3.25175809860229 3.71644997596741 4.29026079177856 4.86365079879761 5.00100898742676 4.65100908279419 4.42495203018188 4.29312610626221 4.29176092147827 4.39447212219238 4.42345905303955 -3.4e+38 4.60882520675659 -3.4e+38 -3.4e+38 -3.4e+38 -3.4e+38 -3.4e+38 -3.4e+38 -3.4e+38 -3.4e+38 -3.4e+38 -3.4e+38 -3.4e+38 -3.4e+38 3.86696791648865
