ENMTML/All_vars/Predictors/EUR_only/bio28.asc
NCOLS 411 
NROWS 214 
XLLCORNER -11.5 
YLLCORNER 35.666666666112 
CELLSIZE 0.166666666666667 
NODATA_value -3.4e+38 
[rows 100 to 119 of 214, columns 46 to 91 of 411]
-3.4e+38 1.0648809671402 1.09141504764557 1.11467504501343 1.12856304645538 1.11518394947052 1.09395396709442 1.07372903823853 1.10489797592163 1.11441695690155 1.07564103603363 1.02645599842072 0.968684673309326 0.936192572116852 0.916275024414062 0.907993614673615 0.945584416389465 0.973168611526489 -3.4e+38 -3.4e+38 -3.4e+38 -3.4e+38 -3.4e+38 -3.4e+38 -3.4e+38 -3.4e+38 -3.4e+38 -3.4e+38 -3.4e+38 -3.4e+38 -3.4e+38 -3.4e+38 -3.4e+38 -3.4e+38 -3.4e+38 -3.4e+38 -3.4e+38 -3.4e+38 -3.4e+38 -3.4e+38 -3.4e+38 -3.4e+38 -3.4e+38 -3.4e+38 -3.4e+38 -3.4e+38
-3.4e+38 -3.4e+38 1.08223605155945 1.12643396854401 1.12398397922516 1.11695301532745 1.12653005123138 1.12349903583527 1.12073397636414 1.13139796257019 1.11147904396057 1.06697404384613 0.99420428276062 0.925180315971375 0.914615511894226 0.958079397678375 0.997850894927979 1.00507199764252 1.00399899482727 1.01057398319244 -3.4e+38 -3.4e+38 -3.4e+38 -3.4e+38 -3.4e+38 -3.4e+38 -3.4e+38 -3.4e+38 -3.4e+38 -3.4e+38 -3.4e+38 -3.4e+38 -3.4e+38 -3.4e+38 -3.4e+38 -3.4e+38 -3.4e+38 -3.4e+38 -3.4e+38 -3.4e+38 -3.4e+38 -3.4e+38 -3.4e+38 -3.4e+38 -3.4e+38 -3.4e+38
-3.4e+38 -3.4e+38 1.06362795829773 1.08269000053406 1.08189904689789 1.0882819890976 1.09962904453278 1.12268805503845 1.14617395401001 1.13808000087738 1.11616599559784 1.0775990486145 1.01170194149017 0.932022988796234 0.906847596168518 0.951902270317078 0.956656098365784 0.943013310432434 0.964193820953369 0.990555584430695 0.996622681617737 -3.4e+38 -3.4e+38 -3.4e+38 -3.4e+38 -3.4e+38 -3.4e+38 -3.4e+38 -3.4e+38 -3.4e+38 -3.4e+38 -3.4e+38 -3.4e+38 -3.4e+38 -3.4e+38 -3.4e+38 -3.4e+38 -3.4e+38 -3.4e+38 -3.4e+38 -3.4e+38 -3.4e+38 -3.4e+38 -3.4e+38 -3.4e+38 -3.4e+38
-3.4e+38 -3.4e+38 -3.4e+38 -3.4e+38 -3.4e+38 -3.4e+38 1.1012270450592 1.13363099098206 1.14273405075073 1.13367605209351 1.11031198501587 1.09479105472565 1.03600001335144 0.954098224639893 0.910069227218628 0.896602928638458 0.910611927509308 0.921063601970673 0.953600287437439 0.974355816841125 0.979501903057098 0.982329607009888 -3.4e+38 -3.4e+38 -3.4e+38 -3.4e+38 -3.4e+38 -3.4e+38 -3.4e+38 -3.4e+38 -3.4e+38 -3.4e+38 -3.4e+38 -3.4e+38 -3.4e+38 -3.4e+38 -3.4e+38 -3.4e+38 -3.4e+38 -3.4e+38 -3.4e+38 -3.4e+38 -3.4e+38 -3.4e+38 -3.4e+38 -3.4e+38
-3.4e+38 -3.4e+38 -3.4e+38 -3.4e+38 -3.4e+38 1.04796099662781 1.08970701694489 1.13692498207092 1.12987804412842 1.11747801303864 1.09215903282166 1.05613803863525 1.01302194595337 0.964576125144958 0.91946679353714 0.892282724380493 0.884068608283997 0.89177417755127 0.922397911548615 0.94399619102478 0.933742880821228 0.943704426288605 -3.4e+38 -3.4e+38 -3.4e+38 -3.4e+38 -3.4e+38 -3.4e+38 -3.4e+38 -3.4e+38 -3.4e+38 -3.4e+38 -3.4e+38 -3.4e+38 -3.4e+38 -3.4e+38 -3.4e+38 -3.4e+38 -3.4e+38 -3.4e+38 -3.4e+38 -3.4e+38 -3.4e+38 -3.4e+38 -3.4e+38 -3.4e+38
-3.4e+38 -3.4e+38 -3.4e+38 -3.4e+38 -3.4e+38 1.03342199325562 1.05777502059937 1.096156001091 1.12020099163055 1.12383794784546 1.11811602115631 1.07150304317474 1.00141203403473 0.94877302646637 0.914317011833191 0.888702392578125 0.872606575489044 0.874096274375916 0.88366162776947 0.915710270404816 0.912406384944916 0.918328523635864 0.928988695144653 -3.4e+38 -3.4e+38 -3.4e+38 -3.4e+38 -3.4e+38 -3.4e+38 -3.4e+38 -3.4e+38 -3.4e+38 -3.4e+38 -3.4e+38 -3.4e+38 -3.4e+38 -3.4e+38 -3.4e+38 -3.4e+38 -3.4e+38 -3.4e+38 -3.4e+38 -3.4e+38 -3.4e+38 -3.4e+38 -3.4e+38
-3.4e+38 -3.4e+38 -3.4e+38 -3.4e+38 0.997351109981537 1.01833999156952 1.05158805847168 1.08255898952484 1.08842802047729 1.06612694263458 1.08130300045013 1.09906494617462 1.03740501403809 0.976324379444122 0.922882676124573 0.896541178226471 0.864013314247131 0.861872673034668 0.872290313243866 0.888334274291992 0.899874091148376 0.9101802110672 0.912605226039886 -3.4e+38 -3.4e+38 -3.4e+38 -3.4e+38 -3.4e+38 -3.4e+38 -3.4e+38 -3.4e+38 -3.4e+38 -3.4e+38 -3.4e+38 -3.4e+38 -3.4e+38 -3.4e+38 -3.4e+38 -3.4e+38 -3.4e+38 -3.4e+38 -3.4e+38 -3.4e+38 -3.4e+38 -3.4e+38 -3.4e+38
-3.4e+38 -3.4e+38 -3.4e+38 -3.4e+38 0.976327300071716 0.99827378988266 1.02673196792603 1.03222894668579 1.01191699504852 0.997582316398621 1.03304696083069 1.09749400615692 1.08465301990509 1.02409696578979 0.936099708080292 0.913358986377716 0.872320592403412 0.861082971096039 0.864700615406036 0.87746262550354 0.881171584129333 0.91676652431488 0.921950399875641 0.91047078371048 0.913684487342834 -3.4e+38 -3.4e+38 -3.4e+38 -3.4e+38 -3.4e+38 -3.4e+38 -3.4e+38 -3.4e+38 -3.4e+38 -3.4e+38 -3.4e+38 -3.4e+38 -3.4e+38 -3.4e+38 -3.4e+38 -3.4e+38 -3.4e+38 -3.4e+38 -3.4e+38 -3.4e+38 -3.4e+38
1.05997502803802 1.04843199253082 1.01424694061279 1.0382479429245 0.97815352678299 0.967171907424927 0.999271988868713 1.0107079744339 0.998648822307587 1.00797402858734 1.06691098213196 1.09523296356201 1.0605800151825 1.01435601711273 0.951508581638336 0.927303671836853 0.889679372310638 0.874958872795105 0.856947720050812 0.866105318069458 0.86885267496109 0.883539378643036 0.913287997245789 0.911721229553223 0.907845020294189 -3.4e+38 -3.4e+38 -3.4e+38 -3.4e+38 -3.4e+38 -3.4e+38 -3.4e+38 -3.4e+38 -3.4e+38 -3.4e+38 -3.4e+38 -3.4e+38 -3.4e+38 -3.4e+38 -3.4e+38 -3.4e+38 -3.4e+38 -3.4e+38 -3.4e+38 -3.4e+38 -3.4e+38
1.10383796691895 1.11696803569794 1.08486497402191 1.06857800483704 1.0403219461441 0.958211123943329 0.982079029083252 0.981468677520752 0.978639125823975 1.00570404529572 1.03198099136353 1.05936205387115 1.03081595897675 0.993513584136963 0.946418285369873 0.925720393657684 0.901256620883942 0.869094729423523 0.854092299938202 0.862766325473785 0.861330211162567 0.864058673381805 0.876353025436401 0.88798850774765 0.898439824581146 -3.4e+38 -3.4e+38 -3.4e+38 -3.4e+38 -3.4e+38 -3.4e+38 -3.4e+38 -3.4e+38 -3.4e+38 -3.4e+38 -3.4e+38 -3.4e+38 -3.4e+38 -3.4e+38 -3.4e+38 -3.4e+38 -3.4e+38 -3.4e+38 -3.4e+38 -3.4e+38 -3.4e+38
1.14609205722809 1.12377500534058 1.12128102779388 1.10097205638885 1.03645801544189 0.975762128829956 0.968159794807434 0.964941322803497 0.975890874862671 0.98127418756485 0.991878092288971 0.979613721370697 0.955017805099487 0.930061280727386 0.904466211795807 0.879683673381805 0.872469425201416 0.863828778266907 0.871791899204254 0.873552799224854 0.858303725719452 0.854657173156738 0.866041421890259 0.874050915241241 -3.4e+38 -3.4e+38 0.905965805053711 0.909366011619568 0.9113649725914 0.913661420345306 0.912799477577209 0.90999299287796 -3.4e+38 -3.4e+38 -3.4e+38 -3.4e+38 -3.4e+38 -3.4e+38 -3.4e+38 -3.4e+38 -3.4e+38 -3.4e+38 -3.4e+38 -3.4e+38 -3.4e+38 -3.4e+38
1.14997100830078 1.1520140171051 1.11334502696991 1.06006705760956 1.01231801509857 0.976898014545441 0.954958200454712 0.943349421024323 0.947956383228302 0.955282926559448 0.956812024116516 0.947824418544769 0.921377420425415 0.911670386791229 0.912858903408051 0.891850113868713 0.878866374492645 0.88765287399292 0.890377879142761 0.876145482063293 0.850621402263641 0.84542590379715 0.854628801345825 0.860022723674774 0.869269371032715 0.877051472663879 0.892051517963409 0.905089914798737 0.906091928482056 0.903108298778534 0.901715695858002 0.901090085506439 0.905869007110596 -3.4e+38 -3.4e+38 -3.4e+38 -3.4e+38 -3.4e+38 -3.4e+38 -3.4e+38 -3.4e+38 -3.4e+38 -3.4e+38 -3.4e+38 -3.4e+38 -3.4e+38
1.14819502830505 1.15196096897125 1.12213099002838 1.07451295852661 1.04470300674438 1.0405650138855 0.988937079906464 0.967490494251251 0.939533889293671 0.940438807010651 0.948002815246582 0.933461487293243 0.906947314739227 0.902632713317871 0.894123911857605 0.885865390300751 0.882573306560516 0.892931580543518 0.878943622112274 0.863611817359924 0.843092322349548 0.834701180458069 0.835637271404266 0.83977198600769 0.848030626773834 0.855652987957001 0.869518220424652 0.891163408756256 0.896050989627838 0.894376516342163 0.899054825305939 0.898752510547638 0.903395771980286 0.907666921615601 -3.4e+38 -3.4e+38 -3.4e+38 -3.4e+38 -3.4e+38 -3.4e+38 -3.4e+38 -3.4e+38 -3.4e+38 -3.4e+38 -3.4e+38 -3.4e+38
1.20497798919678 1.17597794532776 1.15208494663239 1.12981498241425 1.08402299880981 1.0200070142746 0.978645086288452 0.990966618061066 0.942251324653625 0.921141028404236 0.935972809791565 0.922972798347473 0.901797115802765 0.894711017608643 0.879950284957886 0.888067185878754 0.89639812707901 0.888390004634857 0.876395225524902 0.857601583003998 0.844863176345825 0.827779173851013 0.814355075359344 0.82327401638031 0.829669415950775 0.829387009143829 0.849510073661804 0.873381793498993 0.873615086078644 0.882537484169006 0.890551686286926 0.89637017250061 0.899396300315857 0.902411580085754 -3.4e+38 -3.4e+38 -3.4e+38 -3.4e+38 -3.4e+38 -3.4e+38 -3.4e+38 -3.4e+38 -3.4e+38 -3.4e+38 -3.4e+38 -3.4e+38
1.21132099628448 1.19180905818939 1.14302599430084 1.12934398651123 1.07621896266937 1.00428795814514 0.961992681026459 0.957597315311432 0.938210427761078 0.900169312953949 0.893719971179962 0.896352529525757 0.883081912994385 0.865768671035767 0.871379375457764 0.886663019657135 0.885760128498077 0.875896513462067 0.870737195014954 0.856744110584259 0.842037200927734 0.822315871715546 0.821917772293091 0.818848609924316 0.818463385105133 0.831198215484619 0.843012928962708 0.852882027626038 0.862654328346252 0.870983779430389 0.880302429199219 0.886237680912018 0.888454914093018 -3.4e+38 -3.4e+38 -3.4e+38 -3.4e+38 -3.4e+38 -3.4e+38 -3.4e+38 -3.4e+38 -3.4e+38 -3.4e+38 -3.4e+38 -3.4e+38 -3.4e+38
1.17487800121307 1.17283797264099 1.14900195598602 1.11229002475739 1.07648301124573 1.00241994857788 0.961801588535309 0.945234477519989 0.940123021602631 0.899117410182953 0.893572628498077 0.883504927158356 0.886234879493713 0.872864305973053 0.883930921554565 0.878658413887024 0.884888887405396 0.878621995449066 0.870071589946747 0.859528422355652 0.836408376693726 0.831608474254608 0.840601801872253 0.83976012468338 0.838386476039886 0.834553420543671 0.825366318225861 0.83415561914444 0.846669912338257 0.848636627197266 0.860278606414795 0.866623818874359 0.875501215457916 -3.4e+38 -3.4e+38 -3.4e+38 -3.4e+38 -3.4e+38 -3.4e+38 -3.4e+38 -3.4e+38 -3.4e+38 -3.4e+38 -3.4e+38 -3.4e+38 -3.4e+38
1.17225003242493 1.17070996761322 1.15248095989227 1.11218094825745 1.11454200744629 1.02869498729706 0.992400586605072 0.961673080921173 0.932886600494385 0.900871217250824 0.918099999427795 0.936596870422363 0.907225906848907 0.884563803672791 0.874774694442749 0.865067422389984 0.87315958738327 0.880128026008606 0.880366802215576 0.878993272781372 0.868931710720062 0.86062628030777 0.864194512367249 0.860418617725372 0.847302675247192 0.825963973999023 0.817485511302948 0.819242119789124 0.826952278614044 0.835219919681549 0.839955270290375 -3.4e+38 -3.4e+38 -3.4e+38 -3.4e+38 -3.4e+38 -3.4e+38 -3.4e+38 -3.4e+38 -3.4e+38 -3.4e+38 -3.4e+38 -3.4e+38 -3.4e+38 -3.4e+38 -3.4e+38
1.14295101165771 1.15603601932526 1.14236998558044 1.13322901725769 1.09976196289062 1.02015495300293 1.00714695453644 0.98610657453537 0.933243572711945 0.940610587596893 0.951713681221008 0.912037670612335 0.877932071685791 0.858291387557983 0.858390688896179 0.867713510990143 0.878306686878204 0.886935114860535 0.899978220462799 0.892909586429596 0.876456797122955 0.867016911506653 0.851106584072113 0.849345982074738 0.84452211856842 0.833221614360809 0.822340071201324 0.812732219696045 0.815906226634979 0.830443680286407 -3.4e+38 -3.4e+38 -3.4e+38 -3.4e+38 -3.4e+38 -3.4e+38 -3.4e+38 -3.4e+38 -3.4e+38 -3.4e+38 -3.4e+38 -3.4e+38 -3.4e+38 -3.4e+38 -3.4e+38 0.977772176265717
1.12017500400543 1.1272280216217 1.1080379486084 1.08334600925446 1.05624401569366 1.01835203170776 0.998591303825378 0.964600801467896 0.957451701164246 0.95948988199234 0.919710099697113 0.897479116916656 0.885299682617188 0.887771904468536 0.890424013137817 0.891412079334259 0.899453520774841 0.909267127513885 0.887354075908661 0.869218409061432 0.850749611854553 0.845398426055908 0.820636689662933 0.826392114162445 0.838179528713226 0.838687300682068 0.828498482704163 0.817153692245483 0.814951419830322 -3.4e+38 -3.4e+38 -3.4e+38 -3.4e+38 -3.4e+38 -3.4e+38 -3.4e+38 -3.4e+38 -3.4e+38 -3.4e+38 -3.4e+38 -3.4e+38 -3.4e+38 -3.4e+38 -3.4e+38 0.973070979118347 0.969407021999359
-3.4e+38 1.08547401428223 1.07274997234344 1.05543696880341 -3.4e+38 1.00582194328308 1.00498998165131 0.985679507255554 0.972147285938263 0.952940225601196 0.920895516872406 0.926932871341705 0.923965513706207 0.913547813892365 0.913869380950928 0.912088215351105 0.904432713985443 0.897842526435852 0.895439505577087 0.862892508506775 0.83550637960434 0.832609593868256 0.829507172107697 0.845009922981262 0.850902616977692 0.85386061668396 0.853122413158417 0.849417388439178 0.853920519351959 -3.4e+38 0.8569176197052 -3.4e+38 -3.4e+38 -3.4e+38 -3.4e+38 -3.4e+38 -3.4e+38 -3.4e+38 -3.4e+38 -3.4e+38 -3.4e+38 -3.4e+38 -3.4e+38 0.966388583183289 0.968370497226715 0.961794972419739
