ENMTML/All_vars/Predictors/EUR_only/bio28.asc
NCOLS 440 
NROWS 275 
XLLCORNER -11.5 
YLLCORNER 25.4999999994691 
CELLSIZE 0.166666666666667 
NODATA_value -3.4e+38 
[rows 20 to 39 of 275, columns 184 to 229 of 440]
0.850193023681641 0.856232285499573 0.851155400276184 0.837315082550049 0.829972684383392 0.828131914138794 0.823305726051331 0.800751984119415 0.803746283054352 0.785560488700867 0.785910129547119 0.783877909183502 0.776585400104523 0.783071279525757 0.783374309539795 0.782838821411133 0.779202818870544 0.763652324676514 0.767805516719818 0.780409276485443 0.793247520923615 0.789521992206573 0.787718594074249 0.779092907905579 0.769984483718872 0.765390574932098 0.764957189559937 0.774041175842285 0.784852921962738 0.790093719959259 0.795823693275452 0.780019581317902 0.766001880168915 0.757721185684204 0.748656392097473 0.745977222919464 0.747575521469116 0.746922314167023 0.753855586051941 0.774690389633179 0.779524326324463 0.776867270469666 0.77808690071106 0.777234077453613 0.768964827060699 0.757731974124908
0.849863111972809 0.832924485206604 0.845901310443878 0.839745223522186 0.81491082906723 0.817320823669434 0.8244668841362 0.830524086952209 0.816888570785522 0.797722578048706 0.77427089214325 0.773494482040405 0.754678606987 0.751900911331177 0.752209186553955 0.763999819755554 0.766098380088806 0.767846584320068 0.762404918670654 0.770336270332336 0.771571278572083 0.774386525154114 0.778570711612701 0.773187518119812 0.774576604366302 0.76690548658371 0.777752101421356 0.778875589370728 0.792415678501129 0.792350113391876 0.796480000019073 0.782939374446869 0.772548794746399 0.766621470451355 0.76135128736496 0.761777520179749 0.760522723197937 0.765690386295319 0.770847916603088 0.779594898223877 0.779510021209717 0.787627220153809 0.787902414798737 0.781107485294342 0.7752885222435 0.775470912456512
0.848337173461914 0.820327281951904 0.808116614818573 0.824229717254639 0.810455024242401 0.824150621891022 0.822392821311951 0.818066000938416 0.829303026199341 0.812185287475586 0.791167199611664 0.792542815208435 0.795293211936951 0.782416522502899 0.772702574729919 0.770793974399567 0.768761992454529 0.757853507995605 0.757175922393799 0.764425098896027 0.7667515873909 0.771972417831421 0.784061074256897 0.792262673377991 0.787381827831268 0.775595784187317 0.774943172931671 0.790256321430206 0.782783329486847 0.792018115520477 0.805135190486908 0.786105275154114 0.787066221237183 0.779639422893524 0.769127190113068 0.76755028963089 0.772949576377869 0.773877382278442 0.772829592227936 0.78390097618103 0.784841120243073 0.786892712116241 0.79072117805481 0.787498414516449 0.791242897510529 0.785711228847504
0.803978323936462 0.800526201725006 0.824994921684265 0.813522815704346 0.822292327880859 0.833013772964478 0.837859272956848 0.844713628292084 0.837531328201294 0.816867589950562 0.813807010650635 0.798366904258728 0.792050182819366 0.788294672966003 0.784377574920654 0.792065978050232 0.783054828643799 0.772535502910614 0.75789612531662 0.759417712688446 0.762117505073547 0.76904308795929 0.777815818786621 0.778476476669312 0.771872580051422 0.771267712116241 0.776665687561035 0.77977442741394 0.785502016544342 0.78879988193512 0.787441372871399 0.793520629405975 0.788321673870087 0.784341275691986 0.782275795936584 0.78672331571579 0.787747383117676 0.79032289981842 0.787994384765625 0.792152404785156 0.797240376472473 0.79690021276474 0.807154476642609 0.806482017040253 0.802076816558838 0.804240882396698
0.809591472148895 0.79378342628479 0.804551899433136 0.790430009365082 0.792630314826965 0.80878347158432 0.811146020889282 0.817588686943054 0.818227410316467 0.826119720935822 0.824842512607574 0.819291114807129 0.807246685028076 0.786629378795624 0.786288022994995 0.809379816055298 0.798934578895569 0.783204913139343 0.773930072784424 0.768831014633179 0.769580125808716 0.770288288593292 0.77311247587204 0.778653383255005 0.780559480190277 0.786845922470093 0.782966375350952 0.785018622875214 0.792619585990906 0.79570209980011 0.802295386791229 0.806976497173309 0.80152028799057 0.793682277202606 0.792450070381165 0.79699432849884 0.795769274234772 0.79544472694397 0.797686576843262 0.799310386180878 0.801943123340607 0.815107405185699 0.827612519264221 0.819748818874359 0.820604026317596 0.81480598449707
0.810774385929108 0.785977125167847 0.780248284339905 0.77191287279129 0.792550623416901 0.812809526920319 0.809926986694336 0.810088813304901 0.828926503658295 0.801786601543427 0.800137281417847 0.785368084907532 0.783088982105255 0.78552508354187 0.787217080593109 0.779874503612518 0.784793615341187 0.802700281143188 0.783550202846527 0.781190872192383 0.772826373577118 0.780692219734192 0.793739318847656 0.80307412147522 0.809690713882446 0.802288472652435 0.80022931098938 0.800867319107056 0.79841548204422 0.806839287281036 0.808813273906708 0.810132324695587 0.807073175907135 0.803595900535583 0.797006905078888 0.793122112751007 0.799392819404602 0.815102279186249 0.806002914905548 0.807786285877228 0.813748478889465 0.827159285545349 0.822616815567017 0.821185708045959 0.826275885105133 0.832265615463257
0.783611178398132 0.795786499977112 0.797660827636719 0.777060687541962 0.806550621986389 0.794727683067322 0.805729389190674 0.821217119693756 0.811846315860748 0.816465973854065 0.821824729442596 0.8180872797966 0.798316776752472 0.785100221633911 0.774857521057129 0.780643820762634 0.775278627872467 0.790536105632782 0.793686807155609 0.793095827102661 0.787799000740051 0.782612919807434 0.793276786804199 0.801443576812744 0.820604920387268 0.814136326313019 0.805158495903015 0.797616481781006 0.799189686775208 0.815604209899902 0.822271823883057 0.814988672733307 0.820307314395905 0.82098388671875 0.805098474025726 0.808075070381165 0.80467277765274 0.80110490322113 0.807869493961334 0.815774917602539 0.828779816627502 0.821503818035126 0.822856426239014 0.826468586921692 0.835777819156647 0.836503684520721
0.766063988208771 0.770158588886261 0.779829680919647 0.775855004787445 0.771904826164246 0.774202823638916 0.785272419452667 0.813661873340607 0.822992384433746 0.817718923091888 0.809914827346802 0.816471815109253 0.827640473842621 0.818322122097015 0.810037076473236 0.797020375728607 0.786686718463898 0.78342741727829 0.781831622123718 0.801703810691833 0.801089823246002 0.794419825077057 0.804930627346039 0.807928919792175 0.821171820163727 0.834347128868103 0.825856983661652 0.817053318023682 0.806235313415527 0.830183982849121 0.826400279998779 0.818992674350739 0.819640874862671 0.817919671535492 0.823028087615967 0.82499772310257 0.817229390144348 0.8045254945755 0.807380974292755 0.817696392536163 0.823980927467346 0.82119607925415 0.816341996192932 0.825936317443848 0.828115820884705 0.82999587059021
0.803319573402405 0.788473129272461 0.779078185558319 0.776804208755493 0.780516922473907 0.783078789710999 0.793122410774231 0.773474216461182 0.804000318050385 0.819934010505676 0.814108908176422 0.816069424152374 0.826059222221375 0.833452820777893 0.829963028430939 0.820776581764221 0.807420313358307 0.799158215522766 0.793365478515625 0.792734980583191 0.806313693523407 0.801809787750244 0.812569975852966 0.822571218013763 0.823902487754822 0.829900979995728 0.835794627666473 0.828429579734802 0.827998280525208 0.842301785945892 0.836833477020264 0.824540674686432 0.822308003902435 0.822317779064178 0.827096581459045 0.826194524765015 0.82136058807373 0.815534114837646 0.813140511512756 0.814545512199402 0.815178275108337 0.808688521385193 0.814998805522919 0.822597920894623 0.819211423397064 0.822871327400208
0.845818519592285 0.841321170330048 0.819847404956818 0.816117823123932 0.819268584251404 0.806941211223602 0.79635888338089 0.784052073955536 0.776619374752045 0.789552986621857 0.80360347032547 0.806657016277313 0.812750518321991 0.816640317440033 0.821536779403687 0.809157729148865 0.830031275749207 0.832415580749512 0.807903528213501 0.800053775310516 0.799887418746948 0.805611193180084 0.805340111255646 0.819909870624542 0.836696803569794 0.839707374572754 0.828389286994934 0.838708221912384 0.844588875770569 0.841443717479706 0.843136787414551 0.833705723285675 0.838900089263916 0.837150394916534 0.831807315349579 0.824782013893127 0.814191222190857 0.80797278881073 0.814631223678589 0.823619425296783 0.813994288444519 0.808381497859955 0.809275209903717 0.815446674823761 0.819626212120056 0.824362993240356
0.875676870346069 0.864540278911591 0.851306021213531 0.841189026832581 0.837792873382568 0.831030189990997 0.811307728290558 0.799829721450806 0.801238179206848 0.78953218460083 0.789504408836365 0.797180414199829 0.80944037437439 0.80163311958313 0.803461313247681 0.795586884021759 0.809420883655548 0.825151920318604 0.824101090431213 0.81761622428894 0.819450318813324 0.813839316368103 0.815806329250336 0.830801725387573 0.838175117969513 0.843112409114838 0.840447902679443 0.844065487384796 0.847166180610657 0.853729009628296 0.854095280170441 0.851040720939636 0.841273725032806 0.828079581260681 0.8217893242836 0.815441429615021 0.806755304336548 0.810038387775421 0.813183188438416 0.812904119491577 0.813798904418945 0.824464917182922 0.827084422111511 0.825040221214294 0.831824719905853 0.831855595111847
0.844590425491333 0.84083878993988 0.835368871688843 0.824801981449127 0.813958287239075 0.821246027946472 0.828853189945221 0.827262103557587 0.820597112178802 0.802765488624573 0.788646817207336 0.802216470241547 0.811070382595062 0.809454917907715 0.804903090000153 0.79447078704834 0.803560376167297 0.811591923236847 0.818969428539276 0.816946089267731 0.814661026000977 0.813336670398712 0.821083426475525 0.833209812641144 0.83862441778183 0.840264081954956 0.841054081916809 0.846215605735779 0.84736567735672 0.853738725185394 0.851875424385071 0.841711103916168 0.834742188453674 0.824660420417786 0.813327789306641 0.808175027370453 0.804680109024048 0.807251274585724 0.813298285007477 0.816403090953827 0.816836714744568 0.818733274936676 0.818917512893677 0.82258528470993 0.827851116657257 0.833546221256256
0.844177186489105 0.827644526958466 0.834646284580231 0.824937582015991 0.818765878677368 0.799777626991272 0.808158993721008 0.816957175731659 0.828666627407074 0.829180300235748 0.820730328559875 0.819360613822937 0.801015377044678 0.803785979747772 0.803966224193573 0.799229681491852 0.807253122329712 0.804373919963837 0.808449327945709 0.806819915771484 0.811327397823334 0.815774619579315 0.820599377155304 0.825860381126404 0.833206713199615 0.83342319726944 0.844001412391663 0.849128723144531 0.855021715164185 0.852792620658875 0.847927510738373 0.841349422931671 0.831433117389679 0.823430299758911 0.813688397407532 0.813713371753693 0.808366417884827 0.802893817424774 0.801914989948273 0.805445075035095 0.809739708900452 0.81158572435379 0.812014281749725 0.814372301101685 0.818398475646973 0.823120474815369
0.867278814315796 0.853665590286255 0.845385074615479 0.847562909126282 0.839414179325104 0.849177718162537 0.834216892719269 0.831308484077454 0.804065883159637 0.821806073188782 0.810848414897919 0.817305386066437 0.819820284843445 0.822415590286255 0.812061488628387 0.802564382553101 0.80311381816864 0.80475389957428 0.805938184261322 -3.4e+38 -3.4e+38 -3.4e+38 0.819302499294281 0.822974979877472 0.827861428260803 -3.4e+38 -3.4e+38 0.843862116336823 0.848981320858002 -3.4e+38 -3.4e+38 0.839451670646667 0.824330985546112 0.816381871700287 0.811138689517975 0.804092109203339 0.796984910964966 0.796903192996979 0.796171188354492 0.799522519111633 0.80148047208786 0.804594874382019 0.809576570987701 0.817144811153412 0.818700671195984 0.821999073028564
0.859046101570129 0.862009406089783 0.86222642660141 0.857484877109528 0.868381977081299 0.87673282623291 0.871066927909851 0.859600722789764 0.845714390277863 0.836915075778961 0.82744288444519 0.824226379394531 0.819933712482452 0.825626909732819 0.818807482719421 0.813578903675079 0.809290885925293 0.812493085861206 0.813379228115082 -3.4e+38 -3.4e+38 -3.4e+38 -3.4e+38 -3.4e+38 -3.4e+38 -3.4e+38 -3.4e+38 -3.4e+38 -3.4e+38 -3.4e+38 -3.4e+38 -3.4e+38 -3.4e+38 -3.4e+38 -3.4e+38 0.791305899620056 0.785046577453613 0.785343825817108 0.787525415420532 0.792128205299377 0.792774021625519 0.795827627182007 0.800569593906403 0.804409325122833 0.812089681625366 0.819394886493683
0.876310586929321 0.869697511196136 0.863810896873474 0.865442216396332 0.868245124816895 0.871963798999786 0.8702232837677 0.875590682029724 0.871019184589386 0.863276898860931 0.848488986492157 0.83120059967041 0.821369111537933 0.8215411901474 0.818858623504639 0.81751537322998 0.815535128116608 -3.4e+38 -3.4e+38 -3.4e+38 -3.4e+38 -3.4e+38 -3.4e+38 -3.4e+38 -3.4e+38 -3.4e+38 -3.4e+38 -3.4e+38 -3.4e+38 -3.4e+38 -3.4e+38 -3.4e+38 -3.4e+38 -3.4e+38 -3.4e+38 -3.4e+38 -3.4e+38 0.769214689731598 0.772746980190277 0.777799725532532 0.782924711704254 0.791480183601379 0.798515021800995 0.801517009735107 0.807697772979736 0.81377762556076
0.863772392272949 0.873129189014435 0.870102882385254 0.872711718082428 0.868899822235107 0.866027295589447 0.865996778011322 0.87166428565979 0.869461178779602 0.868484914302826 0.863112509250641 0.8505539894104 0.835589408874512 0.830928027629852 0.825492084026337 -3.4e+38 -3.4e+38 -3.4e+38 -3.4e+38 -3.4e+38 -3.4e+38 -3.4e+38 -3.4e+38 -3.4e+38 -3.4e+38 -3.4e+38 -3.4e+38 -3.4e+38 -3.4e+38 -3.4e+38 -3.4e+38 -3.4e+38 -3.4e+38 -3.4e+38 -3.4e+38 -3.4e+38 0.759393870830536 0.76183408498764 0.76485151052475 0.772754371166229 0.778785884380341 0.790052711963654 0.801374018192291 0.802710175514221 0.807113885879517 0.80986362695694
0.857343912124634 0.855516910552979 0.855669319629669 0.85899829864502 0.865620017051697 0.870257973670959 0.870421409606934 0.864817202091217 0.874270081520081 0.86120742559433 0.853543817996979 0.845515012741089 0.843046128749847 0.835198283195496 -3.4e+38 -3.4e+38 -3.4e+38 -3.4e+38 -3.4e+38 -3.4e+38 -3.4e+38 -3.4e+38 -3.4e+38 -3.4e+38 -3.4e+38 -3.4e+38 -3.4e+38 -3.4e+38 -3.4e+38 -3.4e+38 -3.4e+38 -3.4e+38 -3.4e+38 0.789712071418762 -3.4e+38 -3.4e+38 -3.4e+38 0.74689120054245 0.755643129348755 0.76504522562027 0.776865005493164 0.784974575042725 0.791641592979431 0.802644789218903 0.803898572921753 0.814480185508728
0.872579991817474 0.868432223796844 0.867743015289307 0.864632189273834 0.858117580413818 0.861379086971283 0.866107821464539 0.864854395389557 0.856481373310089 0.85786247253418 0.848155379295349 0.842215180397034 0.838914573192596 -3.4e+38 -3.4e+38 -3.4e+38 -3.4e+38 -3.4e+38 -3.4e+38 -3.4e+38 -3.4e+38 -3.4e+38 -3.4e+38 -3.4e+38 -3.4e+38 -3.4e+38 -3.4e+38 -3.4e+38 -3.4e+38 -3.4e+38 -3.4e+38 -3.4e+38 -3.4e+38 0.787878513336182 0.776475012302399 0.75931578874588 0.738811016082764 0.729186415672302 0.743388891220093 0.762571215629578 0.774761080741882 0.786992073059082 0.78866708278656 0.799267172813416 0.808447420597076 0.816135585308075
0.861661970615387 0.87518322467804 0.877553224563599 0.874386310577393 0.873112797737122 0.874496281147003 0.871537029743195 0.862347781658173 0.855276823043823 0.85245680809021 0.852211892604828 0.848056018352509 0.848672389984131 -3.4e+38 -3.4e+38 -3.4e+38 -3.4e+38 -3.4e+38 -3.4e+38 -3.4e+38 -3.4e+38 -3.4e+38 -3.4e+38 -3.4e+38 -3.4e+38 -3.4e+38 -3.4e+38 -3.4e+38 -3.4e+38 -3.4e+38 -3.4e+38 -3.4e+38 0.796312272548676 0.790568113327026 0.784602880477905 0.774233222007751 0.759922921657562 0.752329111099243 0.751582503318787 0.763690590858459 0.774128079414368 0.786295175552368 0.796654284000397 0.805566728115082 0.811431705951691 0.821896910667419
