ENMTML/All_vars/Predictors/EUR_only/bio28.asc
NCOLS 440 
NROWS 275 
XLLCORNER -11.5 
YLLCORNER 25.4999999994691 
CELLSIZE 0.166666666666667 
NODATA_value -3.4e+38 
[rows 20 to 39 of 275, columns 276 to 321 of 440]
0.92439591884613 0.915831923484802 0.898726284503937 0.845288217067719 0.837004125118256 0.849356174468994 0.849283576011658 0.859322905540466 0.865875601768494 0.868451178073883 0.886197984218597 0.890048384666443 0.895063102245331 0.890392780303955 0.889411687850952 0.889790892601013 0.889553785324097 0.897084474563599 0.892118573188782 0.884872376918793 0.886171698570251 0.879664778709412 0.877173006534576 0.867276310920715 0.863358616828918 0.860008120536804 0.849294424057007 0.862749516963959 0.851309180259705 0.848823726177216 0.842601120471954 0.850646078586578 0.85126930475235 0.832213222980499 0.810910820960999 -3.4e+38 -3.4e+38 -3.4e+38 -3.4e+38 -3.4e+38 -3.4e+38 -3.4e+38 -3.4e+38 -3.4e+38 -3.4e+38 -3.4e+38
0.951020300388336 0.923408985137939 0.887290179729462 0.832539498806 0.842827498912811 0.841437876224518 0.853930115699768 0.858105182647705 0.8654865026474 0.869831919670105 0.86930912733078 0.881835877895355 0.884755373001099 0.893620908260345 0.898199677467346 0.899139225482941 0.901255786418915 0.890086710453033 0.884534180164337 0.878221809864044 0.876520216464996 0.880280017852783 0.871857225894928 0.872693777084351 0.85702508687973 0.853488922119141 0.859595477581024 0.869668483734131 0.867937207221985 0.874801874160767 0.868391811847687 0.868726909160614 0.855216085910797 0.848348498344421 0.837310492992401 0.829520583152771 0.815238475799561 0.814805805683136 0.815666496753693 -3.4e+38 -3.4e+38 -3.4e+38 -3.4e+38 -3.4e+38 -3.4e+38 -3.4e+38
0.842502772808075 0.844117403030396 0.8453608751297 0.834749519824982 0.843827128410339 0.851108074188232 0.848604917526245 0.846508383750916 0.856033980846405 0.85195928812027 0.852006673812866 0.8567134141922 0.862584888935089 0.885549485683441 0.879912912845612 0.889363527297974 0.884627521038055 0.882250070571899 0.888505697250366 0.883481502532959 0.877301692962646 0.872748076915741 0.878343284130096 0.866433382034302 0.868653774261475 0.85932731628418 0.865166485309601 0.871807873249054 0.871501684188843 0.871028423309326 0.869135618209839 0.864585816860199 0.860349178314209 0.856899201869965 0.855854690074921 0.847433090209961 0.843549013137817 0.839594602584839 0.831087172031403 -3.4e+38 -3.4e+38 -3.4e+38 -3.4e+38 -3.4e+38 -3.4e+38 -3.4e+38
0.858702778816223 0.847474575042725 0.847502171993256 0.833716690540314 0.830868422985077 0.840879321098328 0.852921783924103 0.855852484703064 0.850086271762848 0.846301972866058 0.844501674175262 0.845939815044403 0.854500889778137 0.861096978187561 0.866581678390503 0.87225079536438 0.865698218345642 0.860422670841217 0.860144793987274 0.862282812595367 0.858619213104248 0.854111909866333 0.857384026050568 0.860178887844086 0.853064000606537 0.854463815689087 0.86678272485733 0.86769312620163 0.861098170280457 0.854889392852783 0.857298910617828 0.855193972587585 0.859277009963989 0.859006583690643 0.856127023696899 0.852946221828461 0.845010876655579 0.843793213367462 0.837158977985382 0.832575082778931 -3.4e+38 -3.4e+38 -3.4e+38 -3.4e+38 -3.4e+38 -3.4e+38
0.85251647233963 0.846723973751068 0.833500325679779 0.831548690795898 0.826045989990234 0.825709879398346 0.828040719032288 0.840179085731506 0.838184177875519 0.837564527988434 0.842121005058289 0.848173201084137 0.852678716182709 0.856864273548126 0.863486289978027 0.863990783691406 0.855246603488922 0.852877974510193 0.8502277135849 0.85150271654129 0.850964784622192 0.849739193916321 0.85361909866333 0.855220973491669 0.845713317394257 0.851219892501831 0.852846324443817 0.855446875095367 0.854537427425385 0.851657807826996 0.844299793243408 0.845464527606964 0.846577405929565 0.848393619060516 0.852850377559662 0.850794970989227 0.849485814571381 0.849263787269592 0.840960025787354 0.834253072738647 0.827800571918488 -3.4e+38 -3.4e+38 -3.4e+38 -3.4e+38 -3.4e+38
0.837386071681976 0.830069720745087 0.830671429634094 0.81556898355484 0.809362888336182 0.80882602930069 0.803520679473877 0.809754073619843 0.812220096588135 0.824260413646698 0.827679693698883 0.833731710910797 0.84735232591629 0.850868582725525 0.85199248790741 0.855458080768585 0.847960710525513 0.847583174705505 0.842629611492157 0.837541520595551 0.835351288318634 0.842272520065308 0.841305375099182 0.842248976230621 0.842549920082092 0.85110878944397 0.848136425018311 0.844354212284088 0.834541380405426 0.842125773429871 0.843078017234802 0.840205192565918 0.848007500171661 0.844156384468079 0.843422412872314 0.842779695987701 0.848066508769989 0.846957325935364 0.843871474266052 0.840036571025848 0.827885389328003 -3.4e+38 -3.4e+38 -3.4e+38 -3.4e+38 -3.4e+38
0.819562017917633 0.815839886665344 0.807617425918579 0.803850710391998 0.801197111606598 0.796655595302582 0.794617176055908 0.789801180362701 0.787935376167297 0.804794490337372 0.820876717567444 0.823050916194916 0.824596524238586 0.83078008890152 0.841379582881927 0.844571113586426 0.841475129127502 0.839489579200745 0.844235420227051 0.839050710201263 0.84258097410202 0.845803201198578 0.844468891620636 0.843505799770355 0.847354710102081 0.841858923435211 0.843344688415527 0.844583511352539 0.845580995082855 0.849389970302582 0.851603209972382 0.847425282001495 0.850421607494354 0.84967827796936 0.846431970596313 0.853776276111603 0.851908802986145 0.84853732585907 0.848101615905762 0.838167071342468 0.825626194477081 -3.4e+38 -3.4e+38 -3.4e+38 -3.4e+38 -3.4e+38
0.80804967880249 0.799281477928162 0.791997075080872 0.790974199771881 0.786677420139313 0.792459726333618 0.79260379076004 0.788929581642151 0.783581376075745 0.788828670978546 0.803743898868561 0.810328006744385 0.813093423843384 0.818771421909332 0.822666227817535 0.830779194831848 0.833037316799164 0.832035422325134 0.837998926639557 0.835186719894409 0.832878828048706 0.828046321868896 0.8332799077034 0.840480029582977 0.843474507331848 0.841459274291992 0.843492209911346 0.842538714408875 0.84288489818573 0.845969319343567 0.850067615509033 0.853521108627319 0.849689483642578 0.84928822517395 0.849891602993011 0.848527729511261 0.850432515144348 0.837168395519257 0.824436783790588 0.819427192211151 -3.4e+38 -3.4e+38 -3.4e+38 -3.4e+38 -3.4e+38 -3.4e+38
0.793835699558258 0.775853276252747 0.769017219543457 0.769228875637054 0.76870858669281 0.771518111228943 0.775331795215607 0.776131987571716 0.774751126766205 0.774654686450958 0.780327320098877 0.784076392650604 0.792618215084076 0.804038286209106 0.811181783676147 0.815040826797485 0.823283493518829 0.824145317077637 0.822993874549866 0.833041608333588 0.837669789791107 0.829635620117188 0.830607116222382 0.831312775611877 0.832298278808594 0.83573579788208 0.830332577228546 0.837005376815796 0.839281916618347 0.838158011436462 0.836701810359955 0.843516886234283 0.845407426357269 0.840869784355164 0.840686917304993 0.830976724624634 0.816422820091248 0.809160888195038 -3.4e+38 -3.4e+38 -3.4e+38 -3.4e+38 -3.4e+38 -3.4e+38 -3.4e+38 -3.4e+38
-3.4e+38 -3.4e+38 -3.4e+38 -3.4e+38 -3.4e+38 0.749561011791229 0.756349325180054 0.761124074459076 0.764950215816498 0.766979217529297 0.773871302604675 0.775686919689178 0.77424567937851 0.775933086872101 0.77875429391861 0.793529510498047 0.805412113666534 0.808312594890594 0.809098184108734 0.817192375659943 0.821229219436646 0.824562311172485 0.821304023265839 0.824812114238739 0.826625883579254 0.831524729728699 0.828480005264282 0.827852725982666 0.825460076332092 0.826341092586517 0.829431116580963 0.823513686656952 0.820444285869598 0.819011688232422 0.812948524951935 0.805976688861847 -3.4e+38 -3.4e+38 -3.4e+38 -3.4e+38 -3.4e+38 -3.4e+38 -3.4e+38 -3.4e+38 -3.4e+38 0.826659321784973
-3.4e+38 -3.4e+38 -3.4e+38 -3.4e+38 -3.4e+38 -3.4e+38 -3.4e+38 -3.4e+38 -3.4e+38 -3.4e+38 -3.4e+38 0.76100081205368 0.760583817958832 0.755018293857574 0.764225423336029 0.769924998283386 0.777449309825897 0.785850882530212 0.796583414077759 0.797837972640991 0.805421411991119 0.80974292755127 0.813395082950592 0.813833773136139 0.811677277088165 0.80996972322464 0.811808288097382 0.806383728981018 0.803784012794495 0.79861181974411 0.796447396278381 0.794643700122833 0.795448899269104 0.793657779693604 -3.4e+38 -3.4e+38 -3.4e+38 -3.4e+38 -3.4e+38 -3.4e+38 -3.4e+38 -3.4e+38 -3.4e+38 0.823256075382233 0.824963510036469 0.828789591789246
-3.4e+38 -3.4e+38 -3.4e+38 -3.4e+38 -3.4e+38 -3.4e+38 -3.4e+38 -3.4e+38 -3.4e+38 -3.4e+38 -3.4e+38 -3.4e+38 -3.4e+38 -3.4e+38 -3.4e+38 -3.4e+38 -3.4e+38 -3.4e+38 -3.4e+38 0.776443779468536 0.782289505004883 0.788042783737183 0.791242301464081 0.792140007019043 0.794598817825317 0.793142974376678 0.790564119815826 0.78309828042984 -3.4e+38 -3.4e+38 -3.4e+38 -3.4e+38 -3.4e+38 -3.4e+38 -3.4e+38 -3.4e+38 -3.4e+38 -3.4e+38 -3.4e+38 -3.4e+38 0.822699904441833 0.823548913002014 0.826310575008392 0.829198598861694 0.833493590354919 0.83446341753006
0.740492522716522 0.707002818584442 -3.4e+38 -3.4e+38 -3.4e+38 -3.4e+38 -3.4e+38 -3.4e+38 -3.4e+38 -3.4e+38 -3.4e+38 -3.4e+38 -3.4e+38 -3.4e+38 -3.4e+38 -3.4e+38 -3.4e+38 -3.4e+38 -3.4e+38 -3.4e+38 -3.4e+38 -3.4e+38 -3.4e+38 -3.4e+38 -3.4e+38 -3.4e+38 -3.4e+38 -3.4e+38 -3.4e+38 -3.4e+38 -3.4e+38 -3.4e+38 -3.4e+38 -3.4e+38 -3.4e+38 -3.4e+38 0.810295581817627 0.814543128013611 0.820356786251068 0.819349110126495 0.825958490371704 0.834985017776489 0.838104784488678 0.835765898227692 0.828752219676971 0.8423752784729
0.733229577541351 0.716790080070496 0.70891410112381 -3.4e+38 -3.4e+38 -3.4e+38 -3.4e+38 -3.4e+38 -3.4e+38 -3.4e+38 -3.4e+38 -3.4e+38 -3.4e+38 -3.4e+38 -3.4e+38 -3.4e+38 -3.4e+38 -3.4e+38 -3.4e+38 -3.4e+38 -3.4e+38 -3.4e+38 -3.4e+38 -3.4e+38 -3.4e+38 -3.4e+38 -3.4e+38 -3.4e+38 -3.4e+38 -3.4e+38 -3.4e+38 -3.4e+38 -3.4e+38 -3.4e+38 0.808742582798004 0.815643429756165 0.818211615085602 0.827594876289368 0.835769474506378 0.835705578327179 0.836341321468353 0.838334500789642 0.839629709720612 0.837963223457336 0.837505221366882 0.846306920051575
0.747465074062347 0.73751699924469 -3.4e+38 -3.4e+38 -3.4e+38 -3.4e+38 -3.4e+38 -3.4e+38 -3.4e+38 -3.4e+38 -3.4e+38 -3.4e+38 -3.4e+38 -3.4e+38 -3.4e+38 -3.4e+38 -3.4e+38 -3.4e+38 -3.4e+38 -3.4e+38 -3.4e+38 -3.4e+38 -3.4e+38 -3.4e+38 -3.4e+38 -3.4e+38 -3.4e+38 -3.4e+38 -3.4e+38 -3.4e+38 -3.4e+38 0.797702074050903 0.803923487663269 0.819457709789276 0.82317727804184 0.819634318351746 0.831585228443146 0.841698527336121 0.846065521240234 0.84913969039917 0.849543690681458 0.848623692989349 0.848448216915131 0.845952272415161 0.848943293094635 0.855162382125854
0.752781689167023 -3.4e+38 -3.4e+38 -3.4e+38 -3.4e+38 -3.4e+38 -3.4e+38 -3.4e+38 -3.4e+38 -3.4e+38 -3.4e+38 -3.4e+38 -3.4e+38 -3.4e+38 -3.4e+38 -3.4e+38 -3.4e+38 -3.4e+38 -3.4e+38 -3.4e+38 -3.4e+38 -3.4e+38 -3.4e+38 -3.4e+38 -3.4e+38 -3.4e+38 -3.4e+38 -3.4e+38 -3.4e+38 -3.4e+38 -3.4e+38 0.80876612663269 0.822054803371429 0.826326489448547 0.828975021839142 0.841457426548004 0.845361828804016 0.846803188323975 0.853399515151978 0.85762482881546 0.860040724277496 0.857343018054962 0.851240277290344 0.849592089653015 0.849938929080963 0.861359477043152
0.76414942741394 -3.4e+38 -3.4e+38 -3.4e+38 -3.4e+38 -3.4e+38 -3.4e+38 -3.4e+38 -3.4e+38 -3.4e+38 -3.4e+38 -3.4e+38 -3.4e+38 -3.4e+38 -3.4e+38 -3.4e+38 -3.4e+38 -3.4e+38 -3.4e+38 -3.4e+38 -3.4e+38 -3.4e+38 -3.4e+38 -3.4e+38 -3.4e+38 -3.4e+38 -3.4e+38 -3.4e+38 -3.4e+38 -3.4e+38 -3.4e+38 -3.4e+38 0.808527112007141 0.821472585201263 0.828367173671722 0.842411398887634 0.84780490398407 0.851362228393555 0.853132128715515 0.857056617736816 0.857365429401398 0.860736727714539 0.861997902393341 0.859061717987061 0.859606683254242 0.870763778686523
0.774896800518036 0.771709620952606 -3.4e+38 -3.4e+38 -3.4e+38 -3.4e+38 0.74354749917984 0.74623441696167 -3.4e+38 -3.4e+38 -3.4e+38 -3.4e+38 -3.4e+38 -3.4e+38 0.733520686626434 0.752295970916748 0.764760076999664 0.775268316268921 0.776821613311768 -3.4e+38 -3.4e+38 -3.4e+38 -3.4e+38 -3.4e+38 -3.4e+38 -3.4e+38 -3.4e+38 -3.4e+38 -3.4e+38 -3.4e+38 -3.4e+38 -3.4e+38 -3.4e+38 0.817765712738037 0.826423108577728 0.836585521697998 0.851371824741364 0.859849572181702 0.85938572883606 0.866452515125275 0.869222402572632 0.869683086872101 0.866905629634857 0.859639286994934 0.859031975269318 0.863915622234344
0.776476681232452 0.776370584964752 -3.4e+38 -3.4e+38 -3.4e+38 -3.4e+38 -3.4e+38 -3.4e+38 -3.4e+38 -3.4e+38 -3.4e+38 -3.4e+38 0.743028283119202 0.746200621128082 0.754709422588348 0.76584929227829 0.777924180030823 0.791301429271698 0.798096418380737 0.794475913047791 0.79514080286026 -3.4e+38 -3.4e+38 -3.4e+38 -3.4e+38 -3.4e+38 -3.4e+38 -3.4e+38 -3.4e+38 -3.4e+38 -3.4e+38 -3.4e+38 -3.4e+38 -3.4e+38 -3.4e+38 0.833186686038971 0.845987677574158 0.849824070930481 0.853680372238159 0.860884189605713 0.863700389862061 0.867982625961304 0.871976971626282 0.86910080909729 0.868988573551178 0.869250416755676
0.788199722766876 0.781358599662781 0.774336278438568 -3.4e+38 -3.4e+38 -3.4e+38 -3.4e+38 -3.4e+38 -3.4e+38 -3.4e+38 -3.4e+38 -3.4e+38 0.75365948677063 0.768915414810181 0.779587388038635 0.784349620342255 0.791227579116821 0.805526375770569 0.813561916351318 0.811263203620911 0.806716918945312 0.803501188755035 0.810526192188263 0.811748385429382 0.815215587615967 0.820498824119568 0.820188820362091 -3.4e+38 -3.4e+38 -3.4e+38 -3.4e+38 -3.4e+38 -3.4e+38 -3.4e+38 0.837551176548004 0.841802000999451 0.845417082309723 0.849156618118286 0.849866986274719 0.853895425796509 0.853559017181396 0.859708726406097 0.862325489521027 0.864996314048767 0.868105173110962 0.870435178279877
