ENMTML/All_vars/Predictors/EUR_only/bio28.asc
NCOLS 411 
NROWS 214 
XLLCORNER -11.5 
YLLCORNER 35.666666666112 
CELLSIZE 0.166666666666667 
NODATA_value -3.4e+38 
[rows 160 to 179 of 214, columns 138 to 183 of 411]
0.78190141916275 0.779833376407623 0.784849584102631 0.790607988834381 0.796008229255676 -3.4e+38 -3.4e+38 -3.4e+38 -3.4e+38 -3.4e+38 -3.4e+38 -3.4e+38 -3.4e+38 -3.4e+38 -3.4e+38 -3.4e+38 -3.4e+38 0.903393089771271 -3.4e+38 -3.4e+38 0.930563926696777 1.08388996124268 1.0702999830246 1.05202698707581 1.07250905036926 1.06692004203796 1.0710289478302 1.01474404335022 1.03480803966522 1.04725503921509 1.03208100795746 0.949977219104767 0.996879577636719 0.990388870239258 0.972192585468292 0.942393004894257 0.948169887065887 0.896941125392914 0.869992673397064 0.866628885269165 0.896991491317749 0.854887783527374 0.867237389087677 0.885534703731537 0.879152119159698 0.834912478923798
0.798745810985565 0.785793900489807 0.783893883228302 0.786530673503876 0.790703415870667 -3.4e+38 -3.4e+38 -3.4e+38 -3.4e+38 -3.4e+38 -3.4e+38 -3.4e+38 -3.4e+38 -3.4e+38 -3.4e+38 -3.4e+38 -3.4e+38 -3.4e+38 -3.4e+38 -3.4e+38 -3.4e+38 0.898074924945831 1.0264949798584 1.06935298442841 1.03790104389191 1.03774201869965 1.05628705024719 1.01836800575256 1.0298730134964 1.04995799064636 1.06920695304871 1.02261102199554 0.998650014400482 0.993689179420471 0.95852142572403 1.00009000301361 1.0159410238266 0.988096475601196 0.933589279651642 0.881616175174713 0.900260508060455 0.886468291282654 0.882205724716187 0.875892519950867 0.879772186279297 0.841548681259155
0.854314386844635 0.817639410495758 0.795501112937927 0.783965528011322 0.786515891551971 0.790195286273956 -3.4e+38 -3.4e+38 -3.4e+38 -3.4e+38 -3.4e+38 -3.4e+38 -3.4e+38 -3.4e+38 -3.4e+38 -3.4e+38 -3.4e+38 -3.4e+38 -3.4e+38 -3.4e+38 -3.4e+38 -3.4e+38 0.856891274452209 0.882790923118591 0.958649218082428 0.967387974262238 0.994762122631073 1.01969504356384 1.03018796443939 1.04751896858215 1.04965305328369 1.0577700138092 1.03829503059387 0.981452405452728 0.99229097366333 0.9983069896698 1.01660394668579 0.960167288780212 0.919795215129852 0.956344485282898 0.984413027763367 0.951100528240204 0.971790611743927 0.948335587978363 0.921446621417999 0.877762615680695
0.935324788093567 0.887247622013092 0.843267023563385 0.815624713897705 0.80536961555481 0.798653125762939 0.805320978164673 -3.4e+38 -3.4e+38 -3.4e+38 -3.4e+38 -3.4e+38 -3.4e+38 -3.4e+38 -3.4e+38 -3.4e+38 -3.4e+38 -3.4e+38 -3.4e+38 -3.4e+38 -3.4e+38 0.85026091337204 0.845425724983215 0.848754584789276 0.866868317127228 0.908786118030548 0.884108781814575 0.908517479896545 0.940712213516235 1.03822600841522 1.05269801616669 1.05245697498322 1.05542802810669 1.06890094280243 1.04583895206451 0.931527614593506 0.991347789764404 0.997020483016968 0.928335070610046 0.908095479011536 0.947134077548981 0.992162823677063 0.954217612743378 0.986968815326691 1.01004004478455 0.977843701839447
0.916316211223602 0.958900809288025 0.895369589328766 0.878328800201416 0.854299783706665 0.853685796260834 0.831796526908875 0.826581597328186 0.832384586334229 -3.4e+38 -3.4e+38 -3.4e+38 -3.4e+38 -3.4e+38 -3.4e+38 -3.4e+38 -3.4e+38 -3.4e+38 -3.4e+38 -3.4e+38 -3.4e+38 -3.4e+38 0.829200208187103 0.825267910957336 0.830289423465729 0.839773297309875 0.848741829395294 0.870769917964935 0.90202260017395 0.938122928142548 1.03951394557953 1.00961101055145 1.03571105003357 1.07284903526306 1.04373204708099 1.03860199451447 0.998472809791565 1.07094597816467 1.0000079870224 0.925395727157593 0.90852427482605 0.962811827659607 1.01113998889923 0.99575287103653 0.991701483726501 0.999364912509918
0.933042407035828 0.894184589385986 0.930776298046112 0.939634919166565 0.917624473571777 0.873706102371216 0.853748321533203 0.861132621765137 0.845552921295166 0.841199278831482 0.838851571083069 -3.4e+38 -3.4e+38 -3.4e+38 -3.4e+38 -3.4e+38 -3.4e+38 -3.4e+38 -3.4e+38 -3.4e+38 -3.4e+38 -3.4e+38 -3.4e+38 -3.4e+38 -3.4e+38 0.805232286453247 0.810307502746582 0.844983816146851 0.875497877597809 0.93835437297821 0.912632882595062 0.956899583339691 1.00318205356598 1.01583397388458 1.01548600196838 1.05790400505066 0.999879479408264 0.954186379909515 0.989520788192749 1.00876903533936 1.03148102760315 0.975999176502228 1.03026700019836 0.986057221889496 0.966168105602264 0.966724812984467
0.835835576057434 0.86623227596283 0.86690479516983 0.855612218379974 0.899881422519684 0.900886297225952 0.89481908082962 0.891928672790527 0.871113300323486 0.852397203445435 0.845973014831543 0.849584579467773 0.849483728408813 -3.4e+38 -3.4e+38 -3.4e+38 -3.4e+38 -3.4e+38 -3.4e+38 -3.4e+38 -3.4e+38 -3.4e+38 -3.4e+38 -3.4e+38 -3.4e+38 -3.4e+38 0.800288379192352 0.829052925109863 0.835093021392822 0.848220586776733 0.880673229694366 0.885194599628448 0.948143303394318 0.967265009880066 0.988758504390717 1.03755402565002 1.0628080368042 0.974160015583038 1.03973495960236 0.997593581676483 1.04961502552032 1.04989004135132 1.00420200824738 0.964236617088318 0.963583409786224 0.998121082782745
0.821446001529694 0.807407915592194 0.831453084945679 0.861944377422333 0.85168731212616 0.895851075649261 0.919878125190735 0.9316725730896 0.891325712203979 0.886430680751801 0.860832393169403 0.843658685684204 0.835088074207306 -3.4e+38 -3.4e+38 -3.4e+38 -3.4e+38 -3.4e+38 -3.4e+38 -3.4e+38 -3.4e+38 -3.4e+38 -3.4e+38 -3.4e+38 -3.4e+38 -3.4e+38 -3.4e+38 -3.4e+38 0.777841925621033 -3.4e+38 0.820027410984039 0.854140102863312 0.885275483131409 0.932065427303314 0.91619211435318 0.950568974018097 0.969364583492279 0.965335011482239 0.989737391471863 1.01019895076752 1.02874004840851 1.05442297458649 1.05766904354095 0.990147590637207 0.999410808086395 1.01030898094177
0.795951426029205 0.799234390258789 0.805414915084839 0.846714317798615 0.856599628925323 0.875114977359772 0.896874189376831 0.913018226623535 0.911858916282654 0.899395287036896 0.860918819904327 0.838574886322021 0.831548511981964 0.823864281177521 -3.4e+38 -3.4e+38 -3.4e+38 -3.4e+38 -3.4e+38 -3.4e+38 -3.4e+38 -3.4e+38 -3.4e+38 -3.4e+38 -3.4e+38 -3.4e+38 -3.4e+38 -3.4e+38 -3.4e+38 -3.4e+38 0.826471090316772 0.844311118125916 -3.4e+38 0.94787871837616 0.930043816566467 0.906867504119873 0.92956018447876 0.945881307125092 0.96540492773056 1.01240205764771 1.01553499698639 1.0412210226059 1.04628503322601 1.08926701545715 1.04936099052429 1.0741800069809
0.783558189868927 0.804231226444244 0.799141883850098 0.815753877162933 0.835982322692871 0.855683326721191 0.874553024768829 0.907616972923279 0.941699981689453 0.902111411094666 0.898107886314392 0.853788375854492 0.836904227733612 0.828428387641907 -3.4e+38 -3.4e+38 -3.4e+38 -3.4e+38 -3.4e+38 -3.4e+38 -3.4e+38 -3.4e+38 -3.4e+38 -3.4e+38 -3.4e+38 -3.4e+38 -3.4e+38 -3.4e+38 -3.4e+38 -3.4e+38 -3.4e+38 0.812272727489471 0.84023779630661 0.852059721946716 -3.4e+38 0.898713886737823 0.907707512378693 0.925576090812683 0.949011921882629 0.980993390083313 0.99872350692749 1.02884495258331 1.02694594860077 1.06199300289154 1.06337094306946 1.09179604053497
0.819967687129974 0.798820912837982 0.806249618530273 0.81918478012085 0.834442019462585 0.84305602312088 0.857982873916626 0.883573710918427 0.92466127872467 0.948104321956635 0.999232411384583 0.874183177947998 0.844500482082367 0.823439300060272 0.813703417778015 -3.4e+38 -3.4e+38 -3.4e+38 -3.4e+38 -3.4e+38 -3.4e+38 -3.4e+38 -3.4e+38 -3.4e+38 -3.4e+38 -3.4e+38 -3.4e+38 -3.4e+38 -3.4e+38 -3.4e+38 -3.4e+38 0.799297988414764 0.832861721515656 0.857824981212616 0.881610691547394 0.894201874732971 0.908529877662659 0.932451188564301 0.955242216587067 0.973691403865814 1.00445401668549 0.983965814113617 1.03776204586029 1.04600894451141 1.03411102294922 1.06084096431732
0.776108801364899 0.776808619499207 0.789733409881592 0.794645428657532 0.823080897331238 0.830883204936981 0.860183417797089 0.865534424781799 0.916317224502563 0.92581981420517 0.975099384784698 0.921711385250092 0.896447420120239 0.829713821411133 0.813923418521881 -3.4e+38 -3.4e+38 -3.4e+38 -3.4e+38 -3.4e+38 -3.4e+38 -3.4e+38 -3.4e+38 -3.4e+38 -3.4e+38 -3.4e+38 -3.4e+38 -3.4e+38 -3.4e+38 -3.4e+38 -3.4e+38 -3.4e+38 -3.4e+38 -3.4e+38 -3.4e+38 -3.4e+38 -3.4e+38 0.90813821554184 0.943200826644897 0.953224182128906 0.964782893657684 0.976622879505157 1.00386703014374 1.02066695690155 0.999194622039795 1.04019999504089
0.731422483921051 0.756076514720917 0.76384699344635 0.789047300815582 0.791816473007202 0.822571277618408 0.82759827375412 0.855663001537323 0.933318316936493 0.943484783172607 0.923600018024445 0.989628612995148 0.878044486045837 0.835874676704407 0.82171368598938 0.809187471866608 -3.4e+38 -3.4e+38 -3.4e+38 -3.4e+38 -3.4e+38 -3.4e+38 -3.4e+38 -3.4e+38 -3.4e+38 -3.4e+38 -3.4e+38 -3.4e+38 -3.4e+38 -3.4e+38 -3.4e+38 -3.4e+38 -3.4e+38 -3.4e+38 -3.4e+38 -3.4e+38 -3.4e+38 -3.4e+38 -3.4e+38 -3.4e+38 0.948082089424133 0.986239314079285 1.04008400440216 1.00696802139282 1.01933801174164 0.987351477146149
0.717415928840637 0.73665589094162 0.749607026576996 0.772404313087463 0.800386071205139 0.79658180475235 0.821286618709564 0.855153918266296 0.873327612876892 0.929913282394409 0.904434382915497 0.928723871707916 0.985704004764557 0.940967321395874 0.834969222545624 0.809664785861969 0.80580061674118 -3.4e+38 -3.4e+38 -3.4e+38 -3.4e+38 -3.4e+38 -3.4e+38 -3.4e+38 -3.4e+38 -3.4e+38 -3.4e+38 -3.4e+38 -3.4e+38 -3.4e+38 -3.4e+38 -3.4e+38 -3.4e+38 -3.4e+38 -3.4e+38 -3.4e+38 -3.4e+38 -3.4e+38 -3.4e+38 -3.4e+38 -3.4e+38 -3.4e+38 0.957891881465912 0.980734884738922 1.01803004741669 0.99169647693634
-3.4e+38 0.733248770236969 0.752031683921814 0.780349314212799 0.799574315547943 0.795800387859344 0.793263614177704 0.822433710098267 0.853204429149628 0.884663999080658 0.917197704315186 0.967515170574188 0.888673424720764 0.867471218109131 0.842257976531982 0.840903878211975 0.821740388870239 0.810920417308807 0.801100313663483 -3.4e+38 -3.4e+38 -3.4e+38 -3.4e+38 -3.4e+38 -3.4e+38 -3.4e+38 -3.4e+38 -3.4e+38 -3.4e+38 -3.4e+38 -3.4e+38 -3.4e+38 -3.4e+38 -3.4e+38 -3.4e+38 -3.4e+38 -3.4e+38 -3.4e+38 -3.4e+38 -3.4e+38 -3.4e+38 -3.4e+38 -3.4e+38 -3.4e+38 0.994790077209473 0.988821506500244
-3.4e+38 0.740599513053894 0.754099786281586 0.773159980773926 0.784869372844696 0.786031901836395 0.779693126678467 0.80267208814621 0.853773474693298 0.872347295284271 0.891992926597595 0.904088973999023 0.909943997859955 0.874675810337067 0.86798632144928 0.977052509784698 0.839021325111389 0.816395819187164 0.808033883571625 0.80176442861557 -3.4e+38 -3.4e+38 -3.4e+38 -3.4e+38 -3.4e+38 -3.4e+38 -3.4e+38 -3.4e+38 -3.4e+38 -3.4e+38 -3.4e+38 -3.4e+38 -3.4e+38 -3.4e+38 -3.4e+38 -3.4e+38 -3.4e+38 -3.4e+38 -3.4e+38 -3.4e+38 -3.4e+38 -3.4e+38 -3.4e+38 -3.4e+38 -3.4e+38 0.993390679359436
-3.4e+38 -3.4e+38 -3.4e+38 0.753136873245239 0.759452879428864 0.768015921115875 0.769310414791107 0.786359429359436 0.83635401725769 0.868133187294006 0.915993094444275 0.897508025169373 0.887198925018311 0.932465612888336 0.943800926208496 0.924181222915649 0.868645787239075 0.839408874511719 0.811678886413574 0.799593806266785 0.790864884853363 0.763334512710571 0.719161510467529 0.674373686313629 0.664363980293274 0.644949793815613 0.685244381427765 0.665253102779388 -3.4e+38 -3.4e+38 -3.4e+38 -3.4e+38 -3.4e+38 -3.4e+38 -3.4e+38 -3.4e+38 -3.4e+38 -3.4e+38 -3.4e+38 -3.4e+38 -3.4e+38 -3.4e+38 -3.4e+38 -3.4e+38 -3.4e+38 -3.4e+38
-3.4e+38 -3.4e+38 -3.4e+38 -3.4e+38 0.759471774101257 0.773287415504456 0.771720111370087 0.811262190341949 0.826103329658508 0.846313178539276 0.868534922599792 0.891826629638672 0.881798624992371 0.898000597953796 0.953019797801971 0.879060208797455 0.85495388507843 0.820090413093567 0.803881108760834 0.789456188678741 0.776594579219818 0.743163228034973 0.701532781124115 0.660768985748291 0.711326420307159 0.748535215854645 0.75645649433136 0.738962888717651 -3.4e+38 -3.4e+38 -3.4e+38 -3.4e+38 -3.4e+38 -3.4e+38 -3.4e+38 -3.4e+38 -3.4e+38 -3.4e+38 -3.4e+38 -3.4e+38 -3.4e+38 -3.4e+38 -3.4e+38 -3.4e+38 -3.4e+38 -3.4e+38
-3.4e+38 -3.4e+38 -3.4e+38 -3.4e+38 -3.4e+38 -3.4e+38 0.783622920513153 0.794709622859955 0.820648729801178 0.858013391494751 0.870134472846985 0.871018886566162 0.858918309211731 0.858901917934418 0.866061627864838 0.837926626205444 0.831398725509644 0.822981417179108 0.792600214481354 0.780747890472412 0.761489927768707 0.740445792675018 0.686625719070435 0.635884523391724 0.59857302904129 0.596098721027374 0.602193772792816 -3.4e+38 -3.4e+38 -3.4e+38 -3.4e+38 -3.4e+38 -3.4e+38 -3.4e+38 -3.4e+38 -3.4e+38 -3.4e+38 -3.4e+38 -3.4e+38 -3.4e+38 -3.4e+38 -3.4e+38 -3.4e+38 -3.4e+38 -3.4e+38 -3.4e+38
-3.4e+38 -3.4e+38 -3.4e+38 -3.4e+38 -3.4e+38 -3.4e+38 -3.4e+38 0.793635070323944 0.80888158082962 0.825077712535858 0.85010039806366 0.856787085533142 0.854613125324249 0.840186417102814 0.83214408159256 0.827758491039276 0.83593761920929 0.846765279769897 0.805521070957184 0.780887007713318 0.768594086170197 0.754052519798279 0.694760322570801 0.636782824993134 0.58290958404541 0.578802585601807 0.589542210102081 0.608083188533783 -3.4e+38 -3.4e+38 -3.4e+38 -3.4e+38 -3.4e+38 -3.4e+38 -3.4e+38 -3.4e+38 -3.4e+38 -3.4e+38 -3.4e+38 -3.4e+38 -3.4e+38 -3.4e+38 -3.4e+38 -3.4e+38 -3.4e+38 -3.4e+38
