ENMTML/All_vars/Predictors/EUR_only/bio29.asc
NCOLS 440 
NROWS 275 
XLLCORNER -11.5 
YLLCORNER 25.4999999994691 
CELLSIZE 0.166666666666667 
NODATA_value -3.4e+38 
[rows 120 to 139 of 275, columns 138 to 183 of 440]
0.953866004943848 0.930760979652405 0.883924007415771 0.892885029315948 0.919444978237152 0.948473989963531 0.982205986976624 1.00515902042389 1.02146601676941 1.0232959985733 1.02270996570587 1.02418196201324 1.03394997119904 1.04174494743347 1.04318594932556 1.04261195659637 1.03458297252655 1.03286302089691 1.03145098686218 1.0402979850769 1.04939794540405 1.04661703109741 1.03862595558167 1.03008604049683 1.02056396007538 1.00859498977661 0.95463901758194 0.895668983459473 0.858648002147675 0.831920981407166 0.831375002861023 0.847968995571136 0.861304998397827 0.880559027194977 0.881907999515533 0.888897001743317 0.913174986839294 0.923655986785889 0.924771010875702 0.925302982330322 0.926235973834991 0.924108028411865 0.927568972110748 0.922435998916626 0.924270987510681 0.9254310131073
0.99564802646637 1.00620496273041 1.00600099563599 0.987661004066467 0.966500997543335 0.970610022544861 1.00188803672791 1.01693201065063 1.03057503700256 1.03095805644989 1.03590798377991 1.03843402862549 1.03840303421021 1.03949797153473 1.04306101799011 1.04264295101166 1.04224705696106 1.03926205635071 1.04128003120422 1.04069304466248 1.0397709608078 1.0419499874115 1.03727197647095 1.03283095359802 1.02300894260406 1.01815402507782 1.0060750246048 0.943513989448547 0.867043972015381 0.85124397277832 0.842972993850708 0.836957991123199 0.832997977733612 0.840283989906311 0.852358996868134 0.869324028491974 0.890668988227844 0.913039982318878 0.932808995246887 0.947102010250092 0.954521000385284 0.955927014350891 0.960560977458954 0.94540798664093 0.943363010883331 0.94558197259903
1.02492201328278 1.02864503860474 1.03095901012421 1.02311098575592 1.02231097221375 1.01481199264526 1.01737403869629 1.03078901767731 1.03453099727631 1.03992402553558 1.04714894294739 1.04735898971558 1.04737198352814 1.04271900653839 1.03350400924683 1.03327798843384 1.02758002281189 1.03218400478363 1.03425598144531 1.02198398113251 1.0234010219574 1.03279900550842 1.04198002815247 1.04164898395538 1.03060102462769 1.02541899681091 1.0289249420166 1.01746904850006 0.939261019229889 0.872514009475708 0.842508971691132 0.846271991729736 0.825600981712341 0.835362017154694 0.855579972267151 0.868076026439667 0.888738989830017 0.916011989116669 0.948889970779419 0.954584002494812 0.974507987499237 0.991625010967255 0.98558497428894 0.983070015907288 0.973425984382629 0.960731029510498
1.0298810005188 1.04381799697876 1.04499804973602 1.03809797763824 1.03767597675323 1.02683305740356 1.03222095966339 1.0433030128479 1.04581904411316 1.04876494407654 1.05154597759247 1.05868101119995 1.06812596321106 1.06135094165802 1.043133020401 1.0287059545517 1.01385402679443 1.00412499904633 1.00078201293945 0.977108001708984 1.01260197162628 1.02337598800659 1.03679800033569 1.04838001728058 1.06954896450043 1.06580495834351 1.04055500030518 1.02794396877289 1.02962100505829 1.01486396789551 0.892769992351532 0.8593590259552 0.847949981689453 0.853004992008209 0.85955399274826 0.875752985477448 0.895699977874756 0.92706298828125 0.953081011772156 0.979655981063843 0.989816009998322 1.00087797641754 1.00425505638123 0.998538970947266 1.00462996959686 0.982605993747711
1.06239199638367 1.06414997577667 1.06366002559662 1.05352401733398 1.04683005809784 1.04926800727844 1.05169200897217 1.05654203891754 1.06605505943298 1.06412100791931 1.07623600959778 1.06239497661591 1.03768694400787 1.00781905651093 1.01204895973206 0.950697004795074 0.930480003356934 0.894236981868744 0.862681984901428 0.876033008098602 0.89095401763916 0.906835973262787 0.973869025707245 1.01810896396637 1.02520298957825 1.03178405761719 1.02822494506836 1.0296219587326 1.01858603954315 1.00767195224762 1.00359499454498 0.875977993011475 0.852881014347076 0.876102983951569 0.879082024097443 0.873328983783722 0.914856016635895 0.952769994735718 0.967850983142853 0.986876010894775 0.991617023944855 0.992673993110657 0.998812973499298 1.00195097923279 1.00958800315857 1.01000797748566
1.08674299716949 1.08158504962921 1.0825229883194 1.06206595897675 1.05970704555511 1.07825195789337 1.09451997280121 1.09471905231476 1.09972500801086 1.07288897037506 1.0453439950943 1.01542496681213 0.957657992839813 0.92364901304245 0.892338991165161 0.809926986694336 0.758840024471283 0.750923991203308 0.788416028022766 0.793761014938354 0.795551002025604 0.822148025035858 0.872030019760132 0.89886200428009 0.95600700378418 0.993587017059326 0.973636984825134 0.940623998641968 1.01820194721222 1.02889895439148 0.880693972110748 0.925715029239655 0.954495012760162 0.859561026096344 0.868938028812408 0.909772992134094 0.927760004997253 0.937541007995605 0.964965999126434 0.979034006595612 1.00676298141479 1.0011340379715 1.00686299800873 1.00817799568176 1.01077401638031 1.01207101345062
1.08580505847931 1.09054696559906 1.08298802375793 1.07763004302979 1.06609296798706 1.05697596073151 1.0523430109024 1.04358005523682 1.0392609834671 1.06043803691864 1.03981697559357 0.991666972637177 0.9757040143013 0.988200008869171 0.915934979915619 0.772737979888916 0.699887990951538 0.684131026268005 0.687638998031616 0.712567985057831 0.738171994686127 0.760605990886688 0.797896027565002 0.82794201374054 0.85080099105835 0.865746974945068 0.858128011226654 0.865886986255646 0.937075018882751 1.0357860326767 1.01246201992035 1.01970398426056 1.04359197616577 1.02951598167419 1.02381896972656 1.02440202236176 0.999078989028931 0.964870989322662 0.974664986133575 0.979144990444183 0.966171026229858 0.989139974117279 1.00432300567627 1.00797402858734 1.01405203342438 1.01247799396515
1.06188797950745 1.08882105350494 1.09156596660614 1.06786203384399 1.05400896072388 1.02993595600128 1.0495719909668 1.06613898277283 1.05457401275635 1.05054295063019 1.03887701034546 1.03193295001984 1.02323198318481 0.984567999839783 0.905242025852203 0.818740010261536 0.709197998046875 0.672047972679138 0.688651978969574 0.728025019168854 0.727683007717133 0.744597971439362 0.767687022686005 0.794798970222473 0.817632973194122 0.810796976089478 0.826548993587494 0.832117974758148 0.857416987419128 0.916989028453827 0.991001009941101 1.01977002620697 1.02082502841949 1.03468501567841 1.08267295360565 1.03157103061676 1.02343595027924 0.993162989616394 0.982529997825623 0.964079022407532 0.958101987838745 1.00663495063782 1.01372396945953 1.0161440372467 1.01895904541016 1.01190996170044
1.05926394462585 1.0726900100708 1.07274103164673 1.06980502605438 1.04919302463531 1.05400002002716 1.05360996723175 1.04692304134369 1.04932296276093 1.047199010849 1.04014003276825 1.02747404575348 1.01375997066498 1.00993394851685 0.910364985466003 0.807943999767303 0.773438990116119 0.721664011478424 0.761403024196625 0.797221004962921 0.803460001945496 0.844933986663818 0.820039987564087 0.799232006072998 0.868202984333038 0.876231014728546 0.835961997509003 0.851984977722168 0.850722014904022 0.905658006668091 0.889599025249481 0.946076989173889 0.865657985210419 0.979160010814667 1.02730202674866 1.02968502044678 1.02830004692078 1.01358604431152 1.00066900253296 0.987277984619141 0.958334028720856 0.986415028572083 1.01284205913544 1.02156400680542 1.02392399311066 1.02505803108215
1.06376397609711 1.05946099758148 1.05457198619843 1.05197203159332 1.04949605464935 1.06727802753448 1.05132699012756 1.03966796398163 1.03730404376984 1.03385198116302 1.0260089635849 1.02195203304291 1.03069198131561 1.03618800640106 1.03128600120544 0.961497008800507 0.8369500041008 0.800184011459351 0.816532015800476 0.85213702917099 0.850676000118256 0.870938003063202 0.907977998256683 0.92840701341629 0.937295973300934 0.997735977172852 1.01310801506042 1.01434099674225 0.969058990478516 0.940671026706696 0.923739016056061 0.896709024906158 0.854157984256744 0.824662983417511 0.905553996562958 1.02718603610992 1.03242599964142 1.02757501602173 1.0171309709549 0.971143007278442 0.98554801940918 1.02062201499939 1.02844500541687 1.03839194774628 1.06868994235992 1.06774997711182
1.05915498733521 1.05258703231812 1.05276799201965 1.04572403430939 1.04989194869995 1.0583770275116 1.05815303325653 1.04847705364227 1.04330801963806 1.04277396202087 1.04040694236755 1.04709196090698 1.04429602622986 1.05351901054382 1.03670704364777 1.01694798469543 0.944567024707794 0.96951699256897 0.981949985027313 0.946790993213654 0.97484302520752 0.954674005508423 0.941045999526978 0.969955027103424 0.953601002693176 0.987320005893707 1.01585805416107 1.02086997032166 1.01052796840668 0.978918015956879 0.896266996860504 0.935952007770538 0.937985002994537 0.834502995014191 0.837042987346649 0.962683975696564 1.02201998233795 1.01259303092957 0.99677300453186 1.02299404144287 1.03824603557587 1.05749404430389 1.10141503810883 1.07463002204895 1.11186003684998 1.10720598697662
1.06161594390869 1.05510294437408 1.04831099510193 1.04606401920319 1.04544997215271 1.05383694171906 1.06005501747131 1.07287096977234 1.05634105205536 1.06260097026825 1.05763602256775 1.06388294696808 1.05931305885315 1.05218899250031 1.0428010225296 1.02433800697327 1.01644599437714 1.00897896289825 0.998445987701416 0.967005014419556 1.01978397369385 1.01779496669769 1.01349294185638 1.01915502548218 1.00319302082062 1.00324904918671 0.992283999919891 0.973396003246307 0.930572986602783 0.904917001724243 0.848601996898651 0.979331970214844 0.968402028083801 0.845597982406616 0.837522983551025 0.871015012264252 0.948395013809204 1.02661097049713 1.02858197689056 1.04404902458191 1.07636797428131 1.10195803642273 1.09291899204254 1.07956302165985 1.1090749502182 1.1381219625473
1.05990397930145 1.05547201633453 1.04673302173615 1.04222798347473 1.04610300064087 1.0492559671402 1.05523002147675 1.06106805801392 1.07652401924133 1.09893596172333 1.11234700679779 1.10003197193146 1.07687997817993 1.06682598590851 1.05276000499725 1.03804802894592 1.03290605545044 1.02048003673553 1.01562297344208 0.991702020168304 1.01774895191193 1.01951098442078 1.02751398086548 1.02304601669312 1.02471697330475 1.00603699684143 0.961503982543945 0.921531975269318 0.926563024520874 0.841903984546661 0.796123027801514 0.866536974906921 0.861176013946533 0.881061971187592 0.911028981208801 0.914206027984619 0.943998992443085 1.02362203598022 1.03870499134064 1.05093705654144 1.06250596046448 1.06273102760315 1.05699801445007 1.05680894851685 1.08896505832672 1.14368605613708
1.05295300483704 1.05343699455261 1.04675304889679 1.04044497013092 1.05091595649719 1.06498694419861 1.07070899009705 1.08355104923248 1.09202003479004 1.13100898265839 1.14138901233673 1.15941596031189 1.15185403823853 1.11670303344727 1.08638501167297 1.06124603748322 1.04096901416779 1.03191900253296 1.03208005428314 1.01373398303986 1.01584696769714 1.02643597126007 1.03170597553253 1.01511800289154 1.01703298091888 1.00451397895813 0.952908992767334 0.9043989777565 0.852342009544373 0.818188011646271 0.773120999336243 0.785064995288849 0.845121026039124 0.9009690284729 0.9723140001297 0.928631007671356 0.978689014911652 1.01878905296326 1.0404109954834 1.05209994316101 1.04352605342865 1.04930400848389 1.06407904624939 1.09862196445465 1.07070004940033 1.085608959198
1.04824602603912 1.04602003097534 1.04423904418945 1.04442894458771 1.04361701011658 1.04875195026398 1.05641901493073 1.06877505779266 1.09992504119873 1.12300395965576 1.13124096393585 1.15839505195618 1.16483795642853 1.14838600158691 1.12636005878448 1.1086790561676 1.07432699203491 1.04520404338837 1.04101502895355 1.03440999984741 1.02695596218109 1.03263998031616 1.02855694293976 1.02000105381012 1.00557196140289 0.971687018871307 0.941622018814087 0.873857975006104 0.836911976337433 0.813502013683319 0.805332005023956 0.832454979419708 0.870714008808136 0.892408013343811 0.92111200094223 0.978787004947662 1.03051900863647 1.04176998138428 1.03936696052551 1.03226697444916 1.05288398265839 1.07098603248596 1.07564699649811 1.07279205322266 1.07541000843048 1.14222300052643
1.04106998443604 1.04078698158264 1.04550397396088 1.04945194721222 1.05337703227997 1.05896496772766 1.06454002857208 1.07043695449829 1.07788801193237 1.09372103214264 1.12066197395325 1.12271404266357 1.13339495658875 1.14571094512939 1.13929796218872 1.11470103263855 1.09006595611572 1.07237005233765 1.06129503250122 1.05502998828888 1.04147100448608 1.03758597373962 1.03286397457123 1.03187501430511 1.02003395557404 1.00497794151306 0.926886975765228 0.864737987518311 0.85189300775528 0.841373980045319 0.891605973243713 0.893866002559662 0.898082971572876 0.935416996479034 1.00460505485535 1.02950501441956 1.03521502017975 1.02257800102234 1.03181898593903 1.04797005653381 1.03216898441315 1.05355799198151 1.05219805240631 1.07432699203491 1.09127604961395 1.08068203926086
1.0446640253067 1.04650104045868 1.04859900474548 1.05060601234436 1.05669403076172 1.06213998794556 1.07260596752167 1.08262896537781 1.09111595153809 1.10072994232178 1.11717200279236 1.12808799743652 1.12997698783875 1.13583195209503 1.11594903469086 1.11200201511383 1.10785901546478 1.08120203018188 1.08646595478058 1.08687305450439 1.06466400623322 1.04924094676971 1.04203498363495 1.03358900547028 1.02151501178741 0.982810974121094 0.929114997386932 0.91203898191452 0.929553985595703 0.942526996135712 0.931505024433136 0.943567991256714 0.952396988868713 0.998742997646332 1.01759696006775 1.02566003799438 1.0252640247345 0.990945994853973 1.02678596973419 1.02241599559784 1.02422201633453 1.04437804222107 1.07483494281769 1.06027805805206 1.06671297550201 1.06130003929138
1.04784095287323 1.04366600513458 1.04354798793793 1.05104005336761 1.05944502353668 1.06783902645111 1.07626605033875 1.08630001544952 1.09890496730804 1.11177694797516 1.11789202690125 1.12194800376892 1.12774097919464 1.12380802631378 1.10189402103424 1.08650898933411 1.0962849855423 1.07417094707489 1.06566500663757 1.07082104682922 1.0736700296402 1.07049298286438 1.0565630197525 1.03847503662109 1.00743496417999 0.92841500043869 0.906153976917267 0.916060984134674 0.926859021186829 0.953755021095276 0.95675402879715 0.970220983028412 0.990377008914948 1.02539205551147 1.0412050485611 1.026811003685 0.996730983257294 0.9896280169487 1.00265395641327 1.00977003574371 1.03614401817322 1.03873705863953 1.05798304080963 1.05919802188873 1.07028102874756 1.06024205684662
1.05004894733429 1.0492399930954 1.048956990242 1.05459403991699 1.06076896190643 1.06429398059845 1.07254695892334 1.08273804187775 1.09536802768707 1.10613894462585 1.11900901794434 1.13215005397797 1.13210499286652 1.11231994628906 1.08817100524902 1.06591701507568 1.05500304698944 1.04678797721863 1.04040896892548 1.04122197628021 1.04596102237701 1.04675102233887 1.0341739654541 1.02626204490662 1.01826000213623 0.964124977588654 0.949935972690582 0.977526009082794 0.994996011257172 0.943526983261108 0.949572026729584 0.967061996459961 1.00399804115295 1.03779101371765 1.03044497966766 1.0111540555954 0.978191018104553 0.962050020694733 0.964918971061707 0.966989994049072 0.990719020366669 1.01107800006866 1.01909399032593 1.03089499473572 1.03918099403381 1.04645097255707
1.05664503574371 1.05465698242188 1.05485796928406 1.05576705932617 1.05773305892944 1.06755495071411 1.0758969783783 1.08197498321533 1.09476900100708 1.11224102973938 1.13874304294586 1.15234994888306 1.15018904209137 1.12357604503632 1.0951030254364 1.07337200641632 1.06063103675842 1.05258297920227 1.05129396915436 1.04365205764771 1.04118394851685 1.03361999988556 1.03295505046844 1.03335297107697 1.03343594074249 1.03688502311707 1.03522098064423 1.02986001968384 1.00556194782257 0.949572026729584 0.960375010967255 0.978756010532379 1.00095295906067 1.0089910030365 1.00955104827881 0.986415982246399 0.947054028511047 0.930697023868561 0.924161970615387 0.936587989330292 0.953655004501343 0.999086976051331 0.998187005519867 1.00857400894165 1.01768898963928 1.01873195171356
