ENMTML/All_vars/Predictors/EUR_only/bio29.asc
NCOLS 411 
NROWS 214 
XLLCORNER -11.5 
YLLCORNER 35.666666666112 
CELLSIZE 0.166666666666667 
NODATA_value -3.4e+38 
[rows 126 to 146 of 214, columns 235 to 281 of 411]
1.02084994316101 1.01670503616333 1.01236200332642 1.00334501266479 0.988586008548737 0.974072992801666 0.980970025062561 1.00312304496765 1.00823998451233 1.01342594623566 1.01780605316162 1.02026700973511 1.02385604381561 1.02652704715729 1.02874600887299 1.03093898296356 1.03234803676605 1.03244698047638 1.02743005752563 1.02503597736359 1.01718997955322 1.0147659778595 1.00532901287079 0.985094010829926 0.974672973155975 0.98710697889328 1.01203596591949 1.02267897129059 1.02863597869873 1.03702700138092 1.04548394680023 1.05032598972321 1.05015301704407 1.04156398773193 1.03790104389191 1.03678798675537 1.03454101085663 1.03318202495575 1.03182601928711 1.03305304050446 1.03168499469757 1.03199803829193 1.03070497512817 1.02955794334412 1.02996802330017 1.03037405014038 1.03174698352814
1.0161349773407 1.01538002490997 1.00550901889801 1.00513994693756 0.991123020648956 0.985579013824463 0.982805013656616 1.00049304962158 1.0084969997406 1.01343405246735 1.015625 1.02023804187775 1.02269494533539 1.02349805831909 1.02886605262756 1.03107500076294 1.03104305267334 1.03244400024414 1.02922797203064 1.0251259803772 1.01715505123138 1.01151204109192 1.00396394729614 0.976935982704163 0.975714981555939 0.999431014060974 1.00790798664093 1.02099001407623 1.02580499649048 1.0368720293045 1.04142796993256 1.05027294158936 1.05022895336151 1.03998303413391 1.03789496421814 1.03214204311371 1.02623903751373 1.025426030159 1.02627897262573 1.0295330286026 1.03039300441742 1.0306910276413 1.02699494361877 1.02960205078125 1.03094601631165 1.02952694892883 1.03136205673218
1.01153004169464 1.01131105422974 1.005499958992 1.00250804424286 0.993098020553589 0.993345975875854 0.995144009590149 1.00802505016327 1.01151204109192 1.01533603668213 1.01567196846008 1.02025496959686 1.02252101898193 1.02356803417206 1.02584397792816 1.02605497837067 1.0282119512558 1.02681696414948 1.02687704563141 1.02535200119019 1.01956796646118 1.01174402236938 1.00725698471069 0.992510974407196 0.99251002073288 1.00650203227997 1.01062500476837 1.01947104930878 1.02569401264191 1.02764594554901 1.0390510559082 1.04134297370911 1.04111897945404 1.04005396366119 1.03180503845215 1.02443099021912 1.02301895618439 1.02353096008301 1.02647399902344 1.02589499950409 1.02739405632019 1.02685105800629 1.02600300312042 1.02640795707703 1.02909600734711 1.02937602996826 1.02976703643799
1.01104402542114 1.00778198242188 1.00675594806671 1.00688397884369 1.00507295131683 1.00530600547791 1.00782001018524 1.01055300235748 1.01070499420166 1.01566398143768 1.01792705059052 1.02170205116272 1.02271604537964 1.0234500169754 1.02489602565765 1.02594494819641 1.02609205245972 1.02694404125214 1.02127504348755 1.01948404312134 1.01427805423737 1.01410901546478 1.01035797595978 1.00298297405243 1.00614595413208 1.00901401042938 1.01657605171204 1.0193840265274 1.02570903301239 1.02780199050903 1.03112196922302 1.03563094139099 1.03897500038147 1.0288280248642 1.02675902843475 1.02606201171875 1.01818203926086 1.02379596233368 1.0256199836731 1.02488899230957 1.02664494514465 1.02583801746368 1.02590000629425 1.02787399291992 1.02900302410126 1.02844703197479 1.03110003471375
1.00372505187988 0.996262013912201 0.993048012256622 0.996896028518677 1.00379002094269 1.00786101818085 1.01073098182678 1.01075804233551 1.01525604724884 1.01327204704285 1.01818203926086 1.02018094062805 1.02049696445465 1.02257800102234 1.02503395080566 1.02603995800018 1.02752900123596 1.02340996265411 1.02139699459076 1.02146697044373 1.01680397987366 1.01425898075104 1.00877594947815 1.00308394432068 1.00548100471497 1.00826096534729 1.01038300991058 1.01577401161194 1.01908397674561 1.02603101730347 1.0268269777298 1.02737903594971 1.02887797355652 1.02664697170258 1.02056097984314 1.0203560590744 1.02013194561005 1.01991295814514 1.02031898498535 1.02216601371765 1.02429604530334 1.02453005313873 1.02467000484467 1.02753496170044 1.02883899211884 1.02745199203491 1.030837059021
0.991972029209137 0.986159026622772 0.98538601398468 0.995815992355347 1.00205302238464 1.00583302974701 1.00881803035736 1.01294696331024 1.01333296298981 1.0178120136261 1.020015001297 1.01993298530579 1.02072703838348 1.02515697479248 1.02741098403931 1.02582001686096 1.02576100826263 1.0236439704895 1.02368903160095 1.01929199695587 1.01369905471802 1.01065099239349 1.00913894176483 1.00480997562408 1.00818705558777 1.00986301898956 1.00943601131439 1.01005303859711 1.0130649805069 1.01893794536591 1.01860904693604 1.01975798606873 1.0220400094986 1.02049398422241 1.02022898197174 1.02036798000336 1.01482903957367 1.01847195625305 1.02230501174927 1.02227103710175 1.02211105823517 1.02212405204773 1.02454304695129 1.02680897712708 1.02744805812836 1.029580950737 1.0297679901123
0.978345990180969 0.966521024703979 0.959792017936707 0.97893100976944 1.00494205951691 1.00645196437836 1.00790703296661 1.01114499568939 1.01114797592163 1.01606595516205 1.01808297634125 1.02026796340942 1.02260100841522 1.02491402626038 1.02748596668243 1.02575695514679 1.02576303482056 1.023766040802 1.02375495433807 1.01918005943298 1.0174720287323 1.01298594474792 1.00965905189514 1.00941598415375 1.00818705558777 1.00117003917694 1.00673401355743 1.00569796562195 1.00806295871735 1.0091849565506 1.01251196861267 1.01271796226501 1.01463305950165 1.01495802402496 1.01468598842621 1.01469004154205 1.0147750377655 1.01704895496368 1.01739299297333 1.01953995227814 1.01910996437073 1.02470004558563 1.02480602264404 1.02694499492645 1.02703094482422 1.02943098545074 1.03147304058075
0.95754599571228 0.941281974315643 0.945472002029419 0.958665013313293 0.975676000118256 0.995400011539459 1.00791704654694 1.01118099689484 1.01184105873108 1.01389598846436 1.01806402206421 1.02260994911194 1.02262902259827 1.02494096755981 1.02523100376129 1.0256199836731 1.02525401115417 1.02357697486877 1.0217159986496 1.0163209438324 1.01429104804993 1.01429200172424 1.01157701015472 1.00215399265289 1.00097894668579 0.991334974765778 1.00206696987152 1.00668799877167 1.00871598720551 1.00700294971466 1.00856995582581 1.01267504692078 1.01079201698303 1.01049399375916 1.00698101520538 1.01206600666046 1.01217103004456 1.0152440071106 1.01734900474548 1.017245054245 1.01945400238037 1.0193589925766 1.02154302597046 1.02177798748016 1.02400696277618 1.02925097942352 1.03129303455353
0.93953400850296 0.941208004951477 0.935657024383545 0.95449298620224 0.970899999141693 0.990005016326904 0.998094975948334 1.00461101531982 1.01053297519684 1.01466000080109 1.01457703113556 1.01859402656555 1.0224369764328 1.02509796619415 1.02737402915955 1.02771198749542 1.02565002441406 1.02170395851135 1.01869797706604 1.01674294471741 1.01414597034454 1.01393699645996 1.0106760263443 1.00266695022583 0.988147020339966 0.975502014160156 0.983473002910614 0.975470006465912 0.998655021190643 1.00743401050568 1.01203501224518 1.01096105575562 1.01044905185699 1.01029396057129 1.01185703277588 1.00879096984863 1.00889801979065 1.00884902477264 1.01350796222687 1.01343297958374 1.01350903511047 1.01818799972534 1.02156901359558 1.02406001091003 1.02410900592804 1.02979099750519 1.0315819978714
0.916876971721649 0.919965028762817 0.92858499288559 0.94073897600174 0.969668984413147 0.983743011951447 0.988499999046326 1.00177502632141 1.0078489780426 1.00925195217133 1.01336896419525 1.01725196838379 1.02103698253632 1.02353596687317 1.02749300003052 1.02744495868683 1.0240730047226 1.02134299278259 1.01804304122925 1.01562201976776 1.01382195949554 1.00939202308655 0.999925017356873 0.980861008167267 0.970889985561371 0.957653999328613 0.944702982902527 0.944885015487671 0.962297022342682 0.995128989219666 1.00561797618866 1.0021710395813 1.00181698799133 1.00698304176331 1.00698602199554 1.00782001018524 1.00787305831909 1.00211405754089 1.00730299949646 1.00844705104828 1.00870800018311 1.01267898082733 1.01821804046631 1.02178394794464 1.02424299716949 1.02627396583557 1.02777802944183
0.901055991649628 0.912993013858795 0.909063994884491 0.930001020431519 0.952059984207153 0.970947027206421 0.984548985958099 1.00040197372437 1.00746500492096 1.00754797458649 1.01299500465393 1.01470005512238 1.01746296882629 1.01928699016571 1.02352905273438 1.02382397651672 1.02107501029968 1.01937699317932 1.01640701293945 1.01649498939514 1.01469302177429 1.00841200351715 1.00046002864838 0.982855975627899 0.962763011455536 0.946518003940582 0.908423006534576 0.893709003925323 0.930173993110657 0.957839012145996 0.980579972267151 0.979138016700745 0.974543988704681 0.980516016483307 0.995939016342163 0.992420971393585 0.987533986568451 0.995261013507843 1.00258004665375 1.0086749792099 1.00859200954437 1.00854694843292 1.01088905334473 1.01450204849243 1.01755201816559 1.01775801181793 1.02742505073547
0.87508499622345 0.894057989120483 0.901387989521027 0.916655004024506 0.933667004108429 0.961717009544373 0.974379003047943 0.997581005096436 1.00225496292114 1.01017999649048 1.01056802272797 1.01205801963806 1.01207602024078 1.01618897914886 1.01944005489349 1.01789104938507 1.01818597316742 1.01868104934692 1.01868605613708 1.01344096660614 1.00815403461456 1.00107502937317 0.989787995815277 0.96799898147583 0.96491801738739 0.932564973831177 0.901131987571716 0.878287017345428 0.896999001502991 0.92622697353363 0.947745025157928 0.957260012626648 0.964514970779419 0.955480992794037 0.967018008232117 0.964869976043701 0.972557008266449 0.973839998245239 0.991977989673615 1.00228297710419 1.00697803497314 1.00961494445801 1.01118195056915 1.01654601097107 1.01236498355865 1.02320301532745 1.02750599384308
0.869268000125885 0.888311982154846 0.886036992073059 0.894051015377045 0.907824993133545 0.929591000080109 0.965746998786926 0.987209022045135 1.00006103515625 1.00025296211243 1.00461101531982 1.01050901412964 1.01095199584961 1.01095795631409 1.01365101337433 1.01382899284363 1.0161429643631 1.016636967659 1.01868999004364 1.01023197174072 0.999840974807739 0.999388992786407 0.98403000831604 0.97530597448349 0.956547975540161 0.946211993694305 0.920427024364471 0.904937982559204 0.896461009979248 0.91467297077179 0.939079999923706 0.942267000675201 0.940732002258301 0.938598990440369 0.931335985660553 0.944864988327026 0.94300901889801 0.951852977275848 0.967077970504761 0.97375500202179 0.990372002124786 0.998013019561768 1.00362694263458 1.01157701015472 1.01780796051025 1.01933395862579 1.02943396568298
0.854660987854004 0.866346001625061 0.876178979873657 0.907552003860474 0.893764972686768 0.897704005241394 0.937286972999573 0.97094601392746 0.982524991035461 1.00047302246094 1.00323295593262 1.00733602046967 1.00916302204132 1.01116597652435 1.01122999191284 1.00773096084595 1.00710201263428 1.00841701030731 0.998778998851776 0.99889600276947 0.993593990802765 0.987644016742706 0.984703004360199 0.977088987827301 0.964936971664429 0.947200000286102 0.932554006576538 0.908603012561798 0.908394992351532 0.908026993274689 0.92425000667572 0.916715025901794 0.921827018260956 0.91253000497818 0.922854006290436 0.921527028083801 0.928395986557007 0.933646976947784 0.946847975254059 0.955668985843658 0.984179973602295 0.992515981197357 1.0055730342865 1.01339495182037 1.01539695262909 1.02030503749847 1.02923905849457
0.831129014492035 0.847817003726959 0.857994019985199 0.885438978672028 0.908478021621704 0.935455024242401 0.934388995170593 0.952378988265991 0.954321980476379 0.98013299703598 0.996504008769989 0.997060000896454 0.996689021587372 1.00165796279907 1.00313198566437 1.00434601306915 0.996367990970612 0.997457027435303 0.996487021446228 0.991253972053528 0.978824973106384 0.97850102186203 0.975228011608124 0.94990599155426 0.953746974468231 0.943042993545532 0.937400996685028 0.915742993354797 0.901037991046906 0.898204028606415 0.893714010715485 0.905878007411957 0.897051990032196 0.888759970664978 0.896191000938416 0.902450025081635 0.899990022182465 0.911550998687744 0.917079985141754 0.934203028678894 0.96160101890564 0.982046008110046 0.99947601556778 1.01256394386292 1.01973402500153 1.0222430229187 1.0310720205307
0.822211980819702 0.828674018383026 0.853336989879608 0.877457022666931 0.891964972019196 0.934552013874054 0.943615019321442 0.940279006958008 0.94081699848175 0.966978013515472 0.971536993980408 0.995205998420715 0.988076984882355 0.990882992744446 0.984596014022827 0.984170019626617 0.988308012485504 0.996028006076813 0.984884977340698 0.97850900888443 0.96833598613739 0.950582027435303 0.953706026077271 0.94071102142334 0.937556982040405 0.930149018764496 0.916863024234772 0.909102976322174 0.88569301366806 0.891515016555786 0.884064972400665 0.883894979953766 0.881693005561829 0.878732025623322 0.886654019355774 0.884190022945404 0.881356000900269 0.895258009433746 0.899154007434845 0.912837028503418 0.933247983455658 0.960946023464203 0.981975018978119 1.00893604755402 1.01322305202484 1.01923799514771 1.02265703678131
0.801441013813019 0.823746979236603 0.844771027565002 0.862796008586884 0.865212023258209 0.884809017181396 0.920768976211548 0.946273982524872 0.93774002790451 0.950555980205536 0.964271008968353 0.978440999984741 0.97085702419281 0.972034990787506 0.972593009471893 0.973269999027252 0.969628989696503 0.974507987499237 0.976531982421875 0.982204020023346 0.965129017829895 0.94167298078537 0.945654988288879 0.946350991725922 0.928367972373962 0.92857700586319 0.909404993057251 0.900707006454468 0.884862005710602 0.883750975131989 0.872720003128052 0.865725994110107 0.871078014373779 0.863053977489471 0.865230977535248 0.874520003795624 0.87815797328949 0.877385973930359 0.873018980026245 0.881798028945923 0.902122974395752 0.924308001995087 0.963326990604401 0.987457990646362 0.99882298707962 1.00479102134705 1.02087199687958
0.796060979366302 0.82185697555542 0.853619992733002 0.865208983421326 0.880620002746582 0.879512012004852 0.893999993801117 0.921078026294708 0.922375977039337 0.929126024246216 0.950850009918213 0.965462982654572 0.964272975921631 0.970758020877838 0.954487025737762 0.964173018932343 0.965487003326416 0.964579999446869 0.979331016540527 0.962815999984741 0.964938998222351 0.948598980903625 0.94524097442627 0.930427014827728 0.929369986057281 0.927163004875183 0.903358995914459 0.886933028697968 0.886340022087097 0.871932983398438 0.862254023551941 0.858062028884888 0.851323008537292 0.850318014621735 0.846358001232147 0.858124971389771 0.865616023540497 0.859853029251099 0.857441008090973 0.876079976558685 0.892898976802826 0.911228001117706 0.938605010509491 0.960681974887848 0.992985010147095 1.00710701942444 1.01312899589539
0.770551979541779 0.814400017261505 0.864112973213196 0.874567985534668 0.882434010505676 0.894971013069153 0.904866993427277 0.923556983470917 0.906910002231598 0.918998003005981 0.93351799249649 0.955821990966797 0.940703988075256 0.949180006980896 0.952620983123779 0.954685986042023 0.969147026538849 0.969766020774841 0.961328029632568 0.959744989871979 0.963607013225555 0.959142982959747 0.954286992549896 0.946307003498077 0.92128199338913 0.916471004486084 0.906367003917694 0.882575988769531 0.872641026973724 0.864799022674561 0.854649007320404 0.838105976581573 0.836898982524872 0.842526018619537 0.845432996749878 0.843100011348724 0.842662990093231 0.838862001895905 0.858792006969452 0.873567998409271 0.896793007850647 0.909309983253479 0.922132015228271 0.956550002098083 0.970816016197205 0.9981290102005 1.01147401332855
0.794517993927002 0.791921019554138 0.822229027748108 0.870564997196198 0.892762005329132 0.889567971229553 0.899707973003387 0.907604992389679 0.905242025852203 0.911943972110748 0.911238014698029 0.927960991859436 0.933547973632812 0.934266984462738 0.941959977149963 0.93979400396347 0.956391990184784 0.965471982955933 0.972298979759216 0.95661199092865 0.95958799123764 0.943259000778198 0.946451008319855 0.938133001327515 0.92051899433136 0.905278980731964 0.888431012630463 0.880921006202698 0.863642990589142 0.856621980667114 0.847114980220795 0.82871401309967 0.835234999656677 0.827489972114563 0.823270976543427 0.82199102640152 0.815357983112335 0.838805973529816 0.857738018035889 0.856962978839874 0.876838982105255 0.892259001731873 0.910830020904541 0.936177015304565 0.954299986362457 0.972827970981598 0.99271297454834
0.801088988780975 0.82819402217865 0.798434019088745 0.841727018356323 0.865924000740051 0.888867020606995 0.886825025081635 0.896193027496338 0.905713021755219 0.901229023933411 0.898029029369354 0.899770975112915 0.918640971183777 0.91161698102951 0.93825101852417 0.93895298242569 0.946134984493256 0.959966003894806 0.963928997516632 0.963437974452972 0.945268988609314 0.946708023548126 0.935756027698517 0.920680999755859 0.918622016906738 0.888110995292664 0.883239984512329 0.873290002346039 0.857800006866455 0.849493026733398 0.833378970623016 0.82108199596405 0.817934989929199 0.815083026885986 0.812366008758545 0.809584021568298 0.814155995845795 0.820267975330353 0.834600985050201 0.84265398979187 0.857658982276917 0.871681988239288 0.898817002773285 0.912263989448547 0.926407992839813 0.941974997520447 0.960587978363037
