ENMTML/All_vars/Predictors/EUR_only/bio29.asc
NCOLS 411 
NROWS 214 
XLLCORNER -11.5 
YLLCORNER 35.666666666112 
CELLSIZE 0.166666666666667 
NODATA_value -3.4e+38 
[rows 63 to 83 of 214, columns 94 to 140 of 411]
-3.4e+38 -3.4e+38 -3.4e+38 -3.4e+38 1.51636803150177 1.53171396255493 1.57004594802856 1.65714299678802 1.6842360496521 1.69909596443176 1.72193098068237 1.69327199459076 1.64026403427124 1.57378602027893 1.52113997936249 1.46841502189636 1.41603004932404 1.36827504634857 1.33453094959259 1.29823100566864 1.25576996803284 1.22787594795227 1.18730497360229 1.16634094715118 1.15074002742767 1.12612700462341 1.10599005222321 1.08909094333649 1.08189296722412 1.08262097835541 1.08838200569153 1.08123004436493 1.07156801223755 1.06954002380371 1.06852698326111 1.06769001483917 1.06256103515625 1.06383800506592 1.05784904956818 1.05203199386597 1.04764795303345 1.04850995540619 1.05520701408386 1.06166100502014 1.0635449886322 1.06396698951721 1.06461894512177
-3.4e+38 -3.4e+38 -3.4e+38 -3.4e+38 -3.4e+38 1.51856100559235 1.55385100841522 1.58289396762848 1.65588796138763 1.70272898674011 1.7282749414444 1.69792199134827 1.64042699337006 1.57187700271606 1.51881003379822 1.45285499095917 1.38901305198669 1.36398494243622 1.32335495948792 1.31012201309204 1.26539695262909 1.22999799251556 1.20204603672028 1.16062796115875 1.13221204280853 1.11759805679321 1.10591697692871 1.09951996803284 1.09208703041077 1.07868003845215 1.08790504932404 1.0879909992218 1.08622598648071 1.07480001449585 1.07317197322845 1.07379901409149 1.07154095172882 1.07057297229767 1.07158398628235 1.06977105140686 1.07125997543335 1.07165598869324 1.06994104385376 1.07589995861053 1.07768702507019 1.07778000831604 1.07271599769592
-3.4e+38 -3.4e+38 -3.4e+38 -3.4e+38 -3.4e+38 1.49092602729797 1.52456498146057 1.58489501476288 1.6433310508728 1.6824289560318 1.72343504428864 1.67728698253632 1.61586701869965 1.56519198417664 1.501384973526 1.44634199142456 1.41464495658875 1.34690201282501 1.31577801704407 1.28149497509003 1.25450205802917 1.21916997432709 1.19136202335358 1.16849601268768 1.14633905887604 1.12692403793335 1.11626696586609 1.10712802410126 1.10383999347687 1.10472595691681 1.08896005153656 1.08530795574188 1.08363604545593 1.08681404590607 1.08599400520325 1.08071398735046 1.08090996742249 1.07596099376678 1.08170902729034 1.08655405044556 1.08666098117828 1.08772695064545 1.08769202232361 1.09052896499634 1.08858597278595 1.08930397033691 1.0845890045166
-3.4e+38 -3.4e+38 -3.4e+38 -3.4e+38 -3.4e+38 1.47151803970337 1.49067795276642 1.53690302371979 1.58011603355408 1.62813496589661 1.64711904525757 1.62792003154755 1.5932240486145 1.57224202156067 1.49954700469971 1.47692596912384 1.42905402183533 1.37412905693054 1.33337903022766 1.29677903652191 1.25705599784851 1.22702598571777 1.19920897483826 1.17836403846741 1.16167294979095 1.14560103416443 1.13125896453857 1.1184229850769 1.10383498668671 1.09936201572418 1.09914302825928 1.09970998764038 1.08752298355103 1.08314096927643 1.08260297775269 1.08483302593231 1.08290100097656 1.08591198921204 1.09198403358459 1.09488499164581 1.09858298301697 1.10593497753143 1.10408997535706 1.10214304924011 1.09989404678345 1.09560596942902 1.09352505207062
-3.4e+38 -3.4e+38 -3.4e+38 -3.4e+38 -3.4e+38 -3.4e+38 1.45565700531006 1.48647499084473 1.53150296211243 1.5509330034256 1.56289303302765 1.59429395198822 1.58907294273376 1.56396698951721 1.49501299858093 1.4748740196228 1.43417203426361 1.38645994663239 1.33596801757812 1.29684400558472 1.26192998886108 1.22911405563354 1.20685994625092 1.18616497516632 1.16467702388763 1.15076696872711 1.13548696041107 1.11851394176483 1.12005698680878 1.09875798225403 1.09714305400848 1.09092998504639 1.08599805831909 1.08600199222565 1.08784604072571 1.0851069688797 1.08502995967865 1.09668600559235 1.09957194328308 1.10210299491882 1.10724496841431 1.11002802848816 1.11265897750854 1.10913896560669 1.10912203788757 1.10657405853271 1.1030900478363
-3.4e+38 -3.4e+38 -3.4e+38 -3.4e+38 -3.4e+38 -3.4e+38 1.43115401268005 1.49006199836731 1.49926197528839 1.51355397701263 1.56621098518372 1.58771395683289 1.5801819562912 1.54143297672272 1.49548101425171 1.46390402317047 1.41599500179291 1.38929200172424 1.33582103252411 1.29775404930115 1.26188099384308 1.24980998039246 1.21375894546509 1.17943203449249 1.16427397727966 1.15273296833038 1.13921701908112 1.11943602561951 1.10918796062469 1.10961604118347 1.10985195636749 1.0955890417099 1.09517705440521 1.09255301952362 1.09057402610779 1.09986400604248 1.09571003913879 1.09656405448914 1.09495496749878 1.09971499443054 1.10978698730469 1.11284804344177 1.11651599407196 1.11600399017334 1.11376798152924 1.11180198192596 1.10756301879883
-3.4e+38 -3.4e+38 -3.4e+38 -3.4e+38 -3.4e+38 -3.4e+38 1.40507698059082 1.43387496471405 -3.4e+38 1.46717202663422 1.51227605342865 1.53822004795074 1.55800199508667 1.53492295742035 1.50082302093506 1.44828605651855 1.41906201839447 1.37825798988342 1.33110499382019 1.28627097606659 1.24418795108795 1.21969401836395 1.20256400108337 1.15765202045441 1.15685403347015 1.15624105930328 1.14003098011017 1.13015997409821 1.11910605430603 1.10479605197906 1.11199104785919 1.10863494873047 1.10288095474243 1.09952402114868 1.09624195098877 1.10073399543762 1.09664499759674 1.09878897666931 1.10054099559784 1.10354804992676 1.11294400691986 1.11879599094391 1.11921000480652 1.11988699436188 1.11893105506897 1.1166330575943 1.11212599277496
-3.4e+38 -3.4e+38 -3.4e+38 -3.4e+38 -3.4e+38 -3.4e+38 1.37401294708252 1.39333295822144 1.43543601036072 1.46139395236969 1.48718905448914 1.53850400447845 1.53336203098297 1.5170179605484 1.49178397655487 1.44185101985931 1.41015899181366 1.37299799919128 1.33345103263855 1.29329001903534 1.28055095672607 1.22357404232025 1.17328405380249 1.16250205039978 1.15049505233765 1.14362502098083 1.13606095314026 1.1392879486084 1.12266600131989 1.11168801784515 1.10574305057526 1.11366605758667 1.11053502559662 1.10701704025269 1.10757005214691 1.1047899723053 1.10142195224762 1.10393905639648 1.10634899139404 1.10786700248718 1.11375200748444 1.11810195446014 1.12171304225922 1.12421798706055 1.12252902984619 1.11957204341888 1.11802697181702
-3.4e+38 -3.4e+38 -3.4e+38 -3.4e+38 -3.4e+38 -3.4e+38 1.34958600997925 1.36960804462433 1.38772201538086 1.42971003055573 1.45255398750305 1.46992897987366 1.50674903392792 1.51996695995331 1.4945160150528 1.46091604232788 1.422287940979 1.3839830160141 1.34115302562714 1.29830896854401 1.28181004524231 1.22643399238586 1.18977701663971 1.16343200206757 1.15116095542908 1.14392495155334 1.1363879442215 1.13421201705933 1.129802942276 1.11860799789429 1.11587703227997 1.12332105636597 1.12140703201294 1.12077605724335 1.11270594596863 1.10963094234467 1.10661697387695 1.10839402675629 -3.4e+38 1.11044704914093 1.115797996521 1.12057900428772 1.12251305580139 1.12662196159363 1.1267329454422 1.12157201766968 1.11773598194122
-3.4e+38 -3.4e+38 -3.4e+38 -3.4e+38 -3.4e+38 -3.4e+38 1.32284200191498 1.33799600601196 -3.4e+38 -3.4e+38 1.40641403198242 1.43905603885651 1.49396204948425 1.50473296642303 1.48869395256042 1.45925498008728 1.42078697681427 1.38361096382141 1.34584903717041 1.30518305301666 1.2756769657135 1.2405389547348 1.20706903934479 1.18016004562378 1.18251001834869 1.15884101390839 1.15458905696869 1.14509201049805 1.13894200325012 1.12804102897644 1.12065303325653 1.11834704875946 1.11622297763824 1.11718904972076 1.11451303958893 1.11226499080658 1.11216199398041 1.1119099855423 -3.4e+38 1.11402404308319 1.11686897277832 1.12018704414368 1.12611198425293 1.12968695163727 1.1287659406662 1.12488996982574 1.12274205684662
-3.4e+38 -3.4e+38 -3.4e+38 -3.4e+38 -3.4e+38 -3.4e+38 -3.4e+38 -3.4e+38 -3.4e+38 1.35456204414368 1.38905203342438 1.43461298942566 1.47659802436829 1.48978495597839 1.47812294960022 1.45303905010223 1.41460800170898 1.3867130279541 1.35641098022461 1.32059299945831 1.27896201610565 1.26008296012878 1.22933495044708 1.20272505283356 1.19175505638123 1.17958903312683 1.1705310344696 1.1618390083313 1.14682805538177 1.13790500164032 1.13151597976685 1.12574505805969 1.12097001075745 1.11657500267029 1.11709702014923 1.11302101612091 1.11293601989746 -3.4e+38 -3.4e+38 -3.4e+38 1.12001001834869 1.12286496162415 1.12802600860596 1.12991297245026 1.13202095031738 1.12970900535583 1.12526595592499
-3.4e+38 -3.4e+38 -3.4e+38 -3.4e+38 -3.4e+38 -3.4e+38 -3.4e+38 -3.4e+38 1.3021320104599 1.33051800727844 1.37670004367828 1.41152703762054 1.4525500535965 1.4791419506073 1.47230696678162 1.44494903087616 1.4132159948349 1.38817298412323 1.36101996898651 1.33052504062653 1.29415202140808 1.26382303237915 1.24951803684235 1.22864699363708 1.21271502971649 1.19902694225311 1.18171894550323 1.17784202098846 1.16375803947449 1.14824903011322 1.13892805576324 1.13072204589844 1.12385296821594 -3.4e+38 -3.4e+38 -3.4e+38 -3.4e+38 -3.4e+38 -3.4e+38 -3.4e+38 -3.4e+38 -3.4e+38 1.12605905532837 1.13265800476074 1.13215601444244 1.12954604625702 1.12488198280334
-3.4e+38 -3.4e+38 -3.4e+38 -3.4e+38 -3.4e+38 -3.4e+38 -3.4e+38 -3.4e+38 1.29620504379272 1.33384597301483 1.38329195976257 1.41864895820618 1.43574094772339 1.4553370475769 1.45279598236084 1.42770195007324 1.41164600849152 1.39128696918488 1.36837804317474 1.33665704727173 1.31163597106934 1.28180205821991 1.27087795734406 1.24939894676208 1.23301196098328 1.2192360162735 1.20270502567291 1.18875205516815 1.17264103889465 1.15480601787567 1.14402103424072 -3.4e+38 -3.4e+38 -3.4e+38 -3.4e+38 -3.4e+38 -3.4e+38 -3.4e+38 -3.4e+38 -3.4e+38 -3.4e+38 -3.4e+38 1.12302601337433 1.12800204753876 1.12790095806122 1.1279239654541 1.12524795532227
-3.4e+38 -3.4e+38 -3.4e+38 -3.4e+38 -3.4e+38 -3.4e+38 -3.4e+38 -3.4e+38 -3.4e+38 1.33477902412415 1.36565804481506 1.38301503658295 1.41751503944397 1.43060195446014 1.43368601799011 1.42164897918701 1.40797305107117 1.3895560503006 1.37283301353455 1.34291696548462 1.319659948349 1.29572200775146 1.28978800773621 1.2732150554657 1.2566419839859 1.24249601364136 1.22186303138733 1.19853794574738 1.1767270565033 1.16218900680542 -3.4e+38 -3.4e+38 -3.4e+38 -3.4e+38 -3.4e+38 -3.4e+38 -3.4e+38 -3.4e+38 -3.4e+38 -3.4e+38 -3.4e+38 -3.4e+38 1.11804497241974 1.11996495723724 1.12129998207092 1.12311804294586 1.12260603904724
-3.4e+38 -3.4e+38 -3.4e+38 -3.4e+38 -3.4e+38 -3.4e+38 -3.4e+38 -3.4e+38 -3.4e+38 -3.4e+38 1.33655095100403 1.36857998371124 1.39174902439117 1.4146820306778 1.41915798187256 1.41690802574158 1.40287101268768 1.38966405391693 1.36661994457245 1.34070801734924 1.32661294937134 1.31292903423309 1.30148804187775 1.29425096511841 1.28742003440857 1.26824903488159 1.23372101783752 1.20585799217224 -3.4e+38 -3.4e+38 -3.4e+38 -3.4e+38 -3.4e+38 -3.4e+38 -3.4e+38 -3.4e+38 -3.4e+38 -3.4e+38 -3.4e+38 -3.4e+38 -3.4e+38 -3.4e+38 1.11163997650146 1.11461102962494 1.11573803424835 1.11879301071167 1.12089002132416
-3.4e+38 -3.4e+38 -3.4e+38 -3.4e+38 -3.4e+38 -3.4e+38 -3.4e+38 -3.4e+38 -3.4e+38 -3.4e+38 -3.4e+38 -3.4e+38 -3.4e+38 1.40126204490662 1.40591394901276 1.40102303028107 1.39421999454498 1.38053596019745 1.36164999008179 1.34265494346619 1.32487595081329 1.3157399892807 1.30359697341919 1.29726099967957 1.28971195220947 1.26676297187805 -3.4e+38 -3.4e+38 -3.4e+38 -3.4e+38 -3.4e+38 -3.4e+38 -3.4e+38 -3.4e+38 -3.4e+38 -3.4e+38 -3.4e+38 -3.4e+38 -3.4e+38 -3.4e+38 -3.4e+38 -3.4e+38 -3.4e+38 1.10763096809387 1.10976505279541 1.11281299591064 1.11890304088593
-3.4e+38 -3.4e+38 -3.4e+38 -3.4e+38 -3.4e+38 -3.4e+38 -3.4e+38 -3.4e+38 -3.4e+38 -3.4e+38 -3.4e+38 -3.4e+38 -3.4e+38 -3.4e+38 -3.4e+38 1.3804520368576 1.37132704257965 1.35518896579742 1.34610903263092 1.33150196075439 1.31350004673004 1.30481898784637 1.29115903377533 -3.4e+38 -3.4e+38 -3.4e+38 -3.4e+38 -3.4e+38 -3.4e+38 -3.4e+38 -3.4e+38 -3.4e+38 -3.4e+38 -3.4e+38 -3.4e+38 -3.4e+38 -3.4e+38 -3.4e+38 -3.4e+38 -3.4e+38 -3.4e+38 -3.4e+38 -3.4e+38 -3.4e+38 1.10472297668457 1.10719799995422 1.11774694919586
-3.4e+38 -3.4e+38 -3.4e+38 -3.4e+38 -3.4e+38 -3.4e+38 -3.4e+38 -3.4e+38 -3.4e+38 -3.4e+38 -3.4e+38 -3.4e+38 -3.4e+38 -3.4e+38 -3.4e+38 -3.4e+38 -3.4e+38 -3.4e+38 -3.4e+38 -3.4e+38 -3.4e+38 -3.4e+38 -3.4e+38 -3.4e+38 -3.4e+38 -3.4e+38 -3.4e+38 -3.4e+38 -3.4e+38 -3.4e+38 -3.4e+38 -3.4e+38 -3.4e+38 -3.4e+38 -3.4e+38 -3.4e+38 -3.4e+38 -3.4e+38 -3.4e+38 -3.4e+38 -3.4e+38 -3.4e+38 -3.4e+38 -3.4e+38 1.09943401813507 1.10535705089569 1.11456704139709
-3.4e+38 -3.4e+38 -3.4e+38 -3.4e+38 -3.4e+38 -3.4e+38 -3.4e+38 -3.4e+38 -3.4e+38 -3.4e+38 -3.4e+38 -3.4e+38 -3.4e+38 -3.4e+38 -3.4e+38 -3.4e+38 -3.4e+38 -3.4e+38 -3.4e+38 -3.4e+38 -3.4e+38 -3.4e+38 -3.4e+38 -3.4e+38 -3.4e+38 -3.4e+38 -3.4e+38 -3.4e+38 -3.4e+38 -3.4e+38 -3.4e+38 -3.4e+38 -3.4e+38 -3.4e+38 -3.4e+38 -3.4e+38 -3.4e+38 -3.4e+38 -3.4e+38 -3.4e+38 -3.4e+38 -3.4e+38 -3.4e+38 -3.4e+38 -3.4e+38 1.10092198848724 1.11176002025604
-3.4e+38 -3.4e+38 -3.4e+38 -3.4e+38 -3.4e+38 -3.4e+38 -3.4e+38 -3.4e+38 -3.4e+38 -3.4e+38 -3.4e+38 -3.4e+38 -3.4e+38 -3.4e+38 -3.4e+38 -3.4e+38 -3.4e+38 -3.4e+38 -3.4e+38 -3.4e+38 -3.4e+38 -3.4e+38 -3.4e+38 -3.4e+38 -3.4e+38 -3.4e+38 -3.4e+38 -3.4e+38 -3.4e+38 -3.4e+38 -3.4e+38 -3.4e+38 -3.4e+38 -3.4e+38 1.09591901302338 1.0917249917984 1.0869619846344 1.08848905563354 -3.4e+38 -3.4e+38 -3.4e+38 -3.4e+38 -3.4e+38 -3.4e+38 -3.4e+38 -3.4e+38 1.11298394203186
-3.4e+38 -3.4e+38 -3.4e+38 -3.4e+38 -3.4e+38 -3.4e+38 -3.4e+38 -3.4e+38 -3.4e+38 -3.4e+38 -3.4e+38 -3.4e+38 -3.4e+38 -3.4e+38 -3.4e+38 -3.4e+38 -3.4e+38 -3.4e+38 -3.4e+38 -3.4e+38 -3.4e+38 -3.4e+38 -3.4e+38 -3.4e+38 -3.4e+38 -3.4e+38 -3.4e+38 -3.4e+38 -3.4e+38 -3.4e+38 -3.4e+38 -3.4e+38 -3.4e+38 1.09585404396057 1.09197700023651 1.08854603767395 1.08569097518921 1.08351397514343 -3.4e+38 -3.4e+38 -3.4e+38 -3.4e+38 -3.4e+38 -3.4e+38 -3.4e+38 -3.4e+38 1.10556495189667
