ENMTML/All_vars/Predictors/EUR_only/bio28.asc
NCOLS 411 
NROWS 214 
XLLCORNER -11.5 
YLLCORNER 35.666666666112 
CELLSIZE 0.166666666666667 
NODATA_value -3.4e+38 
[rows 100 to 119 of 214, columns 322 to 367 of 411]
0.78451669216156 0.775411486625671 0.772365272045135 0.776257574558258 0.776979625225067 0.777759790420532 0.769154489040375 0.769855380058289 0.769050717353821 0.768396615982056 0.76737368106842 0.772657215595245 0.777658700942993 0.771716475486755 0.769729018211365 0.7599818110466 0.764134407043457 0.764226675033569 0.758565187454224 0.753085315227509 0.765669226646423 0.756846010684967 0.757915616035461 0.759570598602295 0.757745683193207 0.754027724266052 0.747785925865173 0.744468808174133 0.742394208908081 0.746353328227997 0.751177072525024 0.754585921764374 0.753858327865601 0.748527884483337 0.745330572128296 0.73966658115387 0.738752603530884 0.739580094814301 0.72763067483902 0.727855324745178 0.731491684913635 0.734300494194031 0.740941524505615 0.744045317173004 0.749889016151428 0.754411816596985
0.773356318473816 0.767839074134827 0.767773389816284 0.766290128231049 0.769352614879608 0.767544329166412 0.770555913448334 0.768784582614899 0.770369589328766 0.766028225421906 0.760790824890137 0.764167726039886 0.768676519393921 0.768217027187347 0.767920970916748 0.762192726135254 0.761199414730072 0.758294522762299 0.756215274333954 0.755311012268066 0.761868417263031 0.76068788766861 0.76619291305542 0.756099224090576 0.758064389228821 0.7522953748703 0.749348878860474 0.741268515586853 0.749747216701508 0.741301417350769 0.750603318214417 0.762027025222778 0.752672970294952 0.746502578258514 0.746507227420807 0.741699993610382 0.731393218040466 0.72431892156601 0.722675323486328 0.726723790168762 0.728588223457336 0.736563801765442 0.742994904518127 0.747241318225861 0.746013820171356 0.750855028629303
0.76997572183609 0.767506182193756 0.761773586273193 0.75963968038559 0.75960648059845 0.761837780475616 0.763207018375397 0.765255093574524 0.767162382602692 0.756748914718628 0.758098721504211 0.764509677886963 0.762711524963379 0.759966313838959 0.760966420173645 0.762531518936157 0.76280951499939 0.760271191596985 0.755734622478485 0.760782420635223 0.762992382049561 0.759888589382172 0.756096184253693 0.748279988765717 0.747445285320282 0.743121683597565 0.749107420444489 0.752845227718353 0.748995780944824 0.75292581319809 0.748204588890076 0.753653287887573 0.753742098808289 0.743414998054504 0.740515172481537 0.739450693130493 0.729818880558014 0.717203915119171 0.720922112464905 0.724767982959747 0.726593911647797 0.734663188457489 0.737784087657928 0.742788791656494 0.738452792167664 0.735905587673187
0.761505603790283 0.76232522726059 0.753840208053589 0.75755101442337 0.752916693687439 0.755535781383514 0.760618507862091 0.761153519153595 0.760183870792389 0.757636189460754 0.752311587333679 0.752457678318024 0.760064721107483 0.760883986949921 0.762543320655823 0.760340690612793 0.757337510585785 0.754188120365143 0.758565425872803 0.761502027511597 0.769220292568207 0.760726273059845 0.748498976230621 0.752889692783356 0.756804406642914 0.759855270385742 0.765140473842621 0.756806373596191 0.746499598026276 0.750008523464203 0.744037628173828 0.742774784564972 0.751607120037079 0.747752010822296 0.736910820007324 0.729572772979736 0.73383891582489 0.730613529682159 0.719864010810852 0.70778751373291 0.721688091754913 0.727529883384705 0.726355791091919 0.724659085273743 0.728922426700592 0.733399093151093
0.753296673297882 0.755864799022675 0.751281917095184 0.749853789806366 0.750634014606476 0.7523233294487 0.756218910217285 0.756463229656219 0.755247116088867 0.749953925609589 0.753581523895264 0.753941476345062 0.752700626850128 0.754719495773315 0.756536781787872 0.755544483661652 0.759481370449066 0.758893489837646 0.760667085647583 0.758426427841187 0.760411083698273 0.751420795917511 0.76066517829895 0.75652951002121 0.754578471183777 0.754239976406097 0.758854508399963 0.762964010238647 0.758885622024536 0.749516010284424 0.748510718345642 0.745305478572845 0.740746319293976 0.740764081478119 0.727672219276428 0.731515824794769 0.735026478767395 0.740240275859833 0.744238495826721 0.72348952293396 0.70955091714859 0.712071418762207 0.716937303543091 0.721621096134186 0.73229968547821 0.738898694515228
0.749432921409607 0.744371771812439 0.747251689434052 0.742571711540222 0.748332023620605 0.750578284263611 0.753146290779114 0.751381516456604 0.749999701976776 0.745360970497131 0.754392087459564 0.755077421665192 0.755418717861176 0.758777916431427 0.751434624195099 0.753388404846191 0.757444083690643 0.75249320268631 0.753342270851135 0.75128298997879 0.756079018115997 0.765092313289642 0.76233297586441 0.761690020561218 0.756367325782776 0.74946540594101 0.758031725883484 0.759632170200348 0.760108828544617 0.746787488460541 0.750860095024109 0.746823012828827 0.739318609237671 0.733444392681122 0.726452827453613 0.729167103767395 0.726685702800751 0.719741106033325 0.721544682979584 0.711047470569611 0.69908618927002 0.706408023834229 0.710723578929901 0.716787278652191 0.726485073566437 0.735353708267212
0.748087525367737 0.74213832616806 0.733726918697357 0.73972362279892 0.74292117357254 0.747300982475281 0.749085485935211 0.748240113258362 0.7477667927742 0.74067348241806 0.741755425930023 0.747033715248108 0.745948672294617 0.746303915977478 0.752734482288361 0.744806587696075 0.747978210449219 0.747727870941162 0.745001792907715 0.75345242023468 0.757508218288422 0.759265303611755 0.758844375610352 0.761743009090424 0.758764326572418 0.753849923610687 0.75152862071991 0.758042573928833 0.75384110212326 0.751493513584137 0.755245387554169 0.747958898544312 0.744700789451599 0.736313998699188 0.73307067155838 0.723254501819611 0.711600184440613 0.694454610347748 0.704438626766205 0.709573984146118 0.691206872463226 0.697596192359924 0.70650178194046 0.713525712490082 0.718895375728607 0.732527077198029
0.74437028169632 0.739168286323547 0.7345290184021 0.731163203716278 0.738274276256561 0.742968916893005 0.749449610710144 0.745230793952942 0.743982911109924 0.743932783603668 0.739219486713409 0.745223104953766 0.742521584033966 0.74186772108078 0.743946492671967 0.743803203105927 0.742318511009216 0.738816976547241 0.746195316314697 0.750322282314301 0.755758285522461 0.757219970226288 0.755644917488098 0.754883408546448 0.755000710487366 0.754383087158203 0.756794273853302 0.759451389312744 0.758757829666138 0.749243915081024 0.741681277751923 0.737998306751251 0.74291318655014 0.729511082172394 0.724402725696564 0.719784617424011 0.716607391834259 0.696721017360687 0.675802826881409 0.688665986061096 0.692651689052582 0.690123617649078 0.699875175952911 0.714993119239807 0.722459614276886 0.732776284217834
0.737565994262695 0.739262282848358 0.735542178153992 0.731397986412048 0.735352277755737 0.737782716751099 0.739499688148499 0.740943193435669 0.744192123413086 0.741768598556519 0.735645115375519 0.740465581417084 0.743803918361664 0.740679323673248 0.740323305130005 0.739563584327698 0.736017525196075 0.730277180671692 0.737731218338013 0.745255708694458 0.749545514583588 0.747960209846497 0.751844584941864 0.746242821216583 0.746431708335876 0.747466087341309 0.75020831823349 0.755981922149658 0.754644393920898 0.745833873748779 0.742655873298645 0.731825828552246 0.736368775367737 0.727651417255402 0.712999880313873 0.707556784152985 0.699847102165222 0.674411296844482 0.662008106708527 0.67478358745575 0.679811716079712 0.683656215667725 0.692940771579742 0.707071006298065 0.715061128139496 0.72042590379715
0.733807504177094 0.737026989459991 0.735927283763885 0.735723912715912 0.735877871513367 0.736062824726105 0.732652127742767 0.73591160774231 0.737214982509613 0.737788379192352 0.733081519603729 0.735531270503998 0.735169887542725 0.734273016452789 0.73138040304184 0.726483523845673 0.72727757692337 0.729451775550842 0.734980285167694 0.732858002185822 0.731498420238495 0.736586213111877 0.73542457818985 0.737702906131744 0.747035384178162 0.746086120605469 0.748749077320099 0.753255009651184 0.752209424972534 0.746954083442688 0.740273416042328 0.733503818511963 0.728105008602142 0.723687410354614 0.716210126876831 0.705365180969238 0.685390293598175 0.660517871379852 0.654491722583771 0.659612596035004 0.66656368970871 0.675046324729919 0.681676983833313 0.688175618648529 0.692814707756042 0.699056923389435
0.734246611595154 0.736206889152527 0.735209226608276 0.732201218605042 0.730452179908752 0.728264987468719 0.726347923278809 0.727525174617767 0.731486082077026 0.728664875030518 0.72974818944931 0.729324221611023 0.72751247882843 0.727397680282593 0.723102688789368 0.72469288110733 0.728683471679688 0.728192329406738 0.723971903324127 0.724143207073212 0.730956375598907 0.733339428901672 0.736171126365662 0.734899878501892 0.738335788249969 0.740667819976807 0.743025779724121 0.746141672134399 0.751916706562042 0.752179026603699 0.753100574016571 0.742901027202606 0.729644596576691 0.72221827507019 0.715670526027679 0.711920201778412 0.70642477273941 0.68132621049881 0.659559190273285 0.663752973079681 0.666338622570038 0.673262774944305 0.678967177867889 0.684195578098297 0.688373982906342 0.695079028606415
0.731544375419617 0.73282390832901 0.732443988323212 0.728718221187592 0.726924419403076 0.728853523731232 0.727722883224487 0.725831925868988 0.72751247882843 0.727003216743469 0.724383413791656 0.718337416648865 0.719998776912689 0.715984106063843 0.717917084693909 0.718682825565338 0.71643328666687 0.716840028762817 0.719196021556854 0.717914700508118 0.71881628036499 0.722437679767609 0.728773891925812 0.732234597206116 0.739168584346771 0.739025473594666 0.737840116024017 0.743575274944305 0.748911917209625 0.750245094299316 0.74347597360611 0.738069117069244 0.732320725917816 0.727558791637421 0.715347290039062 0.701501905918121 0.694549202919006 0.67361968755722 0.668393313884735 0.667085409164429 0.671237885951996 0.679526507854462 0.679858922958374 0.681074380874634 0.688143193721771 0.693542778491974
0.729266405105591 0.731326282024384 0.724186301231384 0.723150372505188 0.726034224033356 0.725446820259094 0.725664913654327 0.723554611206055 0.722328424453735 0.72093677520752 0.714737415313721 0.711101472377777 0.707737922668457 0.708251774311066 0.709737122058868 0.714683711528778 0.71161550283432 0.709014415740967 0.708967685699463 0.709733486175537 0.711233019828796 0.712135672569275 0.715611219406128 0.720171570777893 0.728253126144409 0.732694387435913 0.732135117053986 0.737429916858673 0.740589380264282 0.742620825767517 0.741586029529572 0.72821831703186 0.724894106388092 0.715945482254028 0.714660227298737 0.704779088497162 0.679825723171234 0.673263013362885 0.671339094638824 0.671170473098755 0.667866408824921 0.667246878147125 0.671471178531647 0.67417711019516 0.6812664270401 0.685381174087524
0.720987379550934 0.724996328353882 0.719565570354462 0.719522178173065 0.720242202281952 0.720786690711975 0.720725476741791 0.717292070388794 0.711076617240906 0.707645416259766 0.709068298339844 0.708302795886993 0.703989684581757 0.701108515262604 0.699661612510681 0.700961410999298 0.697587907314301 0.69989287853241 0.70139491558075 0.702122688293457 0.702233195304871 0.702337920665741 0.704974114894867 0.715812683105469 0.718921422958374 0.724130213260651 0.726517975330353 0.72319108247757 0.724226117134094 0.728877484798431 0.730651676654816 0.726611793041229 0.725374221801758 0.721935987472534 0.720406472682953 0.699016094207764 0.680177271366119 0.674787878990173 0.670516073703766 0.667442381381989 0.66643500328064 0.66465812921524 0.668300688266754 0.669733285903931 0.671206772327423 0.670753180980682
0.717062413692474 0.713879227638245 0.71279102563858 0.71691370010376 0.716088116168976 0.717417418956757 0.715596914291382 0.708152413368225 0.706141829490662 0.707808613777161 0.706652998924255 0.705910384654999 0.702533721923828 0.695763885974884 0.690586924552917 0.688048124313354 0.688171327114105 0.687093913555145 0.680497109889984 0.681762397289276 0.686460912227631 0.689165771007538 0.694528520107269 0.702227413654327 0.708643674850464 0.703212082386017 0.709522187709808 0.710641503334045 0.718428671360016 0.71944272518158 0.72433477640152 0.735606372356415 0.724529623985291 0.712892591953278 0.699780404567719 0.681325376033783 0.675266921520233 0.670748889446259 0.663267076015472 0.658182621002197 0.653660178184509 0.653698325157166 0.657396614551544 0.657695114612579 0.65542197227478 0.651797473430634
0.70751678943634 0.707760214805603 0.71055668592453 0.710830628871918 0.712467312812805 0.711609482765198 0.708773016929626 0.702860176563263 0.702268481254578 0.704017698764801 0.700373113155365 0.698752999305725 0.698574602603912 0.687673628330231 0.686459183692932 0.683381974697113 0.676217019557953 0.667025685310364 0.66857248544693 0.674303114414215 0.674862682819366 0.669856786727905 0.6727135181427 0.680909514427185 0.684926390647888 0.682697713375092 0.691115617752075 0.698197901248932 0.704156994819641 0.718925476074219 0.731335997581482 0.725175082683563 0.708707571029663 0.697031915187836 0.686801612377167 0.678857207298279 0.668824970722198 0.663912296295166 0.658190190792084 0.653550803661346 0.646323025226593 0.641916811466217 0.635377705097198 0.634993076324463 0.640491485595703 0.641543984413147
0.704465985298157 0.701656520366669 0.705360293388367 0.703939080238342 0.701165676116943 0.702792882919312 0.702409207820892 0.695195317268372 0.69504177570343 0.690540313720703 0.692061126232147 0.689843416213989 0.686981022357941 0.683272480964661 0.674901306629181 0.668959975242615 0.659646570682526 0.650894582271576 0.651642501354218 0.6592156291008 0.663766384124756 0.656386971473694 0.657483875751495 0.654448688030243 0.664218604564667 0.676682472229004 0.677622497081757 0.685948371887207 0.700658321380615 0.704040586948395 0.700981080532074 0.701533317565918 0.692753374576569 0.685845494270325 0.676532387733459 0.668119311332703 0.65845251083374 0.6500244140625 0.645180523395538 0.637195706367493 0.636585593223572 0.632056415081024 0.628511011600494 0.626115083694458 0.628096222877502 0.628031492233276
0.698434889316559 0.695150971412659 0.697511672973633 0.697906970977783 0.696452617645264 0.697171926498413 0.695540428161621 0.69342041015625 0.691933274269104 0.690086126327515 0.686614215373993 0.684517323970795 0.677420318126678 0.671721220016479 0.660423278808594 0.654935479164124 0.640368223190308 0.638823509216309 0.639150083065033 0.640666425228119 0.640692889690399 0.63638037443161 0.628947615623474 0.637408673763275 0.641889929771423 0.648803174495697 0.657324314117432 0.669687986373901 0.67509388923645 0.682202816009521 0.687062919139862 0.686512172222137 0.681095778942108 0.672720789909363 0.661622583866119 0.653026223182678 0.651115715503693 0.646032512187958 0.637292921543121 0.635439813137054 0.635676801204681 0.624575614929199 0.61501532793045 0.609062314033508 0.607335925102234 0.607467770576477
0.68848180770874 0.688483476638794 0.690696716308594 0.69001978635788 0.690634727478027 0.690127193927765 0.688948392868042 0.689735770225525 0.684523284435272 0.681802570819855 0.679285287857056 0.670853614807129 0.665493428707123 0.658966898918152 0.651833415031433 0.63729852437973 0.631165623664856 0.629920303821564 0.622410297393799 0.616667211055756 0.618545114994049 0.620801687240601 0.618675589561462 0.617234885692596 0.625999927520752 0.63711678981781 0.644338726997375 0.653664886951447 0.661076486110687 0.668605327606201 0.670362889766693 0.672784984111786 0.669150829315186 0.661524891853333 0.648803412914276 0.641890704631805 0.639601111412048 0.633608818054199 0.628688812255859 0.619289100170135 0.614545881748199 0.608257174491882 0.596518099308014 0.594237327575684 0.596962690353394 0.59086000919342
0.684080481529236 0.684459209442139 0.685795903205872 0.68951952457428 0.686931073665619 0.686502575874329 0.685144484043121 0.681097686290741 0.677177309989929 0.670243918895721 0.665257573127747 0.66192227602005 0.655898690223694 0.648262619972229 0.633149683475494 0.62616240978241 0.618764400482178 0.621988773345947 0.611203670501709 0.608822822570801 0.609218120574951 0.609007775783539 0.594102025032043 0.600450098514557 0.613267004489899 0.624284625053406 0.634136319160461 0.640918374061584 0.64386910200119 0.647817671298981 0.650012612342834 0.650515496730804 0.644960999488831 0.643217384815216 0.633922576904297 0.632481873035431 0.621508896350861 0.614127516746521 0.606338918209076 0.605068027973175 0.593377590179443 0.591332912445068 0.585548877716064 0.578447222709656 0.576121389865875 0.574646770954132
