ENMTML/All_vars/Predictors/EUR_only/bio29.asc
NCOLS 440 
NROWS 275 
XLLCORNER -11.5 
YLLCORNER 25.4999999994691 
CELLSIZE 0.166666666666667 
NODATA_value -3.4e+38 
[rows 100 to 119 of 275, columns 368 to 413 of 440]
1.01858997344971 1.02353405952454 1.02363896369934 1.02593600749969 1.02572298049927 1.02856802940369 1.02980005741119 1.02982997894287 1.02969598770142 1.02961003780365 1.02961599826813 1.03082501888275 1.03065598011017 1.03063297271729 1.03647100925446 1.03866100311279 1.0385240316391 1.04099297523499 1.04071295261383 1.04042303562164 1.03524804115295 1.03503799438477 1.03499400615692 1.03467798233032 1.03692805767059 1.03687596321106 1.04236698150635 1.04193902015686 1.03771102428436 1.04177403450012 1.04342305660248 1.0436669588089 1.04333603382111 1.0421370267868 1.04297995567322 1.04272401332855 1.03960394859314 1.03725099563599 1.03485596179962 1.02915799617767 1.02201199531555 1.01824295520782 1.01585102081299 1.00556302070618 1.00604999065399 1.00646305084229
1.01882600784302 1.02087903022766 1.02086997032166 1.02608394622803 1.02619898319244 1.02833497524261 1.0301970243454 1.03088998794556 1.03218996524811 1.03199398517609 1.03196704387665 1.03074502944946 1.03252303600311 1.03271198272705 1.03875696659088 1.03875803947449 1.0408730506897 1.04120397567749 1.04090094566345 1.03663194179535 1.03763103485107 1.03503203392029 1.03750705718994 1.03715395927429 1.03697204589844 1.03689205646515 1.04244995117188 1.03775501251221 1.03759694099426 1.03869605064392 1.03842997550964 1.0380380153656 1.03793001174927 1.04011297225952 1.03868901729584 1.03729999065399 1.03737902641296 1.03606796264648 1.02885103225708 1.02415800094604 1.0180389881134 1.01317000389099 1.0103759765625 0.999854028224945 0.999514997005463 0.989589989185333
1.01771605014801 1.0211169719696 1.0261310338974 1.02781105041504 1.02778303623199 1.03014099597931 1.03330600261688 1.03335201740265 1.03323197364807 1.03434503078461 1.03418695926666 1.03400695323944 1.03524005413055 1.03521203994751 1.03644204139709 1.04105603694916 1.03702795505524 1.03798794746399 1.0378760099411 1.0377060174942 1.03742802143097 1.03513503074646 1.03734195232391 1.03825497627258 1.03938400745392 1.03677904605865 1.04031300544739 1.04015898704529 1.03890204429626 1.03731894493103 1.03718197345734 1.03343796730042 1.03613901138306 1.03518903255463 1.03399896621704 1.03485298156738 1.0314530134201 1.03142404556274 1.02772796154022 1.01977896690369 1.01571404933929 1.01204395294189 1.0152759552002 1.01287603378296 1.00960505008698 0.997605979442596
1.021075963974 1.02623701095581 1.02804899215698 1.02792203426361 1.03032600879669 1.03014600276947 1.03462600708008 1.03569102287292 1.03548800945282 1.03489005565643 1.03644299507141 1.03629696369171 1.03607201576233 1.03592801094055 1.03832697868347 1.03805303573608 1.03812301158905 1.03777003288269 1.03768503665924 1.03752100467682 1.03740096092224 1.03335702419281 1.03711104393005 1.03815901279449 1.03803896903992 1.03802096843719 1.03790998458862 1.04024398326874 1.03770196437836 1.03509294986725 1.03217697143555 1.03208303451538 1.03437399864197 1.03181898593903 1.03153502941132 1.03151202201843 1.02993702888489 1.02684605121613 1.02193903923035 1.01561605930328 1.01447105407715 1.01095402240753 1.01150596141815 0.982887029647827 1.00996005535126 0.960515975952148
1.02277100086212 1.02590095996857 1.02825200557709 1.03042304515839 1.03263604640961 1.03439795970917 1.03404998779297 1.03465795516968 1.03445601463318 1.03759503364563 1.03890800476074 1.03864097595215 1.03964698314667 1.0405809879303 1.04044198989868 1.04029500484467 1.04016900062561 1.03882300853729 1.03860998153687 1.03742396831512 1.03730499744415 1.03410303592682 1.03332602977753 1.03329396247864 1.03568196296692 1.03564405441284 1.03537797927856 1.03454399108887 1.03431105613708 1.03264999389648 1.02984201908112 1.02717995643616 1.03205895423889 1.02947497367859 1.0294029712677 1.02704703807831 1.02678799629211 1.02217102050781 1.01412403583527 1.01282596588135 1.01298797130585 1.01379799842834 1.01157796382904 0.978677988052368 0.982627987861633 0.96381801366806
1.02592194080353 1.02831399440765 1.0282210111618 1.03219401836395 1.03428399562836 1.03417503833771 1.03470301628113 1.03756499290466 1.03671002388 1.03987896442413 1.03973495960236 1.04073202610016 1.04058194160461 1.04153501987457 1.04010796546936 1.04021596908569 1.03901398181915 1.0359799861908 1.03613495826721 1.03412199020386 1.0359480381012 1.03573501110077 1.03332698345184 1.03314101696014 1.03309297561646 1.03482496738434 1.03455805778503 1.03032898902893 1.03003704547882 1.02768504619598 1.02755403518677 1.02990996837616 1.02989304065704 1.02729499340057 1.02488303184509 1.02292501926422 1.01843404769897 1.01426994800568 1.01085305213928 1.00105404853821 1.00486195087433 1.0117210149765 1.00766003131866 0.9757239818573 0.96357399225235 0.949958980083466
1.02831101417542 1.03055894374847 1.03266203403473 1.03264796733856 1.03290104866028 1.03603994846344 1.03817498683929 1.03868103027344 1.03837597370148 1.03894805908203 1.04179394245148 1.04005694389343 1.04291296005249 1.04250597953796 1.04252898693085 1.03854203224182 1.03692305088043 1.03604102134705 1.03592097759247 1.03579103946686 1.03347396850586 1.03518199920654 1.03107798099518 1.03094005584717 1.03077304363251 1.03059005737305 1.02814602851868 1.02556395530701 1.02505600452423 1.029953956604 1.03007102012634 1.03017997741699 1.02565097808838 1.02470505237579 1.02028000354767 1.01542496681213 1.01105296611786 1.00845205783844 1.00039196014404 0.993197977542877 0.981884002685547 1.00756299495697 0.988837003707886 0.967293977737427 0.945388972759247 0.94023597240448
1.02870297431946 1.03076803684235 1.03508496284485 1.03743505477905 1.03768002986908 1.03840899467468 1.03796696662903 1.03853499889374 1.03821897506714 1.0387190580368 1.04094195365906 1.04142796993256 1.04377698898315 1.04596102237701 1.0419989824295 1.04067301750183 1.038419008255 1.03833699226379 1.03324401378632 1.03090798854828 1.03094601631165 1.03075397014618 1.03087294101715 1.0306099653244 1.02537000179291 1.02533102035522 1.02539002895355 1.02524995803833 1.02526199817657 1.02576899528503 1.02566397190094 1.02593994140625 1.02511703968048 1.01964199542999 1.01414799690247 1.0079859495163 0.994894981384277 0.995064973831177 0.990143001079559 0.996038973331451 1.00305199623108 0.981544971466064 0.978747010231018 0.939719021320343 0.918578028678894 0.888109982013702
1.02710103988647 1.03131496906281 1.03521800041199 1.03975701332092 1.03714203834534 1.03712403774261 1.037034034729 1.03696203231812 1.03730702400208 1.04099798202515 1.04163300991058 1.04605197906494 1.04533398151398 1.0481630563736 1.04280698299408 1.04320001602173 1.04066503047943 1.03829503059387 1.03357803821564 1.03342294692993 1.0309100151062 1.02550399303436 1.02523398399353 1.02331602573395 1.02383494377136 1.02015602588654 1.02014803886414 1.02017295360565 1.02000904083252 1.02096700668335 1.02007400989532 1.02116298675537 1.01702702045441 1.0118590593338 1.00226497650146 1.00200998783112 0.978725016117096 0.990190029144287 0.967969000339508 0.97112500667572 0.968572020530701 0.963054001331329 0.9376540184021 0.909711003303528 0.917921006679535 0.868641972541809
1.02584600448608 1.03131401538849 1.0336320400238 1.03968703746796 1.03945803642273 1.03725004196167 1.03707897663116 1.03704500198364 1.03693699836731 1.03866505622864 1.04064202308655 1.04350101947784 1.04672205448151 1.04673898220062 1.04462397098541 1.0406060218811 1.03588700294495 1.0358350276947 1.03338599205017 1.02772700786591 1.02783000469208 1.02553403377533 1.02181303501129 1.0217889547348 1.02029597759247 1.01946794986725 1.01583194732666 1.01232898235321 1.0136079788208 1.01424205303192 1.01734900474548 1.01463305950165 1.01217603683472 1.00058305263519 0.999972999095917 0.986078023910522 0.95073002576828 0.947668015956879 0.937343001365662 0.927179992198944 0.931599020957947 0.932295024394989 0.904241979122162 0.882371008396149 0.885816991329193 0.83449798822403
1.02576804161072 1.03133797645569 1.0334620475769 1.03733396530151 1.03733396530151 1.03501796722412 1.03265202045441 1.03438496589661 1.03648805618286 1.0367339849472 1.03878903388977 1.04272401332855 1.04480195045471 1.04443299770355 1.04220902919769 1.0377049446106 1.03568994998932 1.02972197532654 1.02721095085144 1.02096605300903 1.02093696594238 1.0157550573349 1.01587498188019 1.01439094543457 1.01034998893738 1.01035904884338 1.01244699954987 1.01268696784973 1.00803101062775 0.995198011398315 0.995700001716614 0.999653995037079 0.997775018215179 0.997870981693268 0.979521989822388 0.968650996685028 0.93522697687149 0.930136978626251 0.902837991714478 0.895851016044617 0.90057897567749 0.908163011074066 0.877323985099792 0.862101972103119 0.859663009643555 0.832499027252197
1.0257580280304 1.02703201770782 1.03052604198456 1.03287100791931 1.03287601470947 1.03275001049042 1.03255701065063 1.0321329832077 1.03195405006409 1.03659498691559 1.03643202781677 1.0387179851532 1.03866505622864 1.03833699226379 1.03592097759247 1.0297919511795 1.02936100959778 1.02757704257965 1.02267301082611 1.0210520029068 1.0146290063858 1.01453697681427 1.00669300556183 0.999670028686523 0.988753020763397 0.989727973937988 0.994551002979279 0.986573994159698 0.988011002540588 0.971526980400085 0.961914002895355 0.970486998558044 0.974030017852783 0.948774993419647 0.949204981327057 0.944351017475128 0.925463020801544 0.920822024345398 0.916817009449005 0.89665699005127 0.874028980731964 0.872606992721558 0.858147978782654 0.855870008468628 0.832786023616791 0.827050983905792
1.02467000484467 1.0269980430603 1.02790701389313 1.02932798862457 1.02832496166229 1.02825403213501 1.02803802490234 1.02825498580933 1.02936995029449 1.03131496906281 1.03099703788757 1.03079903125763 1.03213405609131 1.02999496459961 1.02944898605347 1.0225750207901 1.01919198036194 1.01865994930267 1.01455998420715 1.00419700145721 1.00085496902466 0.999616980552673 0.981459975242615 0.972093999385834 0.971333026885986 0.958706021308899 0.957565009593964 0.954886972904205 0.957624018192291 0.953208029270172 0.94335001707077 0.927918016910553 0.939427971839905 0.921893000602722 0.912069022655487 0.913465976715088 0.89367800951004 0.897329986095428 0.916176021099091 0.862488985061646 0.842206001281738 0.842935979366302 0.846260011196136 0.824854016304016 0.828020989894867 0.818382978439331
1.02142298221588 1.02298605442047 1.02296102046967 1.02286601066589 1.02284801006317 1.02366697788239 1.02418100833893 1.02464699745178 1.02458703517914 1.02358603477478 1.02351498603821 1.02119100093842 1.01701605319977 1.01698994636536 1.0205409526825 1.01549696922302 1.01457405090332 1.00701296329498 0.998341023921967 0.986459016799927 0.973402976989746 0.965910971164703 0.951692998409271 0.945963025093079 0.945813000202179 0.946846008300781 0.941528022289276 0.933465003967285 0.936074018478394 0.928054988384247 0.927053987979889 0.914252996444702 0.898802995681763 0.887574970722198 0.886577010154724 0.866652011871338 0.86701899766922 0.871097028255463 0.87438702583313 0.838454008102417 0.821738004684448 0.84257298707962 0.819516003131866 0.825556993484497 0.809480011463165 0.800625026226044
1.01591300964355 1.01931500434875 1.0212949514389 1.0212869644165 1.01921498775482 1.01632404327393 1.01717305183411 1.01510894298553 1.01506304740906 1.01746702194214 1.01340901851654 1.00993800163269 1.00672805309296 1.00477004051208 1.00174105167389 1.00176799297333 0.988373994827271 0.987895011901855 0.963770985603333 0.958820998668671 0.947772026062012 0.922113001346588 0.93427699804306 0.919817984104156 0.92075502872467 0.913829982280731 0.90684300661087 0.906000018119812 0.908747971057892 0.903703987598419 0.887928009033203 0.887745976448059 0.870886981487274 0.863367021083832 0.863026022911072 0.856280028820038 0.85001802444458 0.842051029205322 0.837310016155243 0.810698986053467 0.794331014156342 0.798740983009338 0.792343974113464 0.796806991100311 0.794088006019592 0.772727012634277
1.01436305046082 1.01596796512604 1.01603996753693 1.01597797870636 1.01327097415924 1.00523102283478 0.989256024360657 0.992533981800079 0.984221994876862 0.986213028430939 0.974928975105286 0.975040018558502 0.972666025161743 0.971931993961334 0.966767013072968 0.952975988388062 0.946255028247833 0.935760974884033 0.931158006191254 0.932137012481689 0.917557001113892 0.907124996185303 0.892973005771637 0.89341402053833 0.88605797290802 0.885492980480194 0.891635000705719 0.890760004520416 0.885547995567322 0.872677028179169 0.859872996807098 0.858889997005463 0.844714999198914 0.836575984954834 0.836080014705658 0.837176978588104 0.82106602191925 0.814570009708405 0.810634970664978 0.79961097240448 0.774933993816376 0.789448022842407 0.776261985301971 0.788051009178162 0.780948996543884 0.754653990268707
0.984544992446899 0.997739970684052 1.00096499919891 0.99050498008728 0.98999297618866 0.972401976585388 0.963401019573212 0.94922798871994 0.932767987251282 0.922854006290436 0.917137980461121 0.90733402967453 0.909927010536194 0.910391986370087 0.91786402463913 0.917623996734619 0.90182900428772 0.892681002616882 0.892729997634888 0.882448971271515 0.876393973827362 0.864530026912689 0.858621001243591 0.853380978107452 0.853284001350403 0.846430003643036 0.855886995792389 0.848954975605011 0.847876012325287 0.83482301235199 0.826762020587921 0.831555008888245 0.819594025611877 0.820236027240753 0.811735987663269 0.802820980548859 0.78854900598526 0.783013999462128 0.782737970352173 0.78089702129364 0.760761976242065 0.76308000087738 0.774776995182037 0.750963985919952 0.7552729845047 0.738976001739502
0.968506991863251 0.96968799829483 0.961003005504608 0.952682971954346 0.943075001239777 0.934612989425659 0.912688016891479 0.892017006874084 0.881928980350494 0.861308991909027 0.869018018245697 0.870697975158691 0.862070024013519 0.861675024032593 0.861847996711731 0.869111001491547 0.862084984779358 0.843976974487305 0.844026982784271 0.839353978633881 0.828944027423859 0.825269997119904 0.824782013893127 0.824944019317627 0.812412977218628 0.812910974025726 0.803916990756989 0.80638200044632 0.798371970653534 0.798254013061523 0.797926008701324 0.798364996910095 0.79618102312088 0.786375999450684 0.785520017147064 0.787980973720551 0.788004994392395 0.780290007591248 0.76451700925827 0.747955024242401 0.742672026157379 0.759167015552521 0.746975004673004 0.732204973697662 0.725992023944855 0.726538002490997
0.926557004451752 0.920126974582672 0.920764982700348 0.911791026592255 0.892522990703583 0.88434499502182 0.864362001419067 0.847205996513367 0.832588970661163 0.81138402223587 0.812527000904083 0.818475008010864 0.81334400177002 0.812600016593933 0.82005500793457 0.820264995098114 0.819361984729767 0.810531973838806 0.803735971450806 0.798943996429443 0.7917720079422 0.782553970813751 0.776036024093628 0.778276979923248 0.77097100019455 0.761373996734619 0.764168977737427 0.764321982860565 0.772206008434296 0.774948000907898 0.776160001754761 0.786902010440826 0.786846995353699 0.783728003501892 0.779491007328033 0.760276019573212 0.754015982151031 0.753561019897461 0.746029019355774 0.747798979282379 0.731715023517609 0.732089996337891 0.712638974189758 0.710667014122009 0.70735502243042 0.700525999069214
0.896134972572327 0.885803997516632 0.885389983654022 0.888266980648041 0.863444983959198 0.844838976860046 0.828176021575928 0.798443019390106 0.777629971504211 0.763764023780823 0.76255202293396 0.773310005664825 0.77299302816391 0.778298020362854 0.779456973075867 0.77921998500824 0.772702991962433 0.771722018718719 0.764813005924225 0.764982998371124 0.763891994953156 0.753154993057251 0.750033974647522 0.745526015758514 0.745181024074554 0.745388984680176 0.745577991008759 0.749273002147675 0.75782698392868 0.771777987480164 0.772082984447479 0.762960016727448 0.761546015739441 0.760717988014221 0.763203978538513 0.761597990989685 0.745764970779419 0.730195999145508 0.729921996593475 0.722504019737244 0.706902027130127 0.709177017211914 0.703272998332977 0.695779979228973 0.694527983665466 0.691295027732849
