ENMTML/All_vars/Predictors/EUR_only/bio29.asc
NCOLS 440 
NROWS 275 
XLLCORNER -11.5 
YLLCORNER 25.4999999994691 
CELLSIZE 0.166666666666667 
NODATA_value -3.4e+38 
[rows 40 to 59 of 275, columns 322 to 367 of 440]
1.05405104160309 1.05381202697754 1.05415201187134 1.05372595787048 1.05426204204559 1.05633401870728 1.05632197856903 1.05260396003723 1.05363404750824 1.05356597900391 1.05332005023956 1.05373203754425 1.05333697795868 1.05362701416016 1.05306005477905 1.05342698097229 1.05553698539734 1.05554902553558 1.0551689863205 1.0545539855957 1.05457699298859 1.05458199977875 1.05462694168091 1.05459499359131 1.05697000026703 1.05710697174072 1.05987703800201 1.06198596954346 1.06452703475952 1.0645409822464 1.06722497940063 1.0671169757843 1.06742405891418 1.06718504428864 1.06488394737244 1.0643550157547 1.06475496292114 1.06462502479553 1.06466400623322 1.06419098377228 1.06244003772736 1.06235504150391 1.064208984375 1.06427705287933 1.0647029876709 1.0648410320282
1.05386900901794 1.05414605140686 1.05376994609833 1.05376899242401 1.05313503742218 1.05267298221588 1.05304801464081 1.05300998687744 1.0536299943924 1.05364203453064 1.05342304706573 1.05367004871368 1.05331802368164 1.05333602428436 1.05312204360962 1.05341994762421 1.05549597740173 1.05436205863953 1.05454194545746 1.05422294139862 1.05462300777435 1.05457901954651 1.05462801456451 1.05463695526123 1.05690097808838 1.05707097053528 1.05947196483612 1.05961799621582 1.06206405162811 1.06487500667572 1.06470704078674 1.06692898273468 1.06694102287292 1.06730997562408 1.06678104400635 1.06501197814941 1.06441700458527 1.06427299976349 1.06249797344208 1.0619729757309 1.06200504302979 1.06211698055267 1.06219100952148 1.06447398662567 1.06461203098297 1.064581990242
1.0511360168457 1.0506500005722 1.05042505264282 1.05041897296906 1.05067002773285 1.05370604991913 1.05375194549561 1.05364096164703 1.05364298820496 1.05343103408813 1.05338394641876 1.05337798595428 1.05331301689148 1.05345404148102 1.05315697193146 1.05312895774841 1.05306994915009 1.05549800395966 1.05305802822113 1.0555020570755 1.05516695976257 1.0541900396347 1.05462503433228 1.05459094047546 1.05481600761414 1.05661499500275 1.05703604221344 1.05910098552704 1.059779047966 1.06202399730682 1.06448197364807 1.0645489692688 1.06455898284912 1.06463003158569 1.06463301181793 1.06441497802734 1.06447803974152 1.06447994709015 1.06427097320557 1.06190204620361 1.06191396713257 1.06409299373627 1.06464397907257 1.06440603733063 1.06441497802734 1.06448304653168
1.05076801776886 1.05054402351379 1.05049097537994 1.05153203010559 1.05376100540161 1.05372703075409 1.05376303195953 1.05349004268646 1.05341196060181 1.05342400074005 1.05341494083405 1.05340301990509 1.05279004573822 1.05308997631073 1.05278205871582 1.05275595188141 1.05305099487305 1.05417597293854 1.05448997020721 1.05455601215363 1.05450701713562 1.05422496795654 1.05666196346283 1.05674803256989 1.05673897266388 1.05663597583771 1.05668699741364 1.056725025177 1.05909895896912 1.05951297283173 1.06192302703857 1.06176805496216 1.06203496456146 1.06218099594116 1.06395900249481 1.06433403491974 1.06201505661011 1.06203997135162 1.0618200302124 1.06184494495392 1.06428194046021 1.06435298919678 1.06442296504974 1.06427597999573 1.06457495689392 1.06442499160767
1.05049300193787 1.05057299137115 1.05151200294495 1.05151200294495 1.05115699768066 1.05144500732422 1.05107700824738 1.05103194713593 1.05103802680969 1.05139899253845 1.05110204219818 1.05075097084045 1.05075001716614 1.05074405670166 1.05104398727417 1.05309498310089 1.05276894569397 1.05308401584625 1.05384600162506 1.05453503131866 1.05421805381775 1.05461096763611 1.05666100978851 1.05681502819061 1.05681502819061 1.05914700031281 1.056715965271 1.05682504177094 1.05915403366089 1.05711305141449 1.05921399593353 1.05932605266571 1.05969095230103 1.06187403202057 1.0616489648819 1.06162595748901 1.06202101707458 1.06171202659607 1.06171202659607 1.06420695781708 1.06391000747681 1.06428301334381 1.06425702571869 1.06436896324158 1.06445205211639 1.06451797485352
1.05041003227234 1.05069100856781 1.05051398277283 1.05046701431274 1.05013704299927 1.05114197731018 1.05109202861786 1.05109298229218 1.05080103874207 1.0534360408783 1.05343103408813 1.05077695846558 1.05104994773865 1.05105102062225 1.05064404010773 1.05105400085449 1.0507949590683 1.0530389547348 1.05271899700165 1.05308794975281 1.05166602134705 1.05410397052765 1.05457603931427 1.05641901493073 1.05642998218536 1.05643701553345 1.05678403377533 1.05651795864105 1.05920195579529 1.05886900424957 1.05891704559326 1.05932199954987 1.05717396736145 1.05698502063751 1.0591629743576 1.05913197994232 1.05918800830841 1.06160700321198 1.06127905845642 1.06380200386047 1.0641850233078 1.06421399116516 1.06415700912476 1.06429600715637 1.06645798683167 1.06656503677368
1.05017399787903 1.04987096786499 1.05032002925873 1.05091404914856 1.05151796340942 1.05108404159546 1.05312299728394 1.05087995529175 1.05307698249817 1.05309498310089 1.05211102962494 1.05306100845337 1.05279695987701 1.05281901359558 1.05277800559998 1.05277597904205 1.05273699760437 1.05273604393005 1.05273604393005 1.05266499519348 1.05240595340729 1.05169999599457 1.05417704582214 1.0563440322876 1.0562789440155 1.05634701251984 1.05636203289032 1.05651497840881 1.05866599082947 1.05689799785614 1.05683100223541 1.05656397342682 1.05656599998474 1.05633997917175 1.05551600456238 1.0567079782486 1.05909705162048 1.06126999855042 1.06149399280548 1.06396496295929 1.06404304504395 1.06375503540039 1.06412196159363 1.06375896930695 1.064169049263 1.06595599651337
1.05016303062439 1.05003702640533 1.05092394351959 1.05115497112274 1.05090701580048 1.05085599422455 1.05083501338959 1.0508519411087 1.05080997943878 1.05283105373383 1.05174005031586 1.05167901515961 1.05071401596069 1.05273795127869 1.05184698104858 1.05178201198578 1.0517430305481 1.05167603492737 1.05174899101257 1.05175304412842 1.05352199077606 1.05138301849365 1.0516539812088 1.05381596088409 1.05394399166107 1.05389797687531 1.0539139509201 1.0563930273056 1.05643999576569 1.05682599544525 1.05682396888733 1.05645596981049 1.05641794204712 1.05418801307678 1.0541570186615 1.05639600753784 1.05905902385712 1.06118905544281 1.06135702133179 1.06137001514435 1.06387102603912 1.06391000747681 1.06392800807953 1.0638370513916 1.06422901153564 1.06645202636719
1.0500990152359 1.04943299293518 1.05053699016571 1.05055499076843 1.0506739616394 1.04858994483948 1.04852497577667 1.05061495304108 1.05074596405029 1.05075705051422 1.05248701572418 1.05035603046417 1.05072402954102 1.05064904689789 1.05006802082062 1.05166697502136 1.05170798301697 1.05171704292297 1.05172097682953 1.0517590045929 1.05176103115082 1.0534520149231 1.05378305912018 1.05341899394989 1.05362200737 1.05359399318695 1.05394899845123 1.05395495891571 1.05614399909973 1.05607604980469 1.05646002292633 1.05645501613617 1.05377602577209 1.05622696876526 1.05408501625061 1.05620396137238 1.05852603912354 1.06102097034454 1.06121599674225 1.0633749961853 1.06375205516815 1.06369400024414 1.0636990070343 1.0637069940567 1.06627404689789 1.06631994247437
1.0494589805603 1.04985094070435 1.04735004901886 1.0476039648056 1.04721999168396 1.0475800037384 1.04814803600311 1.04850602149963 1.05018901824951 1.05040395259857 1.05036401748657 1.05016899108887 1.05013501644135 1.05039799213409 1.05003798007965 1.05006194114685 1.05209898948669 1.05206799507141 1.05129098892212 1.05106997489929 1.05107498168945 1.05100095272064 1.05108094215393 1.05108296871185 1.05378699302673 1.05343496799469 1.05348598957062 1.05351102352142 1.05384194850922 1.05391705036163 1.0560599565506 1.05606698989868 1.05646002292633 1.05577898025513 1.0557849407196 1.05856096744537 1.05879604816437 1.06112003326416 1.06328499317169 1.06365501880646 1.06574201583862 1.06604897975922 1.06574404239655 1.06597399711609 1.06575894355774 1.06620705127716
1.04978597164154 1.04915201663971 1.0470609664917 1.04320800304413 1.04474294185638 1.04480302333832 1.04688394069672 1.04685401916504 1.047935962677 1.04806101322174 1.05013203620911 1.05014097690582 1.0500899553299 1.05009198188782 1.05003297328949 1.04998099803925 1.04998695850372 1.05202603340149 1.0519859790802 1.05169904232025 1.05199098587036 1.05195105075836 1.05104100704193 1.05093598365784 1.05093598365784 1.05102097988129 1.05094695091248 1.05349504947662 1.05345499515533 1.05357301235199 1.05384194850922 1.05384504795074 1.0559389591217 1.05628895759583 1.05625295639038 1.05870294570923 1.06079494953156 1.061115026474 1.06312298774719 1.06581294536591 1.06582796573639 1.06590497493744 1.06584405899048 1.06836402416229 1.06630098819733 1.06599605083466
1.05143201351166 1.04920101165771 1.04682803153992 1.04474496841431 1.04267501831055 1.04472804069519 1.04472804069519 1.0446640253067 1.0445419549942 1.04788398742676 1.04785597324371 1.04949903488159 1.04969298839569 1.05008602142334 1.04997003078461 1.0496369600296 1.04964601993561 1.05201494693756 1.05102396011353 1.05102801322937 1.05102002620697 1.05092000961304 1.0509660243988 1.05052900314331 1.05093097686768 1.05086100101471 1.05093896389008 1.05094599723816 1.05304396152496 1.05342996120453 1.05342900753021 1.05374598503113 1.05583202838898 1.0555260181427 1.0582799911499 1.06067597866058 1.06108295917511 1.06308996677399 1.06577599048615 1.06567299365997 1.06594705581665 1.06799697875977 1.06800198554993 1.0681129693985 1.06613099575043 1.06793296337128
1.05124604701996 1.04916799068451 1.04645395278931 1.04470598697662 1.0444929599762 1.04454898834229 1.04447603225708 1.04447603225708 1.04423904418945 1.04435002803802 1.04445397853851 1.04758298397064 1.0477739572525 1.04775297641754 1.0494339466095 1.04973602294922 1.04960799217224 1.04990196228027 1.05193901062012 1.04964697360992 1.05054998397827 1.05059099197388 1.05055904388428 1.05045199394226 1.05053794384003 1.05050694942474 1.05063796043396 1.05079197883606 1.05303394794464 1.05305194854736 1.05327904224396 1.05536305904388 1.05536699295044 1.05598402023315 1.05815100669861 1.06084799766541 1.06293499469757 1.06294000148773 1.06513702869415 1.06555700302124 1.06788098812103 1.06784296035767 1.06788802146912 1.06789803504944 1.06793105602264 1.06804800033569
1.05123603343964 1.04852700233459 1.04648196697235 1.04412603378296 1.04139196872711 1.04153299331665 1.04053902626038 1.04038894176483 1.04441094398499 1.04189705848694 1.04148697853088 1.04380202293396 1.04599905014038 1.04646301269531 1.0470780134201 1.04931199550629 1.04930400848389 1.04964399337769 1.04926598072052 1.05053496360779 1.05055797100067 1.05047905445099 1.05026805400848 1.05026400089264 1.05015504360199 1.05016195774078 1.05051505565643 1.05083703994751 1.05266201496124 1.05297303199768 1.05536496639252 1.05529499053955 1.05561697483063 1.05760300159454 1.05773496627808 1.06038701534271 1.06277596950531 1.06275999546051 1.06494498252869 1.06733798980713 1.06795597076416 1.07005405426025 1.07005202770233 1.0680810213089 1.06783401966095 1.06789398193359
1.05122697353363 1.04850494861603 1.04613494873047 1.04445803165436 1.03918504714966 1.04057204723358 1.03969299793243 1.03996300697327 1.04161298274994 1.04181098937988 1.04190301895142 1.04222297668457 1.04358804225922 1.04361295700073 1.04361402988434 1.04364204406738 1.04417705535889 1.04563200473785 1.04923701286316 1.04918897151947 1.05123400688171 1.05018103122711 1.05018699169159 1.05014705657959 1.05020594596863 1.05022203922272 1.05053496360779 1.05041003227234 1.0525050163269 1.05255699157715 1.05282294750214 1.05521595478058 1.05523097515106 1.05785000324249 1.05776703357697 1.06032395362854 1.06267702579498 1.06282603740692 1.06513702869415 1.06751203536987 1.06738805770874 1.06947100162506 1.06983196735382 1.06774604320526 1.06751894950867 1.06759405136108
1.0527069568634 1.04849004745483 1.04616796970367 1.04381000995636 1.04128801822662 1.04173302650452 1.04157102108002 1.04402697086334 1.04398095607758 1.04315805435181 1.04599297046661 1.04463195800781 1.04358696937561 1.04361796379089 1.04361796379089 1.04356503486633 1.0433109998703 1.04340600967407 1.04336905479431 1.0458060503006 1.04579901695251 1.04616594314575 1.04639899730682 1.05087101459503 1.04852700233459 1.04730999469757 1.04845094680786 1.04720497131348 1.05207705497742 1.05243694782257 1.05240201950073 1.0547159910202 1.05472600460052 1.05734395980835 1.05765402317047 1.0601350069046 1.06244599819183 1.0626699924469 1.0646059513092 1.06483602523804 1.06847894191742 1.06853199005127 1.06852805614471 1.06833398342133 1.06833100318909 1.06609499454498
1.05291199684143 1.04847002029419 1.04570603370667 1.04402804374695 1.04338395595551 1.04384398460388 1.04379498958588 1.04702305793762 1.04682397842407 1.04612898826599 1.04606103897095 1.04909098148346 1.04914402961731 1.04869604110718 1.04525601863861 1.04494094848633 1.04481399059296 1.04498505592346 1.04315900802612 1.04317605495453 1.04388797283173 1.04415702819824 1.04389095306396 1.04372501373291 1.04534101486206 1.0453690290451 1.04694604873657 1.04695200920105 1.04722702503204 1.04788899421692 1.05019199848175 1.05223095417023 1.05487203598022 1.05730998516083 1.05749702453613 1.05958604812622 1.06220400333405 1.06313502788544 1.06452596187592 1.0669139623642 1.06707000732422 1.06915497779846 1.06840205192566 1.06747102737427 1.06725001335144 1.06732296943665
1.05247902870178 1.05004799365997 1.04811596870422 1.04607105255127 1.04613494873047 1.04591703414917 1.04893898963928 1.04931795597076 1.0492559671402 1.049232006073 1.04915595054626 1.04930305480957 1.05141794681549 1.05102896690369 1.05092597007751 1.05085396766663 1.04658699035645 1.04498994350433 1.04473698139191 1.04467797279358 1.04456996917725 1.0454089641571 1.0438129901886 1.04154205322266 1.03976202011108 1.03957295417786 1.04156494140625 1.04526102542877 1.04791605472565 1.04764997959137 1.05199503898621 1.05447697639465 1.05444896221161 1.05710196495056 1.05737900733948 1.06073796749115 1.06095802783966 1.06309497356415 1.06542599201202 1.06803297996521 1.06829297542572 1.06742894649506 1.06742298603058 1.06830596923828 1.0681300163269 1.06623196601868
1.05198204517365 1.04997205734253 1.04974603652954 1.0477249622345 1.04778695106506 1.05141699314117 1.05097103118896 1.05097103118896 1.05116403102875 1.05148005485535 1.05120205879211 1.05100202560425 1.05130696296692 1.05087995529175 1.05088496208191 1.05077195167542 1.0507709980011 1.05077695846558 1.05069804191589 1.05010902881622 1.04769396781921 1.04536104202271 1.04059195518494 1.03907203674316 1.03913700580597 1.03953003883362 1.03932797908783 1.03917396068573 1.0453200340271 1.04745995998383 1.04862201213837 1.05024600028992 1.05365300178528 1.05797505378723 1.05816495418549 1.05573904514313 1.06092894077301 1.06300401687622 1.06564605236053 1.06586897373199 1.06668102741241 1.0668740272522 1.06818497180939 1.06726396083832 1.06803297996521 1.06711494922638
1.05426895618439 1.05195999145508 1.05203199386597 1.05001604557037 1.04986095428467 1.05333304405212 1.05091297626495 1.05091297626495 1.05152904987335 1.05081605911255 1.05103302001953 1.05091404914856 1.05088603496552 1.05081903934479 1.05012905597687 1.04818499088287 1.04952502250671 1.04762995243073 1.04765200614929 1.04776895046234 1.04761600494385 1.04762995243073 1.0473610162735 1.04529201984406 1.03931605815887 1.03911900520325 1.03932094573975 1.03928601741791 1.04158794879913 1.04523098468781 1.04735398292542 1.04980301856995 1.05258595943451 1.05346894264221 1.05485200881958 1.06050002574921 1.06038594245911 1.06314301490784 1.0652379989624 1.06575298309326 1.06653201580048 1.06787395477295 1.06788098812103 1.06788194179535 1.06727004051208 1.06791603565216
