ENMTML/All_vars/Predictors/EUR_only/bio28.asc
NCOLS 411 
NROWS 214 
XLLCORNER -11.5 
YLLCORNER 35.666666666112 
CELLSIZE 0.166666666666667 
NODATA_value -3.4e+38 
[rows 140 to 159 of 214, columns 138 to 183 of 411]
1.0392370223999 1.03516399860382 1.02448105812073 1.01635205745697 1.02579998970032 1.03424501419067 1.04384803771973 1.04918801784515 1.04771900177002 1.07178902626038 1.08975195884705 1.10241603851318 1.09755098819733 1.08748304843903 1.0855770111084 1.06927502155304 1.05461704730988 1.04940402507782 1.04336595535278 1.03287494182587 1.03731894493103 1.03661298751831 1.04234194755554 1.03954994678497 1.0246330499649 1.02603805065155 0.998837172985077 0.910938382148743 0.783046782016754 0.751827418804169 0.754902422428131 0.716312885284424 0.717057704925537 0.714117884635925 0.70212322473526 0.685189783573151 0.666622221469879 0.64765191078186 0.642362415790558 0.638426721096039 0.649598777294159 0.674611389636993 0.677288174629211 0.687758922576904 0.774281680583954 0.716590881347656
1.04322397708893 1.04684996604919 1.04683494567871 1.03246200084686 1.0514110326767 1.05341005325317 1.07223904132843 1.08336794376373 1.07810604572296 1.07839703559875 1.11937701702118 1.12464201450348 1.13363897800446 1.15073800086975 1.15141105651855 1.13457703590393 1.10487794876099 1.10102605819702 1.07244801521301 1.0680810213089 1.06764602661133 1.08220100402832 1.07176005840302 1.07083094120026 1.07505297660828 1.06158304214478 1.02404201030731 0.89462012052536 0.850742280483246 0.792021691799164 0.730817019939423 0.688085973262787 0.690646171569824 0.685939610004425 0.680509924888611 0.665461778640747 0.645722210407257 0.634792923927307 0.630245685577393 0.632318377494812 0.638488471508026 0.675641715526581 0.675410985946655 0.685992181301117 0.727412283420563 0.68885612487793
1.05939304828644 1.06581103801727 1.06499099731445 1.04321098327637 1.05244600772858 1.05654096603394 1.08975696563721 1.09565305709839 1.11483001708984 1.12950801849365 1.13503003120422 1.14376902580261 1.15047299861908 1.15594696998596 1.14976704120636 1.14994895458221 1.13070201873779 1.10923898220062 1.11188995838165 1.09147894382477 1.10279703140259 1.10268497467041 1.08823096752167 1.07293605804443 1.052325963974 1.06835603713989 1.06088197231293 1.01011002063751 0.972367584705353 0.854776322841644 0.763853788375854 0.710216701030731 0.688560783863068 0.681910574436188 0.670632183551788 0.657139420509338 0.646624505519867 0.646054804325104 0.639056026935577 0.646631479263306 0.656367421150208 0.692383289337158 0.692242205142975 0.690140724182129 0.715965509414673 0.661623418331146
1.08743798732758 1.05316996574402 1.03911805152893 1.04811894893646 1.06324100494385 1.07654201984406 1.08947002887726 1.09266602993011 1.12216997146606 1.13744294643402 1.11611199378967 1.13403797149658 1.1627299785614 1.1644229888916 1.14386904239655 1.14705502986908 1.16190505027771 1.15065395832062 1.14323401451111 1.12469005584717 1.09179294109344 1.06169605255127 1.05111396312714 1.05412101745605 1.0715320110321 1.04344296455383 1.03326201438904 0.988077223300934 0.95200389623642 0.885214388370514 0.769175887107849 0.715335786342621 0.696519911289215 0.687836527824402 0.673909723758698 0.660129308700562 0.656585872173309 0.672328472137451 0.686024010181427 0.678850412368774 0.690143585205078 0.694433927536011 0.674046277999878 0.6745725274086 0.68203467130661 0.655226290225983
1.07149398326874 1.09487700462341 1.06310701370239 1.10560500621796 1.0934020280838 1.09154403209686 1.09781897068024 1.10716998577118 1.10634303092957 1.11510896682739 1.13073301315308 1.15884101390839 1.16871201992035 1.17399001121521 1.17635405063629 1.16601705551147 1.14880704879761 1.12836897373199 1.11282694339752 1.08491897583008 1.07290995121002 1.09423995018005 1.0521559715271 1.04717803001404 1.03756201267242 1.016322016716 0.966354012489319 0.910829126834869 0.871799170970917 0.841042697429657 0.768769085407257 0.733181774616241 0.71883898973465 0.705145716667175 0.688977003097534 0.683692872524261 0.720067024230957 0.774163424968719 0.751216113567352 0.711244106292725 0.666577100753784 0.662500500679016 0.667637407779694 0.658811211585999 0.652901113033295 0.643741428852081
1.1174590587616 1.11569702625275 1.12283194065094 1.14314198493958 1.17082595825195 1.16286897659302 1.14650297164917 1.17578899860382 1.15095996856689 1.14249002933502 1.16194701194763 1.16783201694489 1.15005302429199 1.14153301715851 1.14613699913025 1.13927805423737 1.12190699577332 1.10437405109406 1.13463604450226 1.09737205505371 1.11103105545044 1.04599905014038 1.0232640504837 1.00529801845551 0.998344004154205 0.97325998544693 0.9466313123703 0.908857524394989 0.880541622638702 0.839386224746704 0.799480617046356 0.768553614616394 0.761750519275665 0.733860492706299 0.715755999088287 0.718483984470367 0.753166377544403 0.757939219474792 0.713161170482635 0.664954900741577 0.665434777736664 0.655431628227234 0.655358791351318 0.659829378128052 0.655128479003906 0.645510375499725
1.09517002105713 1.11815595626831 1.06349194049835 1.13004994392395 1.13833296298981 1.12155902385712 1.09598302841187 1.13340699672699 1.10876405239105 1.12333905696869 1.1264660358429 1.13332498073578 1.12885701656342 1.15198695659637 1.15034699440002 1.12339401245117 1.0962940454483 1.07566094398499 1.11226201057434 1.09511196613312 1.09266400337219 1.09177899360657 1.02181696891785 0.982277691364288 0.98651397228241 0.982851684093475 0.970358610153198 0.943418622016907 0.913728594779968 0.876471817493439 0.842066824436188 0.816431224346161 0.788690805435181 0.770323514938354 0.766306281089783 0.741191387176514 0.738269984722137 0.713685214519501 0.678448975086212 0.664657413959503 0.668883919715881 0.667305111885071 0.658884227275848 0.668751776218414 0.659381628036499 0.648984670639038
1.03222405910492 1.02792596817017 1.00158095359802 1.05034601688385 1.06744503974915 1.07935202121735 1.08248603343964 1.08054399490356 1.07840895652771 1.1013799905777 1.09989702701569 1.10393500328064 1.10022294521332 1.11862599849701 1.12361204624176 1.08505797386169 1.06864905357361 1.04342198371887 1.07538497447968 1.06191098690033 1.07545900344849 1.09860002994537 1.02576696872711 1.01052701473236 0.990051925182343 0.974572420120239 0.960216879844666 0.944953203201294 0.934191524982452 0.894285917282104 0.8757404088974 0.851631879806519 0.8191819190979 0.802550673484802 0.77335262298584 0.745177328586578 0.719269573688507 0.717974603176117 0.714910626411438 0.700613915920258 0.68635618686676 0.679562628269196 0.670916080474854 0.674838721752167 0.663527727127075 0.654511511325836
0.983862817287445 1.07897305488586 1.07396697998047 1.08149898052216 1.08406698703766 1.060093998909 1.06769001483917 1.07797801494598 1.0801500082016 1.08309996128082 1.09578204154968 1.10453498363495 1.10973703861237 1.10427796840668 1.08831703662872 1.0667040348053 1.04690599441528 1.05304396152496 1.05046200752258 1.06207203865051 1.05869603157043 1.06261599063873 1.05886495113373 1.05141198635101 1.02979099750519 0.991706788539886 0.974316596984863 0.944202184677124 0.921422898769379 0.906895101070404 0.892680525779724 0.878230929374695 0.85099059343338 0.823696076869965 0.784586012363434 0.770710825920105 0.745411217212677 0.745734512805939 0.727748394012451 0.710246920585632 0.698795020580292 0.690675616264343 0.68236631155014 0.680585026741028 0.666674017906189 0.660111427307129
1.0434410572052 1.07549500465393 1.05340099334717 1.05782997608185 1.03913104534149 1.04028296470642 1.06152200698853 1.05876696109772 1.06333601474762 1.07294201850891 1.08934998512268 1.11231100559235 1.1161789894104 1.12549805641174 1.12418794631958 1.10173499584198 1.10736203193665 1.11669504642487 1.11746096611023 1.1081839799881 1.09066605567932 1.05902695655823 1.08442401885986 1.07636594772339 1.03663396835327 1.00024604797363 0.980835795402527 0.965316891670227 0.949801027774811 0.930366992950439 0.898798406124115 0.880428612232208 0.859672904014587 0.844011723995209 0.812629282474518 0.792373776435852 0.769457697868347 0.749463319778442 0.729450285434723 0.711747527122498 0.707815408706665 0.710577189922333 0.694257080554962 0.681345880031586 0.674333274364471 0.6715127825737
1.03069198131561 1.04799199104309 1.04782998561859 1.01958703994751 1.02842199802399 1.04047095775604 1.04979801177979 1.05219399929047 1.06005704402924 1.05489897727966 1.08091104030609 1.09716105461121 1.10013294219971 1.11516404151917 1.11097097396851 1.11189794540405 1.07549405097961 1.06753098964691 1.08909499645233 1.0932559967041 1.07682394981384 1.05509305000305 1.03918302059174 1.03472399711609 1.0265040397644 1.02329003810883 1.00910496711731 0.998325407505035 0.959256708621979 0.941539287567139 0.924684286117554 0.89020961523056 0.870362222194672 0.848911821842194 0.829501390457153 0.804619312286377 0.791304111480713 0.777666211128235 0.759639203548431 0.738174319267273 0.738199710845947 0.744198322296143 0.719634413719177 0.693133592605591 0.690813302993774 0.694631218910217
1.01210904121399 0.986550986766815 1.00053095817566 0.97175520658493 1.00244104862213 1.0384110212326 1.04308605194092 1.03964900970459 1.03759801387787 1.04287397861481 1.04078495502472 1.03962194919586 1.0646710395813 1.09204304218292 1.0964549779892 1.09721004962921 1.09094297885895 1.07032799720764 1.06310403347015 1.07749700546265 1.07883095741272 1.07897901535034 1.05416405200958 1.0570160150528 1.03162205219269 0.994732916355133 0.965755581855774 0.961426317691803 0.949690818786621 0.947453379631042 0.929403424263 0.915934383869171 0.892646610736847 0.856789827346802 0.836308419704437 0.815348029136658 0.800966203212738 0.772587180137634 0.760404527187347 0.756631314754486 0.753881514072418 0.738358080387115 0.729318678379059 0.70909321308136 0.701137125492096 0.698024213314056
0.997820913791656 0.980915188789368 0.958706378936768 0.961815416812897 0.959163188934326 0.976341784000397 1.00197994709015 1.01502895355225 1.02052998542786 1.02022898197174 1.01533401012421 1.00147294998169 1.0077919960022 1.06195902824402 1.09170699119568 1.10784196853638 1.0965119600296 1.10022103786469 1.0931990146637 1.08627700805664 1.06665599346161 1.05601501464844 1.04097497463226 1.0181690454483 1.01030695438385 0.97159481048584 0.993275701999664 0.973708510398865 0.930803418159485 0.917442381381989 0.913012683391571 0.903510391712189 0.901313006877899 0.886483728885651 0.852078497409821 0.821709513664246 0.802628815174103 0.779059529304504 0.759296119213104 0.74972140789032 0.746332705020905 0.739497303962708 0.731208324432373 0.722608983516693 0.714579820632935 0.704019486904144
0.934851825237274 0.906613826751709 0.89792537689209 0.911343574523926 0.925176680088043 0.949644684791565 0.974659025669098 0.989250481128693 0.997962296009064 1.00000202655792 0.997012615203857 0.980956614017487 0.991714775562286 1.03963601589203 1.06579399108887 1.10651898384094 1.11197102069855 1.11912894248962 1.12258696556091 1.11070203781128 1.0917010307312 1.06638205051422 1.06495797634125 1.06851005554199 1.04047703742981 0.971667170524597 0.926200985908508 0.91526061296463 0.910566389560699 0.91118997335434 0.911823093891144 0.91545569896698 0.89862197637558 0.88656210899353 0.878933012485504 0.8565713763237 0.824716985225677 0.798751413822174 0.777247428894043 0.762576520442963 0.754554092884064 0.749597370624542 0.748456180095673 0.743922412395477 0.73018217086792 0.715189218521118
0.899130821228027 0.875871121883392 0.866638422012329 0.875372588634491 0.895648121833801 0.922983229160309 0.947909414768219 0.964995086193085 0.980066895484924 -3.4e+38 -3.4e+38 -3.4e+38 -3.4e+38 0.98758327960968 1.07263600826263 1.09636104106903 1.10661697387695 1.13394296169281 1.13085305690765 1.12120497226715 1.10341501235962 1.09934103488922 1.01619005203247 1.01104605197906 0.971690118312836 0.947618424892426 0.940938115119934 0.932268619537354 0.912625074386597 0.907859683036804 0.909045815467834 0.931002020835876 0.900543391704559 0.892491400241852 0.901069581508636 0.95483410358429 0.91806572675705 0.851162195205688 0.803993821144104 0.78126722574234 0.771915078163147 0.767422020435333 0.764376819133759 0.75870668888092 0.744131088256836 0.729481816291809
0.876441597938538 0.849178194999695 0.84069699048996 0.853021621704102 0.874573528766632 0.903579771518707 -3.4e+38 -3.4e+38 -3.4e+38 -3.4e+38 -3.4e+38 -3.4e+38 0.975169718265533 1.01323401927948 1.02980101108551 1.09255397319794 1.10368597507477 1.09960603713989 1.13079798221588 1.12267196178436 1.11040794849396 1.08522200584412 1.03032994270325 0.99500697851181 0.974009573459625 0.967188119888306 0.949121296405792 0.932551503181458 0.933708071708679 0.918778479099274 0.904297590255737 0.901247382164001 0.901755213737488 0.908913016319275 0.946934819221497 0.957257509231567 0.89300411939621 0.875630021095276 0.855835974216461 0.816015779972076 0.795119881629944 0.780540287494659 0.775518715381622 0.769428789615631 0.755542576313019 0.739531517028809
0.837943315505981 0.832971572875977 0.824072480201721 0.834954023361206 0.84711891412735 -3.4e+38 -3.4e+38 -3.4e+38 -3.4e+38 -3.4e+38 -3.4e+38 -3.4e+38 0.952730476856232 0.997152805328369 1.01828002929688 1.00391495227814 1.07261395454407 -3.4e+38 1.0382159948349 1.11640000343323 1.1351410150528 1.10863494873047 1.04740905761719 1.00722801685333 0.986531972885132 0.978759229183197 0.95024561882019 0.958016991615295 0.973179399967194 0.955665171146393 0.923179090023041 0.905799210071564 0.896100401878357 0.891497373580933 0.889666974544525 0.878673017024994 0.875893890857697 0.848496317863464 0.840262711048126 0.828445017337799 0.804751098155975 0.789003074169159 0.78407621383667 0.775011777877808 0.765336096286774 0.752211272716522
0.811696529388428 0.807393372058868 0.809309184551239 0.820128619670868 0.834703683853149 -3.4e+38 -3.4e+38 -3.4e+38 -3.4e+38 -3.4e+38 -3.4e+38 -3.4e+38 -3.4e+38 0.947359323501587 0.990183115005493 0.981578588485718 1.00894999504089 0.989075720310211 0.97640597820282 0.996501624584198 1.10071301460266 1.09399104118347 1.08865404129028 1.05009698867798 1.01301002502441 0.986354887485504 0.975930511951447 0.975642919540405 0.955979585647583 0.93209570646286 0.939775586128235 0.935532212257385 0.952727317810059 0.912200272083282 0.878337025642395 0.863006174564362 0.86019241809845 0.848954319953918 0.821458995342255 0.815921783447266 0.810581982135773 0.797080874443054 0.788521587848663 0.780942678451538 0.771423816680908 0.75602912902832
0.789404988288879 0.790372312068939 0.796796083450317 0.808341801166534 0.820429027080536 0.836076319217682 -3.4e+38 -3.4e+38 -3.4e+38 -3.4e+38 -3.4e+38 -3.4e+38 -3.4e+38 0.904885411262512 0.916489481925964 0.941108584403992 -3.4e+38 0.9645956158638 -3.4e+38 0.966974675655365 1.06499004364014 1.08895099163055 1.07265400886536 1.09579300880432 1.07573902606964 0.997197926044464 0.985865771770477 0.974949479103088 0.952412486076355 0.941954493522644 0.940704882144928 0.911687314510345 0.933974087238312 0.943229615688324 0.901001214981079 0.882996916770935 0.873277187347412 0.850393891334534 0.845422983169556 0.838192522525787 0.844028770923615 0.816518425941467 0.80017477273941 0.790203094482422 0.779165804386139 0.76670640707016
0.778450727462769 0.780645072460175 0.789300918579102 0.796855926513672 0.806435585021973 -3.4e+38 -3.4e+38 -3.4e+38 -3.4e+38 -3.4e+38 -3.4e+38 -3.4e+38 -3.4e+38 -3.4e+38 -3.4e+38 -3.4e+38 -3.4e+38 0.929972589015961 -3.4e+38 0.928385078907013 1.0860869884491 1.12274897098541 1.07313799858093 1.08247399330139 1.09389102458954 1.07387101650238 1.0193909406662 1.05650305747986 1.02523005008698 1.01345598697662 0.958910405635834 0.938349604606628 0.944570183753967 0.938930928707123 0.919023096561432 0.908214688301086 0.889925181865692 0.868706524372101 0.852730870246887 0.844842314720154 0.869134306907654 0.854522407054901 0.861024916172028 0.834520220756531 0.80846631526947 0.786742985248566
