ENMTML/All_vars/Predictors/EUR_only/bio29.asc
NCOLS 411 
NROWS 214 
XLLCORNER -11.5 
YLLCORNER 35.666666666112 
CELLSIZE 0.166666666666667 
NODATA_value -3.4e+38 
[rows 126 to 146 of 214, columns 282 to 328 of 411]
1.03199100494385 1.0323029756546 1.0285450220108 1.02822494506836 1.02723896503448 1.02688598632812 1.02712798118591 1.02865505218506 1.02642500400543 1.02668702602386 1.02716100215912 1.02733898162842 1.0275319814682 1.02764797210693 1.0258469581604 1.02597594261169 1.02603697776794 1.02776098251343 1.02805602550507 1.02812695503235 1.02782702445984 1.02892696857452 1.02903997898102 1.02909004688263 1.02895200252533 1.02995204925537 1.02991104125977 1.02987194061279 1.03199005126953 1.0343199968338 1.03782200813293 1.04089999198914 1.04462504386902 1.04709899425507 1.04857397079468 1.04625594615936 1.04400503635406 1.03593897819519 1.03141701221466 1.02465403079987 1.01666295528412 1.0054429769516 0.994449019432068 0.973652005195618 0.960735023021698 0.946497023105621 0.938039004802704
1.03028500080109 1.02969098091125 1.02762198448181 1.02699601650238 1.02374196052551 1.02322101593018 1.02555298805237 1.02577602863312 1.02598202228546 1.02843999862671 1.02862501144409 1.02689099311829 1.02708303928375 1.0274909734726 1.0254989862442 1.02560698986053 1.02594494819641 1.026496052742 1.02876794338226 1.02688801288605 1.02701497077942 1.02893495559692 1.03041899204254 1.02898395061493 1.028843998909 1.03120696544647 1.03126001358032 1.03218603134155 1.03454196453094 1.03594505786896 1.04162001609802 1.04545402526855 1.04919898509979 1.05174696445465 1.05318403244019 1.05090403556824 1.04772996902466 1.038409948349 1.03378200531006 1.02496802806854 1.01498603820801 1.00125002861023 0.975624978542328 0.952054023742676 0.941277027130127 0.922435998916626 0.906946003437042
1.0292249917984 1.02947902679443 1.02862894535065 1.0262850522995 1.01611495018005 1.01968204975128 1.02488696575165 1.02726495265961 1.02379500865936 1.02794098854065 1.02818202972412 1.02870905399323 1.02691102027893 1.02681994438171 1.02714705467224 1.02781295776367 1.02800405025482 1.02829003334045 1.02846395969391 1.026535987854 1.02665603160858 1.02894604206085 1.02992403507233 1.02881801128387 1.03126001358032 1.03136897087097 1.03369498252869 1.03361296653748 1.03593695163727 1.03810703754425 1.04241096973419 1.04771995544434 1.05243802070618 1.0579080581665 1.05788195133209 1.05465495586395 1.0492479801178 1.03858995437622 1.03387296199799 1.02514803409576 1.01476395130157 0.985262989997864 0.952594995498657 0.929253995418549 0.918928980827332 0.897643029689789 0.88282299041748
1.03039801120758 1.03045904636383 1.02812004089355 1.02753901481628 1.02218401432037 1.02182304859161 1.02413499355316 1.02445197105408 1.0273209810257 1.02771604061127 1.02803802490234 1.02792596817017 1.02628695964813 1.02417397499084 1.02726900577545 1.0274920463562 1.02776300907135 1.02797603607178 1.02846097946167 1.02834796905518 1.02845096588135 1.02863705158234 1.0288120508194 1.02927398681641 1.03143298625946 1.0313880443573 1.03353500366211 1.03454494476318 1.03592705726624 1.03832399845123 1.04403102397919 1.05014204978943 1.05403196811676 1.06031095981598 1.06022202968597 1.05475795269012 1.04932403564453 1.03856694698334 1.02761197090149 1.02152001857758 1.00561702251434 0.967077016830444 0.929727017879486 0.901592016220093 0.881443023681641 0.872596025466919 0.866436004638672
1.03003895282745 1.0318900346756 1.03177797794342 1.03145503997803 1.02669405937195 1.02611303329468 1.02629601955414 1.02683699131012 1.02717995643616 1.02673304080963 1.02762794494629 1.02578699588776 1.02597796916962 1.02412402629852 1.02663195133209 1.02471601963043 1.02631497383118 1.02792596817017 1.02846097946167 1.02540504932404 1.02846205234528 1.02438998222351 1.02891194820404 1.02914798259735 1.03120601177216 1.03212094306946 1.03371703624725 1.03447198867798 1.0370409488678 1.03922295570374 1.04414701461792 1.04790997505188 1.05176603794098 1.05559003353119 1.05703294277191 1.05245804786682 1.04319596290588 1.03719902038574 1.02772402763367 1.0171480178833 0.992654979228973 0.95891398191452 0.923255980014801 0.88824999332428 0.867648005485535 0.846208989620209 0.852288007736206
1.03173100948334 1.03181505203247 1.03363299369812 1.03385102748871 1.03316402435303 1.03314399719238 1.03319299221039 1.02882301807404 1.02692294120789 1.02721905708313 1.02784502506256 1.02792596817017 1.02587699890137 1.0259929895401 1.02682602405548 1.02675104141235 1.02467203140259 1.02797400951385 1.02819204330444 1.02834904193878 1.02320599555969 1.02314901351929 1.02895796298981 1.03110897541046 1.03098595142365 1.03059697151184 1.0320600271225 1.03219497203827 1.03453600406647 1.03550899028778 1.03860700130463 1.04471802711487 1.04861795902252 1.05101799964905 1.05178904533386 1.04843604564667 1.03949296474457 1.0302449464798 1.02547204494476 1.01161801815033 0.985768020153046 0.950425028800964 0.916388988494873 0.872530996799469 0.84443998336792 0.82879900932312 0.829231977462769
1.0315819978714 1.03393697738647 1.03575801849365 1.03765499591827 1.03743505477905 1.03742504119873 1.03535401821136 1.03533601760864 1.02885699272156 1.02905297279358 1.02724301815033 1.02756202220917 1.02430403232574 1.0263010263443 1.02653694152832 1.02555799484253 1.02435898780823 1.03005003929138 1.02482903003693 1.0280499458313 1.0225989818573 1.02655494213104 1.02679598331451 1.02692902088165 1.02727401256561 1.02751898765564 1.02734899520874 1.02815699577332 1.02899503707886 1.03272604942322 1.03491401672363 1.03735399246216 1.04071700572968 1.04163503646851 1.04173398017883 1.03933703899384 1.03727900981903 1.02776205539703 1.0164999961853 1.0071040391922 0.978375017642975 0.938278019428253 0.902060985565186 0.872596979141235 0.846010029315948 0.831243991851807 0.82879900932312
1.033646941185 1.03571701049805 1.03775405883789 1.03977501392365 1.04164302349091 1.0419100522995 1.03956401348114 1.03320896625519 1.03104102611542 1.03138399124146 1.02952396869659 1.02763199806213 1.02135598659515 1.02597403526306 1.0261869430542 1.02666294574738 1.02427899837494 1.0302859544754 1.02796101570129 1.02827799320221 1.02270197868347 1.02264201641083 1.02046000957489 1.02480602264404 1.02479004859924 1.02437794208527 1.01899003982544 1.01924502849579 1.02615404129028 1.02660596370697 1.02666401863098 1.02906799316406 1.03615498542786 1.03701400756836 1.03713297843933 1.03557205200195 1.02799201011658 1.02594196796417 1.01569497585297 0.996080994606018 0.96467399597168 0.93605101108551 0.894730985164642 0.866719007492065 0.858008027076721 0.837207973003387 0.841969013214111
1.0335019826889 1.03758299350739 1.0398930311203 1.04204797744751 1.04620897769928 1.04420804977417 1.04235601425171 1.03988802433014 1.0334290266037 1.03147101402283 1.02933394908905 1.02748501300812 1.02300405502319 1.0205329656601 1.02585399150848 1.02609801292419 1.03017902374268 1.0303909778595 1.02824997901917 1.02841305732727 1.025838971138 1.02023303508759 1.01605296134949 1.01839900016785 1.01841795444489 1.01540303230286 1.01475298404694 1.00968098640442 1.01690495014191 1.01733195781708 1.01767694950104 1.02485001087189 1.02530896663666 1.02774894237518 1.02805495262146 1.02591502666473 1.02571797370911 1.01781594753265 1.01102101802826 0.985957026481628 0.95679497718811 0.929539024829865 0.908587992191315 0.882704019546509 0.862507998943329 0.851020991802216 0.840004980564117
1.03531503677368 1.03794395923615 1.03977799415588 1.04207897186279 1.0443229675293 1.0444450378418 1.04256296157837 1.04028701782227 1.03533399105072 1.03135299682617 1.02943003177643 1.02716600894928 1.0197080373764 1.02803301811218 1.03127205371857 1.02962005138397 1.03370499610901 1.03678202629089 1.03085994720459 1.02865898609161 1.01974594593048 1.01172697544098 1.00159096717834 0.995593011379242 1.00858998298645 1.00161004066467 0.997398018836975 1.00196802616119 1.00164902210236 1.00413203239441 1.01117503643036 1.01525795459747 1.01737594604492 1.02353000640869 1.02360200881958 1.02350199222565 1.01570403575897 1.01585698127747 1.0042519569397 0.985754013061523 0.955632984638214 0.937554001808167 0.909479022026062 0.888619005680084 0.869871973991394 0.855623006820679 0.848644018173218
1.03004705905914 1.03192901611328 1.03765499591827 1.04226005077362 1.04234802722931 1.04456102848053 1.04030394554138 1.04046094417572 1.03868794441223 1.03626298904419 1.02955305576324 1.02724599838257 1.02714204788208 1.02771198749542 1.03170096874237 1.03248596191406 1.03722202777863 1.03838503360748 1.03763794898987 1.02922296524048 1.02676999568939 1.01146197319031 0.988481998443604 0.988472998142242 0.982227027416229 0.988038003444672 0.975859999656677 0.973743975162506 0.970121026039124 0.976670980453491 0.99276602268219 1.00872302055359 1.00854504108429 1.01478898525238 1.01562201976776 1.01572000980377 1.00910198688507 1.00782203674316 0.993970990180969 0.97918701171875 0.954065978527069 0.935431003570557 0.912683010101318 0.886865973472595 0.878178000450134 0.86488401889801 0.863240003585815
1.03576898574829 1.03779900074005 1.03773295879364 1.04008805751801 1.04253697395325 1.04060900211334 1.04053401947021 1.03867995738983 1.03680396080017 1.03501200675964 1.02943503856659 1.02713894844055 1.02707195281982 1.02535200119019 1.03216397762299 1.03779900074005 1.04056894779205 1.05102896690369 1.04851496219635 1.03725302219391 1.02742004394531 1.02013897895813 1.00709199905396 1.00253295898438 1.00257194042206 0.99337500333786 0.961978018283844 0.955529987812042 0.934751987457275 0.95489901304245 0.980970978736877 0.998920977115631 1.00270903110504 1.0089750289917 1.00932204723358 1.00888800621033 1.00885200500488 1.00226294994354 0.991923987865448 0.970952987670898 0.95108699798584 0.943593978881836 0.913446009159088 0.894667029380798 0.885528981685638 0.869020998477936 0.861974000930786
1.03414702415466 1.03814303874969 1.04032003879547 1.04065799713135 1.04084098339081 1.04103195667267 1.04122400283813 1.03931796550751 1.03704297542572 1.03525102138519 1.03335499763489 1.02955901622772 1.03155505657196 1.02964103221893 1.03013694286346 1.03841400146484 1.04204797744751 1.05223202705383 1.04998195171356 1.04041600227356 1.03744804859161 1.0280669927597 1.02324903011322 1.01636803150177 1.00894200801849 1.00282204151154 0.985624015331268 0.970363974571228 0.95082300901413 0.951659977436066 0.965053975582123 0.98854798078537 1.00274503231049 1.00713098049164 1.00378096103668 1.00584399700165 1.00465595722198 0.999661028385162 0.985880017280579 0.973091006278992 0.950119972229004 0.936604976654053 0.92111200094223 0.898898005485535 0.882690012454987 0.867923974990845 0.869494020938873
1.0362149477005 1.038694024086 1.03863596916199 1.03903603553772 1.04120194911957 1.04317796230316 1.039666056633 1.03712701797485 1.03733205795288 1.0356479883194 1.03350603580475 1.03128898143768 1.02936196327209 1.03006601333618 1.03065896034241 1.03926301002502 1.03949999809265 1.04305505752563 1.04442203044891 1.04031503200531 1.03004097938538 1.02799296379089 1.02804005146027 1.02624297142029 1.02149903774261 1.01656305789948 1.01478397846222 1.00353300571442 0.994261980056763 0.986617028713226 0.98820298910141 0.998151004314423 1.00352001190186 1.00361204147339 1.00746500492096 1.00532698631287 1.00603199005127 0.998549997806549 0.991313993930817 0.972436010837555 0.959017992019653 0.933504998683929 0.921230971813202 0.90898597240448 0.878373026847839 0.866725981235504 0.868478000164032
1.03148198127747 1.0382399559021 1.03903794288635 1.03946995735168 1.03934502601624 1.03955900669098 1.03973400592804 1.03807497024536 1.03562796115875 1.03369498252869 1.03168404102325 1.03173804283142 1.02987897396088 1.03003597259521 1.03042805194855 1.03200697898865 1.03944802284241 1.03956198692322 1.03809297084808 1.03858196735382 1.029904961586 1.02995204925537 1.02794301509857 1.02820599079132 1.0264710187912 1.02472496032715 1.0228099822998 1.01486694812775 1.01064598560333 1.00688695907593 1.00700902938843 1.00708305835724 1.00799000263214 1.00726997852325 1.00822401046753 1.0076299905777 0.995546996593475 0.996656000614166 0.988039970397949 0.975683987140656 0.962854027748108 0.938580989837646 0.916612982749939 0.908173978328705 0.87814998626709 0.867726027965546 0.862712025642395
1.02928602695465 1.03455603122711 1.03945899009705 1.0395929813385 1.04402995109558 1.04420602321625 1.04309904575348 1.04234504699707 1.03627598285675 1.03402304649353 1.03211498260498 1.03196799755096 1.03026294708252 1.03023302555084 1.03038001060486 1.03081703186035 1.03907001018524 1.03946197032928 1.03682494163513 1.03174102306366 1.03166902065277 1.03438603878021 1.03049099445343 1.030552983284 1.03744804859161 1.03628599643707 1.03228402137756 1.02553594112396 1.02327394485474 1.02119100093842 1.01276898384094 1.01303005218506 1.01298999786377 1.00770604610443 1.00853204727173 1.00809395313263 1.00206995010376 0.996823012828827 0.977010011672974 0.97835099697113 0.964900970458984 0.940160989761353 0.918497979640961 0.90575897693634 0.879603028297424 0.863978028297424 0.851785004138947
1.02948796749115 1.02984094619751 1.03551495075226 1.03786897659302 1.04500699043274 1.0451420545578 1.04389703273773 1.0408970117569 1.04167795181274 1.03436803817749 1.03250396251678 1.03271305561066 1.03266596794128 1.03038704395294 1.03033900260925 1.03078997135162 1.03297305107117 1.0318009853363 1.03353297710419 1.03318202495575 1.03174805641174 1.0397469997406 1.04066705703735 1.04192495346069 1.04273200035095 1.04129302501678 1.04004395008087 1.03780400753021 1.03593397140503 1.02568900585175 1.0232390165329 1.02146196365356 1.01443004608154 1.01303005218506 1.00742101669312 1.00741505622864 0.997564971446991 0.994614005088806 0.972657024860382 0.965313017368317 0.961115002632141 0.932313024997711 0.918931007385254 0.897345006465912 0.873699009418488 0.861958026885986 0.846333980560303
1.02006900310516 1.02845895290375 1.03551805019379 1.04148900508881 1.04475498199463 1.04579401016235 1.04514598846436 1.04275798797607 1.04129099845886 1.03512895107269 1.0324159860611 1.0304000377655 1.03039300441742 1.03044295310974 1.03013098239899 1.03089201450348 1.03080105781555 1.0312659740448 1.03436195850372 1.03340601921082 1.03368401527405 1.03972995281219 1.04275500774384 1.0446310043335 1.05583095550537 1.05743205547333 1.05694305896759 1.04525697231293 1.04106402397156 1.03729498386383 1.03234302997589 1.02322602272034 1.02129304409027 1.01559805870056 1.01288199424744 1.00727200508118 0.994213998317719 0.99183201789856 0.970645010471344 0.961489975452423 0.941009998321533 0.925370991230011 0.906611025333405 0.886780023574829 0.871563971042633 0.850831985473633 0.838575005531311
1.01163899898529 1.01923799514771 1.02658104896545 1.03463900089264 1.04444599151611 1.04701697826385 1.04457104206085 1.03996098041534 1.03268301486969 1.03267395496368 1.03067803382874 1.0302220582962 1.03021001815796 1.03018295764923 1.03034996986389 1.03042101860046 1.03065204620361 1.03300201892853 1.03296804428101 1.03337705135345 1.03341698646545 1.0406219959259 1.04475796222687 1.04676795005798 1.0592999458313 1.06302499771118 1.06215703487396 1.05787098407745 1.05277895927429 1.04268395900726 1.03709399700165 1.0350569486618 1.02621901035309 1.02113902568817 1.01202702522278 1.00709104537964 0.990969002246857 0.98176497220993 0.966908991336823 0.949114978313446 0.930563986301422 0.911028027534485 0.889649987220764 0.866931974887848 0.858072996139526 0.845148026943207 0.830439984798431
0.991887986660004 1.01113605499268 1.02236604690552 1.02873599529266 1.03307998180389 1.03319096565247 1.0312659740448 1.03069603443146 1.02849400043488 1.02661597728729 1.0278240442276 1.02811300754547 1.02802705764771 1.03009104728699 1.03013896942139 1.03051698207855 1.03073394298553 -3.4e+38 -3.4e+38 -3.4e+38 -3.4e+38 -3.4e+38 1.04613602161407 1.05751395225525 1.06143200397491 1.06423199176788 1.0643390417099 1.05981397628784 1.05682802200317 1.05191600322723 1.04291498661041 1.0369039773941 1.03328502178192 1.02081799507141 1.01881396770477 1.00723695755005 0.989028990268707 0.977787017822266 0.953931987285614 0.928668022155762 0.916855990886688 0.893033981323242 0.87754100561142 0.859106004238129 0.846139013767242 0.831712007522583 0.810759007930756
0.97673100233078 0.99559497833252 1.01077401638031 1.01596903800964 1.02072501182556 1.02062702178955 1.02058804035187 1.02075505256653 1.02064800262451 1.02009403705597 1.02163898944855 1.02371203899384 -3.4e+38 -3.4e+38 -3.4e+38 -3.4e+38 -3.4e+38 -3.4e+38 -3.4e+38 1.04234099388123 1.04396796226501 1.04493296146393 1.05553603172302 1.05958294868469 1.0607670545578 1.06240499019623 1.06152296066284 1.06088399887085 1.05749905109406 1.05433797836304 1.04701101779938 1.03733205795288 1.03506505489349 1.02722299098969 1.01922798156738 1.00642704963684 0.983527004718781 0.958423972129822 0.936496019363403 0.9237380027771 0.895542025566101 0.877682983875275 0.866662979125977 0.846736013889313 0.827223002910614 0.812556982040405 0.802259027957916
