ENMTML/All_vars/Predictors/EUR_only/bio29.asc
NCOLS 440 
NROWS 275 
XLLCORNER -11.5 
YLLCORNER 25.4999999994691 
CELLSIZE 0.166666666666667 
NODATA_value -3.4e+38 
[rows 20 to 39 of 275, columns 138 to 183 of 440]
-3.4e+38 -3.4e+38 -3.4e+38 -3.4e+38 -3.4e+38 -3.4e+38 -3.4e+38 -3.4e+38 1.37460803985596 1.36507403850555 -3.4e+38 -3.4e+38 -3.4e+38 -3.4e+38 -3.4e+38 -3.4e+38 -3.4e+38 -3.4e+38 -3.4e+38 -3.4e+38 1.27132904529572 1.27189898490906 1.27250897884369 1.27094197273254 1.26980495452881 1.26463103294373 1.25850999355316 1.24891602993011 1.23349797725677 1.21792101860046 1.20057904720306 1.17989504337311 1.16385197639465 1.14663696289062 1.13035500049591 1.11507296562195 1.09877502918243 1.08700597286224 1.07403004169464 1.06907904148102 1.05226898193359 1.06888198852539 1.06264698505402 1.03375494480133 1.01488900184631 1.01556003093719
-3.4e+38 -3.4e+38 -3.4e+38 -3.4e+38 -3.4e+38 -3.4e+38 -3.4e+38 -3.4e+38 -3.4e+38 -3.4e+38 -3.4e+38 -3.4e+38 -3.4e+38 -3.4e+38 -3.4e+38 -3.4e+38 -3.4e+38 -3.4e+38 -3.4e+38 -3.4e+38 1.26839804649353 1.26269805431366 1.26367199420929 1.26055705547333 1.25740599632263 1.25300002098083 1.24438905715942 1.23408603668213 1.21785998344421 1.20490503311157 1.18697702884674 1.1716719865799 1.15363705158234 1.13756799697876 1.11953103542328 1.10430300235748 1.08966600894928 1.08311402797699 1.07563102245331 1.0558830499649 1.0465589761734 1.04380404949188 1.0286740064621 1.03130197525024 1.0250860452652 1.01193904876709
-3.4e+38 -3.4e+38 -3.4e+38 -3.4e+38 -3.4e+38 -3.4e+38 -3.4e+38 -3.4e+38 -3.4e+38 -3.4e+38 -3.4e+38 -3.4e+38 -3.4e+38 -3.4e+38 -3.4e+38 -3.4e+38 -3.4e+38 -3.4e+38 -3.4e+38 -3.4e+38 1.25437295436859 1.25154805183411 1.25107705593109 1.24907100200653 1.24555599689484 1.23993396759033 1.23283195495605 1.22027504444122 1.20450794696808 1.18971002101898 1.17583799362183 1.15964901447296 1.14399898052216 1.12935400009155 1.11399495601654 1.10188901424408 1.08546996116638 1.06966197490692 1.05959904193878 1.04772698879242 1.05156099796295 1.03691494464874 1.03094100952148 1.01407694816589 1.00869297981262 1.00775802135468
-3.4e+38 -3.4e+38 -3.4e+38 -3.4e+38 -3.4e+38 -3.4e+38 -3.4e+38 -3.4e+38 -3.4e+38 -3.4e+38 -3.4e+38 -3.4e+38 -3.4e+38 -3.4e+38 -3.4e+38 -3.4e+38 -3.4e+38 -3.4e+38 1.25353002548218 1.2484530210495 1.24855995178223 1.24770104885101 1.23976695537567 1.23583900928497 1.23110902309418 1.22645998001099 1.21800696849823 1.20491194725037 1.19321703910828 1.18235397338867 1.16687905788422 1.14897894859314 1.13389098644257 1.119588971138 1.10750901699066 1.10040402412415 1.08980298042297 1.08034205436707 1.0721789598465 1.04935896396637 1.04074800014496 1.02598404884338 1.01629102230072 1.00690495967865 1.00070595741272 0.983170986175537
-3.4e+38 -3.4e+38 -3.4e+38 -3.4e+38 -3.4e+38 -3.4e+38 -3.4e+38 -3.4e+38 -3.4e+38 -3.4e+38 -3.4e+38 -3.4e+38 -3.4e+38 -3.4e+38 -3.4e+38 -3.4e+38 -3.4e+38 1.25585603713989 1.24747395515442 1.24197494983673 1.23887503147125 1.23228800296783 1.22792994976044 1.22355401515961 1.21870803833008 1.21216905117035 1.20072400569916 1.18676400184631 1.17763900756836 1.16465103626251 1.15254199504852 1.139613032341 1.12719905376434 1.11142802238464 1.10391902923584 1.09370100498199 1.08881604671478 1.07417702674866 1.06432998180389 1.06348598003387 1.04669201374054 1.03058195114136 1.03674101829529 1.03386294841766 1.00979197025299 0.979901015758514
-3.4e+38 -3.4e+38 -3.4e+38 -3.4e+38 -3.4e+38 -3.4e+38 -3.4e+38 -3.4e+38 -3.4e+38 -3.4e+38 -3.4e+38 -3.4e+38 -3.4e+38 -3.4e+38 -3.4e+38 1.33695602416992 1.3052259683609 1.2791759967804 1.26196002960205 1.25083100795746 1.2332489490509 1.22592604160309 1.21658897399902 1.20945203304291 1.204794049263 1.19576096534729 1.18926799297333 1.18049204349518 1.16573596000671 1.15465104579926 1.14083003997803 1.12964904308319 1.11634302139282 1.10469198226929 1.09408795833588 1.08056402206421 1.06898200511932 1.05770897865295 1.04684996604919 1.03914797306061 1.02783799171448 1.02067196369171 1.01435303688049 1.01352202892303 1.01286900043488 1.00759899616241
-3.4e+38 -3.4e+38 -3.4e+38 -3.4e+38 -3.4e+38 -3.4e+38 -3.4e+38 -3.4e+38 -3.4e+38 -3.4e+38 -3.4e+38 -3.4e+38 1.4365930557251 1.4145519733429 1.38022696971893 1.35035502910614 1.31901299953461 1.29063904285431 1.26755905151367 1.24266004562378 1.2291100025177 1.21651804447174 1.20308697223663 1.19613003730774 1.19029700756073 1.18129801750183 1.17269396781921 1.16322195529938 1.15226197242737 1.14247703552246 1.1289769411087 1.11650097370148 1.10602796077728 1.09606897830963 1.08591496944427 1.07342505455017 1.05591905117035 1.04397201538086 1.03708600997925 1.03083598613739 1.02219605445862 1.01712501049042 1.01253700256348 1.01041901111603 1.00319504737854 0.980454981327057
-3.4e+38 -3.4e+38 -3.4e+38 -3.4e+38 -3.4e+38 -3.4e+38 -3.4e+38 -3.4e+38 -3.4e+38 -3.4e+38 -3.4e+38 1.49299001693726 1.45772397518158 1.42309498786926 1.37642395496368 1.34735202789307 1.31578505039215 1.28383803367615 1.26055896282196 1.24081599712372 1.22112095355988 1.20783603191376 1.19772601127625 1.18120300769806 1.17404496669769 1.1647629737854 1.15786004066467 1.14774703979492 1.13961803913116 1.1297299861908 1.11960196495056 1.10933303833008 1.09749495983124 1.08623099327087 1.07391405105591 1.06295895576477 1.05162703990936 1.04482197761536 1.03581297397614 1.0285359621048 1.02313697338104 1.01967000961304 1.01465499401093 1.01162397861481 1.0053459405899 0.980390012264252
-3.4e+38 -3.4e+38 -3.4e+38 -3.4e+38 -3.4e+38 -3.4e+38 -3.4e+38 -3.4e+38 -3.4e+38 1.56925296783447 1.54104101657867 1.50185203552246 1.45778799057007 1.39878797531128 1.37177002429962 1.33364200592041 1.3026180267334 1.27921199798584 1.25251197814941 1.23060500621796 1.2077579498291 1.19170296192169 1.18165695667267 1.16810095310211 1.16271305084229 1.15104794502258 1.14469397068024 1.1345579624176 1.12532198429108 1.11674702167511 1.10856699943542 1.09671294689178 1.08551096916199 1.0766259431839 1.06761205196381 1.05598294734955 1.04606902599335 1.03656101226807 1.0338089466095 1.03560304641724 1.02737402915955 1.02656698226929 1.01969695091248 1.01667499542236 1.01184701919556 1.00719094276428
-3.4e+38 -3.4e+38 -3.4e+38 -3.4e+38 -3.4e+38 -3.4e+38 -3.4e+38 -3.4e+38 -3.4e+38 1.56830501556396 1.53776895999908 1.50455403327942 1.44605696201324 1.41636800765991 1.38967704772949 1.3506920337677 1.31448805332184 1.27321398258209 1.24137604236603 1.21267902851105 1.19073700904846 1.17386102676392 1.16118597984314 1.15472805500031 1.14692294597626 1.13864398002625 1.13150298595428 1.12179100513458 1.11214601993561 1.10263299942017 1.09353601932526 1.08466005325317 1.07482099533081 1.06664001941681 1.05831599235535 1.04900097846985 1.04257798194885 1.03558194637299 1.02991998195648 1.02704405784607 1.02455103397369 1.02188003063202 1.01964604854584 1.01954197883606 1.01706898212433 1.01682305335999
-3.4e+38 -3.4e+38 -3.4e+38 -3.4e+38 -3.4e+38 -3.4e+38 -3.4e+38 1.54291796684265 1.5542379617691 1.56085395812988 1.53294396400452 1.50582897663116 1.47371304035187 1.42904496192932 1.37416505813599 1.33196294307709 1.29422605037689 1.25701105594635 1.22460305690765 1.1988559961319 1.17672300338745 1.16152894496918 1.14364397525787 1.13510000705719 1.12469005584717 1.12197303771973 1.11590802669525 1.10873699188232 1.10198402404785 1.09183502197266 1.08305203914642 1.07625496387482 1.06684696674347 1.05768299102783 1.05148100852966 1.04250502586365 1.0387510061264 1.03462994098663 1.02959001064301 1.02690196037292 1.02453005313873 1.02163195610046 1.01931095123291 1.01941001415253 1.01955699920654 1.01939797401428
-3.4e+38 -3.4e+38 -3.4e+38 -3.4e+38 -3.4e+38 1.50301504135132 1.51568698883057 1.52588796615601 1.52783894538879 1.52380001544952 1.48961198329926 1.47091495990753 1.44357800483704 1.40063905715942 1.35314798355103 1.30796897411346 1.27174198627472 1.23896896839142 1.20965695381165 1.18151104450226 1.1586799621582 1.13890302181244 1.13485503196716 1.11875605583191 1.1125750541687 1.11175298690796 1.10485100746155 1.09482395648956 1.09101700782776 1.08404803276062 1.07492101192474 1.06823098659515 1.06087505817413 1.05169999599457 1.04557001590729 1.03919994831085 1.03451299667358 1.03093194961548 1.02702403068542 1.02693402767181 1.0239269733429 1.02454102039337 1.02195203304291 1.02157199382782 1.02162396907806 1.01933300495148
-3.4e+38 -3.4e+38 -3.4e+38 -3.4e+38 -3.4e+38 1.48889994621277 1.49626004695892 1.49997401237488 1.49601602554321 1.48269104957581 1.47877705097198 1.45008194446564 1.3910219669342 1.37084305286407 1.32966303825378 1.28595900535583 1.25520801544189 1.22304701805115 1.19363903999329 1.16887497901917 1.14622402191162 1.12807404994965 1.13043296337128 1.10599994659424 1.09863996505737 1.09387695789337 1.09056305885315 1.08389794826508 1.07717704772949 1.06952702999115 1.06308102607727 1.05924105644226 1.0527880191803 1.04655003547668 1.04159200191498 1.03759896755219 1.03251695632935 1.02982199192047 1.02694094181061 1.02694296836853 1.02678799629211 1.02673101425171 1.02439498901367 1.02172303199768 1.02377700805664 1.02377998828888
-3.4e+38 -3.4e+38 1.44481599330902 -3.4e+38 -3.4e+38 1.4680780172348 1.47336494922638 1.46686601638794 1.46372497081757 1.44666004180908 1.44272696971893 1.40327298641205 1.37052500247955 1.33350205421448 1.30884599685669 1.27486097812653 1.23656404018402 1.20493102073669 1.17654800415039 1.14979696273804 1.12461197376251 1.10170602798462 1.10175597667694 1.08917903900146 1.08553397655487 1.08360505104065 1.0788459777832 1.07194602489471 1.06661903858185 1.06109499931335 1.05659794807434 1.05062103271484 1.04475605487823 1.03974294662476 1.03584504127502 1.03491199016571 1.03205299377441 1.0297429561615 1.02950799465179 1.02690005302429 1.02688598632812 1.02690303325653 1.02669501304626 1.02631103992462 1.02622199058533 1.02632200717926
-3.4e+38 -3.4e+38 1.44170904159546 -3.4e+38 1.44762802124023 1.44890105724335 1.44973397254944 1.44332098960876 1.42529094219208 1.41507494449615 1.39689004421234 1.37709701061249 1.34486401081085 1.31387400627136 1.2845710515976 1.25308501720428 1.2191309928894 1.19209599494934 1.16706097126007 1.14479899406433 1.12457597255707 1.10369396209717 1.08908998966217 1.08217394351959 1.07895398139954 1.0767480134964 1.06815505027771 1.06383502483368 1.05859804153442 1.05506002902985 1.04982602596283 1.04492902755737 1.04029595851898 1.03592896461487 1.03354799747467 1.03024101257324 1.02993702888489 1.02971005439758 1.02946305274963 1.0291759967804 1.02913999557495 1.02919805049896 1.02889502048492 1.02904796600342 1.02899599075317 1.03127205371857
-3.4e+38 -3.4e+38 -3.4e+38 -3.4e+38 1.4300080537796 1.43053996562958 1.42327797412872 1.41294205188751 1.39818000793457 1.3717520236969 1.35852599143982 1.34081697463989 1.31260597705841 1.28255903720856 1.25395596027374 1.22759795188904 1.20185399055481 1.17866897583008 1.15635895729065 1.1338449716568 1.11277401447296 1.09705197811127 1.08580505847931 1.07665002346039 1.07457900047302 1.07053899765015 1.06165099143982 1.0555180311203 1.04978501796722 1.04705595970154 1.04268002510071 1.04080998897552 1.03661096096039 1.0336480140686 1.03087294101715 1.02795302867889 1.02764701843262 1.02660703659058 1.02936196327209 1.02936995029449 1.03138899803162 1.03127098083496 1.03122198581696 1.03140497207642 1.03341996669769 1.03363394737244
-3.4e+38 -3.4e+38 -3.4e+38 1.4145849943161 1.41266405582428 1.40696096420288 1.3979879617691 1.3879189491272 1.36538100242615 1.34890294075012 1.33449697494507 1.31224405765533 1.2817599773407 1.25365900993347 1.23345100879669 1.20823502540588 1.18633902072906 1.16327798366547 1.14258599281311 1.12471497058868 1.10677301883698 1.0927859544754 1.08454596996307 1.07690501213074 1.0705840587616 1.0616010427475 1.05384397506714 1.05086803436279 1.04700005054474 1.04273498058319 1.03764498233795 1.03383696079254 1.03396499156952 1.03392505645752 1.03152000904083 1.02817702293396 1.02761399745941 1.0270459651947 1.02923905849457 1.02891397476196 1.0313960313797 1.03134000301361 1.03119802474976 1.03340601921082 1.03592705726624 1.03582000732422
1.37502002716064 1.38408100605011 1.39451694488525 1.39189994335175 1.38788199424744 1.37675797939301 1.36935997009277 1.3516800403595 1.33708500862122 1.31930100917816 1.3051780462265 1.28357696533203 1.25845301151276 1.23512196540833 1.21301198005676 1.19072198867798 1.17072200775146 1.15042901039124 1.13430404663086 1.11676800251007 1.1003760099411 1.08771002292633 1.08043098449707 1.07551002502441 1.06391704082489 1.0570650100708 1.0508040189743 1.04697799682617 1.04417502880096 1.03959095478058 1.03690695762634 1.03411495685577 1.03212594985962 1.0266569852829 1.02683305740356 1.02602899074554 1.02755403518677 1.02378404140472 1.03123199939728 1.03137004375458 1.03375399112701 1.03341495990753 1.03587901592255 1.03836905956268 1.03823304176331 1.03840494155884
1.3530490398407 1.36638295650482 1.374587059021 1.37255001068115 1.36180698871613 1.35088503360748 1.33509802818298 1.32237303256989 1.30942797660828 1.29459500312805 1.27540802955627 1.25555896759033 1.2345210313797 1.21336901187897 1.19146502017975 1.17081594467163 1.14991796016693 1.13463497161865 1.1205940246582 1.10745596885681 1.09621798992157 1.08666598796844 1.07318294048309 1.06657099723816 1.05922698974609 1.0522700548172 1.04568696022034 1.04491996765137 1.0422979593277 1.03959202766418 1.036749958992 1.03459703922272 1.03198397159576 1.02960801124573 1.02922403812408 1.03107094764709 1.03000199794769 1.02384197711945 1.02858996391296 1.03366601467133 1.0358020067215 1.03594505786896 1.03807497024536 1.0379890203476 1.04073905944824 1.04266500473022
1.32613599300385 1.3381359577179 1.34544801712036 1.33648896217346 1.3312269449234 1.32185399532318 1.30766594409943 1.29700303077698 1.28273797035217 1.26634299755096 1.24902105331421 1.22986602783203 1.21180200576782 1.19303894042969 1.17282795906067 1.15379595756531 1.13674902915955 1.12600994110107 1.1123960018158 1.09692096710205 1.08742499351501 1.07393205165863 1.06404304504395 1.05864799022675 1.05383694171906 1.05016696453094 1.04490399360657 1.0402250289917 1.03766298294067 1.03496205806732 1.03472304344177 1.0318249464035 1.03199601173401 1.03193295001984 1.03383898735046 1.03571200370789 1.03491902351379 1.0345710515976 1.03640699386597 1.03593897819519 1.0383780002594 1.04082703590393 1.04065501689911 1.04313600063324 1.04299998283386 1.04543995857239
