ENMTML/All_vars/Predictors/EUR_only/bio29.asc
NCOLS 411 
NROWS 214 
XLLCORNER -11.5 
YLLCORNER 35.666666666112 
CELLSIZE 0.166666666666667 
NODATA_value -3.4e+38 
[rows 189 to 209 of 214, columns 0 to 46 of 411]
-3.4e+38 -3.4e+38 -3.4e+38 -3.4e+38 -3.4e+38 -3.4e+38 -3.4e+38 -3.4e+38 -3.4e+38 -3.4e+38 -3.4e+38 -3.4e+38 -3.4e+38 -3.4e+38 -3.4e+38 1.17015600204468 1.18020594120026 1.19347298145294 1.1871509552002 1.19670498371124 1.20726501941681 1.22592103481293 1.18186902999878 1.16508400440216 1.14374494552612 1.12617003917694 1.11486995220184 1.09301996231079 1.07875394821167 1.06100499629974 1.047896027565 1.03618001937866 1.00614905357361 0.962984025478363 0.931810021400452 0.896779000759125 0.852717995643616 0.819482982158661 0.78704297542572 0.793564975261688 0.788514018058777 0.774034976959229 0.755496978759766 0.779229998588562 0.78550398349762 0.803642988204956 0.797942996025085
-3.4e+38 -3.4e+38 -3.4e+38 -3.4e+38 -3.4e+38 -3.4e+38 -3.4e+38 -3.4e+38 -3.4e+38 -3.4e+38 -3.4e+38 -3.4e+38 -3.4e+38 -3.4e+38 1.15446305274963 1.1721910238266 1.20457100868225 1.18045401573181 1.15868401527405 1.17129194736481 1.18166303634644 1.17255401611328 1.15297400951385 1.14654695987701 1.13810002803802 1.12661004066467 1.10792005062103 1.08736002445221 1.07655894756317 1.06368100643158 1.04540300369263 1.03314602375031 1.00957798957825 0.997972011566162 0.990311980247498 0.992572009563446 1.02388298511505 0.992864012718201 0.89350301027298 0.916899025440216 0.922541975975037 0.915987014770508 0.891945004463196 0.862704992294312 0.864104986190796 0.829457998275757 0.804862022399902
-3.4e+38 -3.4e+38 -3.4e+38 -3.4e+38 -3.4e+38 -3.4e+38 -3.4e+38 -3.4e+38 -3.4e+38 -3.4e+38 -3.4e+38 -3.4e+38 -3.4e+38 1.15023398399353 1.15003204345703 1.16836202144623 1.16115498542786 1.14186894893646 1.14411497116089 1.14359295368195 1.13974297046661 1.14770495891571 1.14878797531128 1.1499160528183 1.16321694850922 1.14168000221252 1.11645305156708 1.08686101436615 1.06699800491333 1.05505204200745 1.0472149848938 1.03729796409607 1.02368700504303 1.02260994911194 1.03058695793152 1.03077495098114 1.0319219827652 0.951578974723816 0.897082984447479 0.851866006851196 0.857985019683838 0.885492026805878 0.898378014564514 0.847051978111267 0.898622989654541 0.879683017730713 0.821273982524872
-3.4e+38 -3.4e+38 -3.4e+38 -3.4e+38 -3.4e+38 -3.4e+38 -3.4e+38 -3.4e+38 -3.4e+38 -3.4e+38 -3.4e+38 -3.4e+38 -3.4e+38 1.15264797210693 1.15336799621582 1.14386999607086 1.13754296302795 1.13066101074219 1.13782799243927 1.1395560503006 1.1345100402832 1.13033998012543 1.122967004776 1.12836599349976 1.14372003078461 1.13245701789856 1.08880198001862 1.07169795036316 1.06084394454956 1.05650198459625 1.04772198200226 1.04184901714325 1.04093098640442 1.01910305023193 0.982070982456207 0.956942975521088 0.945470988750458 0.93699699640274 0.896911025047302 0.92485499382019 0.899726986885071 0.880765974521637 0.874417006969452 0.825892984867096 0.863735020160675 0.81699800491333 0.819006025791168
-3.4e+38 -3.4e+38 -3.4e+38 -3.4e+38 -3.4e+38 -3.4e+38 -3.4e+38 -3.4e+38 -3.4e+38 -3.4e+38 -3.4e+38 -3.4e+38 1.15958499908447 1.15615797042847 1.15732705593109 1.13561999797821 1.12692403793335 1.12748694419861 1.12948501110077 1.12424802780151 1.11670100688934 1.11435401439667 1.10672104358673 1.10725796222687 1.1024249792099 1.08507001399994 1.06752395629883 1.05593299865723 1.05044305324554 1.04427802562714 1.03645598888397 1.03712296485901 1.01752805709839 0.995437979698181 0.971882998943329 0.974647998809814 0.974216997623444 0.964632987976074 0.96842497587204 0.977828979492188 0.973836004734039 0.934056997299194 0.928201973438263 0.86371898651123 0.836992025375366 0.780524015426636 0.765805006027222
-3.4e+38 -3.4e+38 -3.4e+38 -3.4e+38 -3.4e+38 -3.4e+38 -3.4e+38 -3.4e+38 -3.4e+38 -3.4e+38 -3.4e+38 -3.4e+38 1.1795699596405 1.18212497234344 1.15798604488373 1.12572205066681 1.1227639913559 1.12126398086548 1.11568605899811 1.11079096794128 1.10582304000854 1.10308396816254 1.10312700271606 1.10337102413177 1.09117805957794 1.08513605594635 1.05508100986481 1.04207801818848 1.03810095787048 1.03230702877045 1.03142499923706 1.02955901622772 1.02258503437042 1.01935803890228 1.01954698562622 1.01909101009369 1.01958394050598 1.01577401161194 1.02361404895782 1.01521003246307 1.00964498519897 1.00447499752045 0.941772997379303 0.910615980625153 0.850259006023407 0.806411981582642 0.796700000762939
-3.4e+38 -3.4e+38 -3.4e+38 -3.4e+38 -3.4e+38 -3.4e+38 -3.4e+38 -3.4e+38 -3.4e+38 -3.4e+38 -3.4e+38 -3.4e+38 1.19298803806305 1.18528199195862 1.14619195461273 1.12482094764709 1.12100195884705 1.11680698394775 1.11356294155121 1.11133205890656 1.11163699626923 1.10459101200104 1.09721195697784 1.09665894508362 1.08489501476288 1.0613420009613 1.05273103713989 1.0508279800415 1.04834496974945 1.04168796539307 1.04423105716705 1.04171502590179 1.04574704170227 1.04817497730255 1.04880404472351 1.03955698013306 1.04702401161194 1.04663801193237 1.02877700328827 1.02703297138214 1.01888799667358 1.02160203456879 1.01682794094086 0.984160006046295 0.942462980747223 0.926163017749786 0.851884007453918
-3.4e+38 -3.4e+38 -3.4e+38 -3.4e+38 -3.4e+38 -3.4e+38 -3.4e+38 -3.4e+38 -3.4e+38 -3.4e+38 -3.4e+38 -3.4e+38 -3.4e+38 1.15546000003815 1.14065098762512 1.12824404239655 1.1139839887619 1.10967803001404 1.10850203037262 1.10982799530029 1.10982501506805 1.0954749584198 1.08231997489929 1.07862997055054 1.06955003738403 1.05880403518677 1.061439037323 1.06723403930664 1.06744396686554 1.06213402748108 1.05863094329834 1.05801200866699 1.0610100030899 1.0645899772644 1.06398701667786 1.06737101078033 1.06184899806976 1.05366098880768 1.05135798454285 1.04926598072052 1.04147601127625 1.04203903675079 1.04087495803833 1.02725899219513 1.00741600990295 0.966069996356964 0.928256988525391
-3.4e+38 -3.4e+38 -3.4e+38 -3.4e+38 -3.4e+38 -3.4e+38 -3.4e+38 -3.4e+38 -3.4e+38 -3.4e+38 -3.4e+38 -3.4e+38 -3.4e+38 -3.4e+38 1.1472669839859 -3.4e+38 1.10671699047089 1.10033404827118 1.09460699558258 1.09492802619934 1.08961594104767 1.08552896976471 1.07741904258728 1.07056796550751 1.0616569519043 1.05822896957397 1.06153094768524 1.0721800327301 1.08302295207977 1.07725095748901 1.07439196109772 1.07461595535278 1.06894397735596 1.07378101348877 1.07641100883484 1.07575798034668 1.07607400417328 1.07409703731537 1.07192194461823 1.06954300403595 1.06545996665955 1.05648505687714 1.05389702320099 1.04932296276093 1.0365149974823 1.00737404823303 1.01361703872681
-3.4e+38 -3.4e+38 -3.4e+38 -3.4e+38 -3.4e+38 -3.4e+38 -3.4e+38 -3.4e+38 -3.4e+38 -3.4e+38 -3.4e+38 -3.4e+38 -3.4e+38 -3.4e+38 -3.4e+38 -3.4e+38 1.10569405555725 1.10071504116058 1.09096205234528 1.08176302909851 1.08326196670532 1.08245301246643 1.07976400852203 1.06894397735596 1.06089603900909 1.05795001983643 1.06017100811005 1.06612801551819 1.07418096065521 1.07644999027252 1.07852697372437 1.08417296409607 1.08619201183319 1.08786404132843 1.08480596542358 1.08178901672363 1.08717095851898 1.08693599700928 1.08559894561768 1.08301103115082 1.07613694667816 1.0722039937973 1.0655779838562 1.05274498462677 1.03999996185303 1.02114105224609 0.966522991657257
-3.4e+38 -3.4e+38 -3.4e+38 -3.4e+38 -3.4e+38 -3.4e+38 -3.4e+38 -3.4e+38 -3.4e+38 -3.4e+38 -3.4e+38 -3.4e+38 -3.4e+38 -3.4e+38 -3.4e+38 -3.4e+38 1.10317003726959 1.10565102100372 1.08731400966644 1.0811630487442 1.08087801933289 1.08008503913879 1.07033097743988 1.06282305717468 1.06508195400238 1.06033003330231 1.06828594207764 1.07425403594971 1.08098602294922 1.09432196617126 1.09896600246429 1.09879696369171 1.08466696739197 1.08896899223328 1.09619200229645 1.09058797359467 1.08667695522308 1.09200394153595 1.09606599807739 1.08884501457214 1.08036303520203 1.07140600681305 1.05262100696564 1.04125702381134 1.02924597263336 1.00656199455261 0.941533029079437
-3.4e+38 -3.4e+38 -3.4e+38 -3.4e+38 -3.4e+38 -3.4e+38 -3.4e+38 -3.4e+38 -3.4e+38 -3.4e+38 -3.4e+38 -3.4e+38 -3.4e+38 -3.4e+38 -3.4e+38 -3.4e+38 1.09703600406647 1.09375 1.08277702331543 1.08199203014374 1.08156704902649 1.07867097854614 1.07086801528931 1.06645500659943 1.06740701198578 1.06425404548645 1.07093298435211 1.08348500728607 1.09114694595337 1.09089303016663 1.08279597759247 1.08689796924591 1.09152495861053 1.08706402778625 1.09685897827148 1.10520899295807 1.0951019525528 1.09081697463989 1.09374797344208 1.09198498725891 1.08388698101044 1.0696769952774 1.05726003646851 1.04631805419922 1.03607499599457 1.023069024086 0.985603988170624
-3.4e+38 -3.4e+38 -3.4e+38 -3.4e+38 -3.4e+38 -3.4e+38 -3.4e+38 -3.4e+38 -3.4e+38 -3.4e+38 -3.4e+38 -3.4e+38 -3.4e+38 -3.4e+38 -3.4e+38 -3.4e+38 1.09080195426941 1.08953702449799 1.08599495887756 1.08604300022125 1.08568298816681 1.07791495323181 1.07267796993256 1.06772696971893 1.06327199935913 1.06203901767731 1.06510198116302 1.06561005115509 1.06566095352173 1.07727694511414 1.08420705795288 1.07795202732086 1.08422601222992 1.0788060426712 1.08380305767059 1.0905339717865 1.08891105651855 1.08756303787231 1.09193801879883 1.09496796131134 1.08863198757172 1.07822799682617 1.06820094585419 1.05468904972076 1.04923403263092 1.05597198009491 1.03808999061584
-3.4e+38 -3.4e+38 -3.4e+38 -3.4e+38 -3.4e+38 -3.4e+38 -3.4e+38 -3.4e+38 -3.4e+38 -3.4e+38 -3.4e+38 -3.4e+38 -3.4e+38 -3.4e+38 -3.4e+38 -3.4e+38 1.08162295818329 1.08334994316101 1.09182703495026 1.08877396583557 1.09088504314423 1.08196496963501 1.07363200187683 1.06411504745483 1.06228601932526 1.06377804279327 1.05679595470428 1.0540360212326 1.0652220249176 1.06933403015137 1.07637798786163 1.07085394859314 1.07099902629852 1.07409703731537 1.07478201389313 1.08380305767059 1.09160697460175 1.09588599205017 1.09905099868774 1.09946095943451 1.09329700469971 1.08596301078796 1.07920205593109 1.0667359828949 1.05666196346283 1.06377696990967 1.07455003261566
-3.4e+38 -3.4e+38 -3.4e+38 -3.4e+38 -3.4e+38 -3.4e+38 -3.4e+38 -3.4e+38 -3.4e+38 -3.4e+38 -3.4e+38 -3.4e+38 -3.4e+38 -3.4e+38 -3.4e+38 -3.4e+38 1.08298599720001 1.09488296508789 1.08756303787231 1.0970870256424 1.10461604595184 1.09487104415894 1.08397901058197 1.07334005832672 1.06204199790955 1.06013298034668 1.05372405052185 1.04896104335785 1.05087101459503 1.05864202976227 1.06434500217438 1.06439602375031 1.07225596904755 1.07414495944977 1.08744299411774 1.09151899814606 1.10028696060181 1.10519897937775 1.10514199733734 1.10084402561188 1.09453296661377 1.08746695518494 1.08222103118896 1.07556903362274 1.06683301925659 1.06339299678802 1.05367803573608
-3.4e+38 -3.4e+38 -3.4e+38 -3.4e+38 -3.4e+38 -3.4e+38 -3.4e+38 -3.4e+38 -3.4e+38 -3.4e+38 -3.4e+38 -3.4e+38 -3.4e+38 -3.4e+38 -3.4e+38 1.07140600681305 1.07981204986572 1.08878898620605 1.08139097690582 1.08670902252197 1.0995090007782 1.10785901546478 1.09191203117371 1.07459104061127 1.05985295772552 1.05371594429016 1.05006003379822 1.04581296443939 1.05250799655914 1.06061995029449 1.06683397293091 1.06961703300476 1.07527697086334 1.08396399021149 1.09206402301788 1.10038495063782 1.11067700386047 1.11443305015564 1.11518800258636 1.1148179769516 1.10501801967621 1.08939397335052 1.07960605621338 1.06300497055054 1.05326795578003 1.03637397289276 0.969500005245209
-3.4e+38 -3.4e+38 -3.4e+38 -3.4e+38 -3.4e+38 -3.4e+38 -3.4e+38 -3.4e+38 -3.4e+38 -3.4e+38 -3.4e+38 -3.4e+38 -3.4e+38 -3.4e+38 -3.4e+38 1.06364905834198 1.06455397605896 1.06580901145935 1.07261800765991 1.08032894134521 1.08554804325104 1.08667802810669 1.07578194141388 -3.4e+38 -3.4e+38 -3.4e+38 -3.4e+38 -3.4e+38 1.06064605712891 1.06436002254486 1.06887900829315 1.07679903507233 1.0836009979248 1.09460496902466 1.10675394535065 1.11902403831482 1.13092005252838 1.1363719701767 1.13491094112396 1.12497901916504 1.1093670129776 1.09372305870056 1.08538794517517 1.08456802368164 1.07073199748993 1.04439795017242 1.03052198886871
-3.4e+38 -3.4e+38 -3.4e+38 -3.4e+38 -3.4e+38 -3.4e+38 -3.4e+38 -3.4e+38 -3.4e+38 -3.4e+38 -3.4e+38 -3.4e+38 -3.4e+38 -3.4e+38 -3.4e+38 -3.4e+38 -3.4e+38 -3.4e+38 -3.4e+38 -3.4e+38 -3.4e+38 -3.4e+38 -3.4e+38 -3.4e+38 -3.4e+38 -3.4e+38 -3.4e+38 -3.4e+38 -3.4e+38 -3.4e+38 1.07609701156616 1.08563899993896 1.09805703163147 1.11272096633911 1.12610995769501 1.13777101039886 1.14909899234772 1.15223002433777 1.14887702465057 1.12936794757843 1.11247801780701 1.10149300098419 1.08713400363922 1.06475305557251 1.06551599502563 1.06776905059814 1.06599605083466
-3.4e+38 -3.4e+38 -3.4e+38 -3.4e+38 -3.4e+38 -3.4e+38 -3.4e+38 -3.4e+38 -3.4e+38 -3.4e+38 -3.4e+38 -3.4e+38 -3.4e+38 -3.4e+38 -3.4e+38 -3.4e+38 -3.4e+38 -3.4e+38 -3.4e+38 -3.4e+38 -3.4e+38 -3.4e+38 -3.4e+38 -3.4e+38 -3.4e+38 -3.4e+38 -3.4e+38 -3.4e+38 -3.4e+38 -3.4e+38 1.08880603313446 1.09931302070618 1.11357796192169 1.13204395771027 1.14642798900604 1.15946900844574 1.17561304569244 1.16513299942017 1.16319596767426 1.14066994190216 1.10639500617981 1.08930099010468 1.0721310377121 1.04952895641327 1.01618897914886 0.987852990627289 0.959634006023407
-3.4e+38 -3.4e+38 -3.4e+38 -3.4e+38 -3.4e+38 -3.4e+38 -3.4e+38 -3.4e+38 -3.4e+38 -3.4e+38 -3.4e+38 -3.4e+38 -3.4e+38 -3.4e+38 -3.4e+38 -3.4e+38 -3.4e+38 -3.4e+38 -3.4e+38 -3.4e+38 -3.4e+38 -3.4e+38 -3.4e+38 -3.4e+38 -3.4e+38 -3.4e+38 -3.4e+38 -3.4e+38 -3.4e+38 -3.4e+38 -3.4e+38 1.11195695400238 1.13328802585602 1.15112996101379 1.17096900939941 1.18034100532532 1.18028998374939 1.16997396945953 1.15519297122955 1.13248705863953 1.10623097419739 1.0911899805069 -3.4e+38 -3.4e+38 -3.4e+38 -3.4e+38 -3.4e+38
-3.4e+38 -3.4e+38 -3.4e+38 -3.4e+38 -3.4e+38 -3.4e+38 -3.4e+38 -3.4e+38 -3.4e+38 -3.4e+38 -3.4e+38 -3.4e+38 -3.4e+38 -3.4e+38 -3.4e+38 -3.4e+38 -3.4e+38 -3.4e+38 -3.4e+38 -3.4e+38 -3.4e+38 -3.4e+38 -3.4e+38 -3.4e+38 -3.4e+38 -3.4e+38 -3.4e+38 -3.4e+38 -3.4e+38 -3.4e+38 -3.4e+38 1.13299000263214 1.15250504016876 1.17287003993988 1.18716394901276 1.19470703601837 1.18526101112366 1.16801905632019 1.14074504375458 -3.4e+38 -3.4e+38 -3.4e+38 -3.4e+38 -3.4e+38 -3.4e+38 -3.4e+38 -3.4e+38
