ENMTML/All_vars/Predictors/EUR_only/bio28.asc
NCOLS 440 
NROWS 275 
XLLCORNER -11.5 
YLLCORNER 25.4999999994691 
CELLSIZE 0.166666666666667 
NODATA_value -3.4e+38 
[rows 240 to 259 of 275, columns 368 to 413 of 440]
0.361476510763168 0.373991012573242 0.378030687570572 0.362233102321625 0.363597810268402 0.355762302875519 0.34719580411911 0.340011388063431 0.303209394216537 0.303760498762131 0.289168685674667 0.283892005681992 0.284236907958984 0.27346670627594 0.259616702795029 0.233410596847534 0.217973798513412 0.214639499783516 0.193882703781128 0.1831905990839 0.174327805638313 0.165615007281303 0.156950801610947 0.152840092778206 0.160531803965569 0.169214397668839 0.162985801696777 0.162076607346535 0.149952098727226 0.151015296578407 0.134942695498466 0.138395100831985 0.148462504148483 0.133784398436546 0.134970903396606 0.13710430264473 0.141975298523903 0.155504301190376 0.165650397539139 0.206246003508568 0.186074405908585 0.142774507403374 0.137730896472931 0.131900697946548 0.117383100092411 0.114476501941681
0.351587802171707 0.366281390190125 0.377749711275101 0.368217289447784 0.343274295330048 0.352887809276581 0.350898206233978 0.338723987340927 0.31684398651123 0.332592487335205 0.301253110170364 0.295231491327286 0.288051396608353 0.273694306612015 0.264056414365768 0.251978307962418 0.237336292862892 0.217599794268608 0.210996001958847 0.192689895629883 0.182010293006897 0.173233896493912 0.166704997420311 0.159402698278427 0.162202700972557 0.177995502948761 0.17376920580864 0.171651795506477 0.159197494387627 0.150922194123268 0.149179503321648 0.138676196336746 0.138311892747879 0.136227294802666 0.1417475938797 0.156276300549507 0.142910793423653 0.151313498616219 0.163337901234627 0.179460600018501 0.19191899895668 0.166090399026871 0.153577297925949 0.169372901320457 0.127688601613045 0.116199903190136
0.335947304964066 0.35351151227951 0.354870408773422 0.344639897346497 0.339370012283325 0.347658097743988 0.351703107357025 0.347677201032639 0.319267004728317 0.349164605140686 0.336408495903015 0.311406999826431 0.298703104257584 0.291339486837387 0.27382430434227 0.267542809247971 0.261358290910721 0.237661004066467 0.223343804478645 0.213730305433273 0.196023806929588 0.181577906012535 0.174347504973412 0.16951310634613 0.164385095238686 0.169202402234077 0.170519396662712 0.16807459294796 0.166211202740669 0.160183697938919 0.153266206383705 0.146599799394608 0.144136503338814 0.144383206963539 0.142494097352028 0.148838296532631 0.164223298430443 0.154918998479843 0.158936500549316 0.163363993167877 0.18702420592308 0.191019997000694 0.183149203658104 0.180151298642159 0.141715496778488 0.127790495753288
0.328144907951355 0.342935085296631 0.345579206943512 0.343580305576324 0.335977494716644 0.329985499382019 0.355538785457611 0.369101613759995 0.340240508317947 0.315403491258621 0.340302914381027 0.339742988348007 0.311539500951767 0.292732298374176 0.296706795692444 0.283852487802505 0.272738009691238 0.288352400064468 0.265961289405823 0.251579791307449 0.23029600083828 0.218406096100807 0.194246202707291 0.183937206864357 0.170507505536079 0.165759101510048 0.169770106673241 0.172562301158905 0.178239703178406 0.188140094280243 0.177591398358345 0.164955303072929 0.15540899336338 0.150164797902107 0.150938302278519 0.151654496788979 0.156044706702232 0.172260105609894 0.172944396734238 0.168415904045105 0.169447898864746 0.193356797099113 0.205804601311684 0.194448992609978 0.181304395198822 0.157903507351875
0.314333111047745 0.339889287948608 0.342709600925446 0.338135808706284 0.333644211292267 0.33708319067955 0.348511785268784 0.35029599070549 0.343912988901138 0.338309288024902 0.325277090072632 0.337378889322281 0.31045201420784 0.297987014055252 0.295532703399658 0.281069904565811 0.289250910282135 0.2717444896698 0.263794094324112 0.246759802103043 0.249484598636627 0.248565196990967 0.223775193095207 0.204590305685997 0.190123498439789 0.178836703300476 0.174887001514435 0.181514903903008 0.197308197617531 0.215722501277924 0.215354099869728 0.19070440530777 0.185223296284676 0.176812797784805 0.157836601138115 0.158077597618103 0.157396495342255 0.165875300765038 0.195985198020935 0.197769492864609 0.186519101262093 0.175855606794357 0.181294694542885 0.238808393478394 0.212942093610764 0.192367896437645
0.305229306221008 0.318866699934006 0.331263214349747 0.329347103834152 0.332470506429672 0.332270592451096 0.346512198448181 0.321797609329224 0.31157061457634 0.309087991714478 0.34354829788208 0.343497008085251 0.361177414655685 0.318523406982422 0.305369794368744 0.311945110559464 0.288539201021194 0.292730510234833 0.278863489627838 0.26109579205513 0.247053101658821 0.253499686717987 0.259781897068024 0.226971998810768 0.205815300345421 0.189282894134521 0.181622996926308 0.181489393115044 0.189608499407768 0.201147899031639 0.207566499710083 0.209841802716255 0.224832803010941 0.216773703694344 0.181629106402397 0.164207398891449 0.164529502391815 0.166740193963051 0.173993095755577 0.183129295706749 0.202656701207161 0.202403098344803 0.181995496153831 0.19157500565052 0.200659900903702 0.18938510119915
0.288473904132843 0.30299100279808 0.312091290950775 0.32235449552536 0.321146607398987 0.322244912385941 0.313679397106171 0.309548795223236 0.301518499851227 0.298654913902283 0.306898593902588 0.342081487178802 0.35357740521431 0.338315188884735 0.308434993028641 0.296206504106522 0.300572603940964 0.300836205482483 0.296339392662048 0.266235888004303 0.247977703809738 0.246605902910233 0.258382201194763 0.260294705629349 0.240502297878265 0.20742130279541 0.18830369412899 0.184456899762154 0.184627205133438 0.188739806413651 0.193574398756027 0.197819605469704 0.214769497513771 0.215469107031822 0.191771298646927 0.191882893443108 0.185744196176529 0.181618601083755 0.181512802839279 0.182304203510284 0.183083400130272 0.194301903247833 0.189233601093292 0.187278494238853 0.19840669631958 0.23881059885025
-3.4e+38 -3.4e+38 0.292958408594131 0.302805185317993 0.316799491643906 0.317447513341904 0.312647014856339 0.313195407390594 0.3180271089077 0.310420989990234 0.312836289405823 0.339967995882034 0.337246805429459 0.337254106998444 0.33008149266243 0.301699608564377 0.288376897573471 0.288528591394424 0.285217493772507 0.266514897346497 0.261815011501312 0.26241859793663 0.255059987306595 0.252674788236618 0.262481391429901 0.23543219268322 0.205621093511581 0.191498607397079 0.187898203730583 0.186268702149391 0.191448494791985 0.192993596196175 0.194439798593521 0.195610105991364 0.203630805015564 0.218804001808167 0.222920402884483 0.215542495250702 0.212782397866249 0.202125802636147 0.207692593336105 0.194693803787231 0.191385000944138 0.19176310300827 0.19169870018959 0.242969200015068
-3.4e+38 -3.4e+38 0.285464614629745 0.287148207426071 0.29663160443306 0.306770086288452 0.306888610124588 0.310257792472839 0.323519200086594 0.315059512853622 0.320095509290695 0.37348809838295 0.356903105974197 0.350377202033997 0.349193602800369 0.319576412439346 0.302463293075562 0.29030978679657 0.280250191688538 0.282558500766754 0.275834798812866 0.260064095258713 0.268933296203613 0.26492640376091 0.256676405668259 0.238513693213463 0.215672805905342 0.202140897512436 0.197342798113823 0.1969054043293 0.195765092968941 0.197506204247475 0.198860704898834 0.199398905038834 0.210544303059578 0.239207103848457 0.256097793579102 0.24676950275898 0.23423370718956 0.21723410487175 0.2081198990345 0.210871502757072 0.210516095161438 0.231597304344177 0.264549285173416 0.225620701909065
-3.4e+38 -3.4e+38 -3.4e+38 0.284957587718964 0.288233011960983 0.293234795331955 0.295427113771439 0.29472291469574 0.292222887277603 0.30503249168396 0.306234210729599 0.333900898694992 0.383138507604599 0.366423398256302 0.36437401175499 0.34187251329422 0.32675638794899 0.308591812849045 0.285640507936478 0.275281488895416 0.260399401187897 0.250182598829269 0.238039299845695 0.229365795850754 0.232516705989838 0.243763297796249 0.222213298082352 0.214042097330093 0.211233004927635 0.220302596688271 0.208184093236923 0.199947997927666 0.196981504559517 0.197242006659508 0.204725101590157 0.213814303278923 0.231410801410675 0.242603898048401 0.261407613754272 0.276464700698853 0.229961901903152 0.219364807009697 0.2213034927845 0.223711505532265 0.23266239464283 0.250146806240082
-3.4e+38 -3.4e+38 -3.4e+38 -3.4e+38 0.282174289226532 0.282699197530746 0.282322913408279 0.281304687261581 0.283958792686462 0.291072905063629 0.310956686735153 0.30900239944458 0.360208600759506 0.392236709594727 0.36130478978157 0.34713751077652 0.32561120390892 0.312158197164536 0.297701686620712 0.279605507850647 0.263595998287201 0.255643486976624 0.247672602534294 0.240697205066681 0.234535604715347 0.223852604627609 0.248911395668983 0.232531905174255 0.245267897844315 0.231610998511314 0.220996394753456 0.215262293815613 0.201968193054199 0.199471801519394 0.201160997152328 0.207189798355103 0.221643999218941 0.240418896079063 0.268222600221634 0.310024410486221 0.28250390291214 0.278483003377914 0.27859690785408 0.265809208154678 0.281582713127136 0.226486504077911
-3.4e+38 -3.4e+38 -3.4e+38 -3.4e+38 -3.4e+38 0.280616909265518 0.27939909696579 0.27613490819931 0.271305114030838 0.290605813264847 0.291263103485107 0.290113985538483 0.296422809362411 0.361390590667725 0.374199599027634 0.354847192764282 0.333262592554092 0.311589509248734 0.300639599561691 0.308858513832092 0.292313396930695 0.277276486158371 0.277360498905182 0.255104809999466 0.242408007383347 0.227463096380234 0.252423912286758 0.2530837059021 0.248945698142052 0.238174304366112 0.236686900258064 0.241620093584061 0.2125304043293 0.203733995556831 0.204340502619743 0.207631200551987 0.211706295609474 0.22736419737339 0.249568194150925 0.262422800064087 0.285000592470169 0.351598888635635 0.304810613393784 0.300270289182663 0.355058789253235 0.255839288234711
-3.4e+38 -3.4e+38 -3.4e+38 -3.4e+38 -3.4e+38 0.286368012428284 0.282653510570526 0.275529086589813 0.275603711605072 0.314105808734894 0.316121101379395 0.298021703958511 0.280897289514542 0.309031993150711 0.370885998010635 0.358889698982239 0.342360705137253 0.316265314817429 0.307715207338333 0.280427098274231 0.28675639629364 0.288576811552048 0.293812900781631 0.261342912912369 0.246229097247124 0.238024294376373 0.228138700127602 0.25351470708847 0.241288095712662 0.222125798463821 0.228409007191658 0.240881904959679 0.228209406137466 0.209848299622536 0.221360698342323 0.209616705775261 0.209428995847702 0.220576703548431 0.236785098910332 0.243745103478432 0.244822204113007 0.258192092180252 0.238428696990013 0.244149193167686 0.301400512456894 0.256912797689438
-3.4e+38 -3.4e+38 -3.4e+38 -3.4e+38 -3.4e+38 0.288698494434357 0.285959005355835 0.274932205677032 0.272830486297607 0.298749804496765 0.304177194833755 0.306703597307205 0.281796604394913 0.296896398067474 0.349924385547638 0.352011501789093 0.3363077044487 0.341699987649918 0.304508090019226 0.302734702825546 0.285531610250473 0.305073112249374 0.272586494684219 0.288151293992996 0.285578012466431 0.28020578622818 0.277666598558426 0.262037307024002 0.25942599773407 0.224940598011017 0.216283202171326 0.218006104230881 0.220350205898285 0.219622999429703 0.235033497214317 0.219032198190689 0.211374595761299 0.219469100236893 0.228280499577522 0.239753603935242 0.232396602630615 0.22815029323101 0.213617593050003 0.219631895422935 0.265449285507202 0.283425509929657
-3.4e+38 -3.4e+38 -3.4e+38 -3.4e+38 -3.4e+38 -3.4e+38 0.283218294382095 0.272576689720154 0.268346011638641 0.280928313732147 0.289608687162399 0.279510587453842 0.282298713922501 0.28711149096489 0.329608798027039 0.337641209363937 0.327084004878998 0.338298112154007 0.341784685850143 0.297582507133484 0.275300085544586 0.276108086109161 0.258164703845978 0.241137400269508 0.2371896058321 0.23780420422554 0.26012858748436 0.251726686954498 0.276881903409958 0.263322085142136 0.225680202245712 0.217804595828056 0.216904893517494 0.220758900046349 0.241289302706718 0.234228298068047 0.224687993526459 0.249658405780792 0.234527304768562 0.254141598939896 0.232900395989418 0.233822599053383 0.216668203473091 0.203330993652344 0.201963603496552 0.195064902305603
-3.4e+38 -3.4e+38 -3.4e+38 -3.4e+38 -3.4e+38 -3.4e+38 -3.4e+38 0.265631198883057 0.260188698768616 0.283091902732849 0.290325790643692 0.279041886329651 0.275720208883286 0.281086385250092 0.284814208745956 0.288142889738083 0.304439514875412 0.331242799758911 0.312563806772232 0.258402794599533 0.28197830915451 0.26124170422554 0.244721204042435 0.241101905703545 0.235110804438591 0.235302403569221 0.215987801551819 0.210258796811104 0.233172506093979 0.278174787759781 0.274418592453003 0.250926792621613 0.242232903838158 0.225181996822357 0.222246199846268 0.229978501796722 0.225413098931313 0.218777701258659 0.223383292555809 0.281795591115952 0.24377079308033 0.238937795162201 0.25530868768692 0.220098093152046 0.205094799399376 0.19422909617424
-3.4e+38 -3.4e+38 -3.4e+38 -3.4e+38 -3.4e+38 -3.4e+38 -3.4e+38 0.262867510318756 0.253391802310944 0.247622907161713 0.258578509092331 0.280704408884048 0.263882100582123 0.273107796907425 0.26118791103363 0.257894814014435 0.283121794462204 0.294672399759293 0.293103903532028 0.251914411783218 0.250080496072769 0.253145396709442 0.231895700097084 0.23494079709053 0.231877505779266 0.232192501425743 0.225463896989822 0.210289895534515 0.215390294790268 0.212613597512245 0.238284394145012 0.266568899154663 0.239975795149803 0.24224179983139 0.227603405714035 0.212090194225311 0.205677300691605 0.202568799257278 0.211654305458069 0.215528801083565 0.209590405225754 0.225655496120453 0.27541908621788 0.235133603215218 0.209734797477722 0.196675106883049
-3.4e+38 -3.4e+38 -3.4e+38 -3.4e+38 -3.4e+38 -3.4e+38 -3.4e+38 -3.4e+38 0.252248287200928 0.233094796538353 0.235492303967476 0.237326398491859 0.252002000808716 0.242807105183601 0.238155797123909 0.25375759601593 0.251268595457077 0.265489012002945 0.244817897677422 0.230779498815536 0.238124594092369 0.239924594759941 0.261215299367905 0.281015008687973 0.25334370136261 0.23359090089798 0.220167800784111 0.211288005113602 0.207859203219414 0.215595901012421 0.237096592783928 0.221571400761604 0.240329697728157 0.235665500164032 0.219716504216194 0.205871403217316 0.2041856944561 0.195407599210739 0.185237601399422 0.185737505555153 0.193263694643974 0.212087795138359 0.217476695775986 0.227407202124596 0.195894792675972 0.170146495103836
-3.4e+38 -3.4e+38 -3.4e+38 -3.4e+38 -3.4e+38 -3.4e+38 -3.4e+38 -3.4e+38 0.237014099955559 0.227731004357338 0.22834250330925 0.243014097213745 0.228637203574181 0.234618201851845 0.232473805546761 0.229400500655174 0.237344697117805 0.238712593913078 0.240694805979729 0.23063850402832 0.234049096703529 0.242990106344223 0.225029602646828 0.233271107077599 0.223315805196762 0.217384204268456 0.220791205763817 0.217124804854393 0.218576103448868 0.218324303627014 0.207327097654343 0.201296806335449 0.197055399417877 0.217035204172134 0.222593396902084 0.191955506801605 0.194418206810951 0.190405502915382 0.189641699194908 0.195888996124268 0.191487193107605 0.210163205862045 0.234593495726585 0.200161799788475 0.17330040037632 0.154918998479843
-3.4e+38 -3.4e+38 -3.4e+38 -3.4e+38 -3.4e+38 -3.4e+38 -3.4e+38 -3.4e+38 -3.4e+38 0.217514201998711 0.229560405015945 0.22240899503231 0.23599000275135 0.236324906349182 0.223362803459167 0.21757909655571 0.220638602972031 0.221191197633743 0.223425596952438 0.222374007105827 0.220926597714424 0.237207800149918 0.233731999993324 0.234404802322388 0.219695195555687 0.214259400963783 0.220218703150749 0.228111699223518 0.211984798312187 0.205128401517868 0.202258095145226 0.200883597135544 0.197138696908951 0.191192403435707 0.189616292715073 0.182679802179337 0.200917795300484 0.212205797433853 0.202759400010109 0.201892405748367 0.206401094794273 0.217257395386696 0.213882297277451 0.179080501198769 0.161187499761581 0.163642600178719
