ENMTML/All_vars/Predictors/EUR_only/bio35.asc
NCOLS 440 
NROWS 275 
XLLCORNER -11.5 
YLLCORNER 25.4999999994691 
CELLSIZE 0.166666666666667 
NODATA_value -3.4e+38 
[rows 160 to 179 of 275, columns 368 to 413 of 440]
0.367533385753632 0.359676390886307 0.35221940279007 0.362163513898849 0.357161700725555 0.357509613037109 0.354671388864517 0.350078999996185 0.345111012458801 0.344580203294754 0.344308912754059 0.343028903007507 0.337593913078308 0.333986192941666 0.334410697221756 0.330752193927765 0.330908209085464 0.327614903450012 0.328032314777374 0.328908890485764 0.328379809856415 0.322790801525116 0.334611505270004 0.333749085664749 0.333412110805511 0.333585202693939 0.327108502388 0.323561102151871 0.327138990163803 0.330358594655991 0.33015650510788 0.322254002094269 0.326168090105057 0.321921110153198 0.322367906570435 0.322565793991089 0.32280620932579 0.323247194290161 0.332267999649048 0.332625389099121 0.337783604860306 0.346785485744476 0.346858114004135 0.354955285787582 0.355017304420471 0.361232697963715
0.371952086687088 0.366151690483093 0.362207293510437 0.361124813556671 0.360749095678329 0.357321888208389 0.357339411973953 0.35462561249733 0.34613499045372 0.346000105142593 0.345640987157822 0.34557169675827 0.343994498252869 0.337082296609879 0.332627505064011 0.332391202449799 0.328121513128281 0.326942294836044 0.323217213153839 0.32339158654213 0.317270487546921 0.332881391048431 0.33288100361824 0.332470595836639 0.332507312297821 0.326019108295441 0.325725197792053 0.326079905033112 0.322365611791611 0.322630614042282 0.319056510925293 0.322916686534882 0.318573504686356 0.318833500146866 0.321942299604416 0.322067111730576 0.326493293046951 0.326864987611771 0.327032506465912 0.331482112407684 0.335887789726257 0.340505808591843 0.345140010118484 0.349581211805344 0.353486388921738 0.357619494199753
0.381270796060562 0.370038390159607 0.365639388561249 0.361344814300537 0.359483391046524 0.355277806520462 0.35595428943634 0.356320798397064 0.354629188776016 0.345486789941788 0.345598608255386 0.345260888338089 0.344794988632202 0.337946504354477 0.342662394046783 0.333779186010361 0.333229213953018 0.329867988824844 0.32607290148735 0.322452902793884 0.327459692955017 0.331026792526245 0.332175999879837 0.332169413566589 0.327358812093735 0.320026487112045 0.317176789045334 0.316956102848053 0.313032686710358 0.313033312559128 0.312544494867325 0.312763601541519 0.322264194488525 0.322562098503113 0.318331688642502 0.322854608297348 0.325843393802643 0.324416697025299 0.323585987091064 0.323780387639999 0.332086086273193 0.332438200712204 0.332688391208649 0.34646999835968 0.346649199724197 0.354953110218048
0.386606812477112 0.380017697811127 0.373502612113953 0.36662968993187 0.365773886442184 0.360064297914505 0.354549199342728 0.354324400424957 0.354052186012268 0.347094506025314 0.344649493694305 0.344043493270874 0.343025088310242 0.347279489040375 0.343384206295013 0.343695610761642 0.338918596506119 0.334661811590195 0.33392059803009 0.323034912347794 0.331163913011551 0.330869406461716 0.326077699661255 0.326367110013962 0.324256211519241 0.318881988525391 0.314292103052139 0.31217160820961 0.312047392129898 0.31177020072937 0.312029004096985 0.312124490737915 0.312462389469147 0.314779788255692 0.314925104379654 0.320450514554977 0.319790214300156 0.319877505302429 0.322817087173462 0.323017001152039 0.327446490526199 0.331319391727448 0.331416189670563 0.335555285215378 0.34059089422226 0.350054889917374
0.386952102184296 0.384674489498138 0.380780696868896 0.37566339969635 0.369482785463333 0.368569910526276 0.36431410908699 0.359570801258087 0.353069812059402 0.350742697715759 0.345313996076584 0.34204238653183 0.348244309425354 0.34604799747467 0.341797798871994 0.341269314289093 0.337489187717438 0.334006398916245 0.33309081196785 0.323559194803238 0.315974205732346 0.315382689237595 0.313871085643768 0.32300990819931 0.321710705757141 0.317844092845917 0.313633412122726 0.313444793224335 0.310798913240433 0.311005502939224 0.309490203857422 0.309752404689789 0.309807807207108 0.310065895318985 0.314268499612808 0.31379771232605 0.319087386131287 0.319221913814545 0.319275796413422 0.322362095117569 0.326885998249054 0.32680881023407 0.330719292163849 0.334887087345123 0.339488089084625 0.34368970990181
0.400143504142761 0.396823197603226 0.383962899446487 0.382671505212784 0.375215291976929 0.368291914463043 0.367449909448624 0.360969603061676 0.358784288167953 0.355161786079407 0.348167896270752 0.349146008491516 0.346098214387894 0.345060706138611 0.340494304895401 0.33976811170578 0.336189985275269 0.333242505788803 0.332802414894104 0.331064403057098 0.318169593811035 0.312828093767166 0.311670005321503 0.311372399330139 0.317241191864014 0.321021199226379 0.313193291425705 0.313228487968445 0.312476009130478 0.308665901422501 0.308891087770462 0.309064507484436 0.309148192405701 0.309384107589722 0.308716505765915 0.312867790460587 0.313103586435318 0.318272888660431 0.31841629743576 0.322947412729263 0.325818002223969 0.32580378651619 0.329874008893967 0.334039211273193 0.336259186267853 0.339620500802994
0.404996901750565 0.400395691394806 0.395332485437393 0.38649970293045 0.380390286445618 0.374546885490417 0.367204397916794 0.366114288568497 0.360506385564804 0.356698006391525 0.351121813058853 0.347394913434982 0.348092198371887 0.343204587697983 0.342724114656448 0.338145405054092 0.334277093410492 0.332462102174759 0.332267612218857 0.331135392189026 0.321833103895187 0.313160806894302 0.310636013746262 0.311188787221909 0.307258486747742 0.315604507923126 0.311962485313416 0.309734612703323 0.309911102056503 0.310343414545059 0.308148086071014 0.308257699012756 0.308351099491119 0.307853788137436 0.308100402355194 0.308176010847092 0.312427997589111 0.312421798706055 0.317641586065292 0.322119802236557 0.3221774995327 0.323310494422913 0.323318392038345 0.332753509283066 0.332802087068558 0.332623690366745
0.414668500423431 0.413548111915588 0.402480810880661 0.39641410112381 0.384902507066727 0.382761597633362 0.377475500106812 0.365655988454819 0.365693211555481 0.359261900186539 0.355046302080154 0.348834991455078 0.345343112945557 0.345367610454559 0.341590613126755 0.336980789899826 0.333942592144012 0.329496502876282 0.329692393541336 0.330144286155701 0.330040514469147 0.313102602958679 0.309865593910217 0.308703899383545 0.309747099876404 0.301296502351761 0.308176100254059 0.305663496255875 0.305746912956238 0.306614309549332 0.309358507394791 0.309560686349869 0.308996707201004 0.309422314167023 0.309606313705444 0.309846103191376 0.311564087867737 0.311859101057053 0.312041789293289 0.321767210960388 0.321798294782639 0.321686595678329 0.32372260093689 0.327981501817703 0.331830501556396 0.33188208937645
0.425165593624115 0.417352497577667 0.410999000072479 0.399815797805786 0.395042389631271 0.386042505502701 0.381375789642334 0.376452803611755 0.368964314460754 0.358199805021286 0.357344895601273 0.352867186069489 0.347848504781723 0.349072188138962 0.343418002128601 0.335169404745102 0.335044205188751 0.329511493444443 0.328805387020111 0.328259289264679 0.323665797710419 0.317074090242386 0.316923886537552 0.311543405056 0.30391651391983 0.298992991447449 0.298513114452362 0.298860907554626 0.296315401792526 0.305335611104965 0.308360993862152 0.308183312416077 0.308158695697784 0.306786686182022 0.306934803724289 0.30702731013298 0.306944489479065 0.311098992824554 0.316077500581741 0.321458786725998 0.321176797151566 0.321314185857773 0.320203989744186 0.327196687459946 0.327364206314087 0.331159114837646
0.428702086210251 0.426436513662338 0.418043106794357 0.409491389989853 0.401123195886612 0.392567813396454 0.385227113962173 0.380459010601044 0.374097794294357 0.369788497686386 0.360493212938309 0.357197493314743 0.352093994617462 0.347232908010483 0.345087707042694 0.341132998466492 0.333991199731827 0.330768913030624 0.327560305595398 0.327008813619614 0.319059789180756 0.31558820605278 0.316262811422348 0.31181600689888 0.305595904588699 0.303219705820084 0.297962099313736 0.293330609798431 0.293241888284683 0.294252514839172 0.304186701774597 0.305801004171371 0.305632889270782 0.305624604225159 0.305519789457321 0.305639803409576 0.305888086557388 0.306047588586807 0.314888507127762 0.320437997579575 0.320751905441284 0.320964306592941 0.319814503192902 0.323734700679779 0.323937505483627 0.33046281337738
0.433649510145187 0.430789113044739 0.418543606996536 0.413944095373154 0.401541411876678 0.397085607051849 0.390502989292145 0.386146485805511 0.37468010187149 0.372478485107422 0.366697013378143 0.359214305877686 0.357618510723114 0.345079809427261 0.343532592058182 0.339946985244751 0.334728986024857 0.32827490568161 0.324089109897614 0.324779987335205 0.322239190340042 0.313431113958359 0.31320258975029 0.305246114730835 0.305104911327362 0.303505599498749 0.294216990470886 0.292122900485992 0.295848786830902 0.300496190786362 0.301154494285583 0.301403194665909 0.301584303379059 0.301296204328537 0.301422387361526 0.301552414894104 0.304871112108231 0.305092394351959 0.308699995279312 0.312564194202423 0.312994211912155 0.318413197994232 0.319057792425156 0.323288887739182 0.323251098394394 0.327137589454651
-3.4e+38 -3.4e+38 -3.4e+38 -3.4e+38 -3.4e+38 -3.4e+38 0.392116487026215 0.389411807060242 0.386966198682785 0.375147610902786 0.370521694421768 0.360681504011154 0.357515811920166 0.355050504207611 0.342812210321426 0.340142786502838 0.336202502250671 0.327551901340485 0.327011495828629 0.323910802602768 0.321139991283417 0.310336500406265 0.303520798683167 0.30388480424881 0.303589195013046 0.300205498933792 0.295341610908508 0.294290512800217 0.294878512620926 0.295441389083862 0.299723893404007 0.299843192100525 0.299808889627457 0.300079703330994 0.300314486026764 0.29955130815506 0.299670994281769 0.299858808517456 0.307340413331985 0.311295807361603 0.311522006988525 0.311611890792847 0.317092895507812 0.317459911108017 0.322319388389587 0.326452404260635
-3.4e+38 -3.4e+38 -3.4e+38 -3.4e+38 -3.4e+38 -3.4e+38 0.400524407625198 0.394670605659485 0.386187702417374 0.385532110929489 0.373185098171234 0.366707414388657 0.35917529463768 0.354244887828827 0.34845370054245 0.339396387338638 0.338236093521118 0.329040586948395 0.329442292451859 0.328951001167297 0.320533603429794 0.310741513967514 0.306673407554626 0.302363306283951 0.300110191106796 0.29662349820137 0.297037214040756 0.298130005598068 0.294143885374069 0.294173896312714 0.294488608837128 0.298860400915146 0.298612296581268 0.297931402921677 0.298093885183334 0.297912299633026 0.296016305685043 0.296897500753403 0.296865612268448 0.30170539021492 0.308749794960022 0.309067487716675 0.314259588718414 0.314078092575073 0.314338088035583 0.31520539522171
-3.4e+38 -3.4e+38 -3.4e+38 -3.4e+38 -3.4e+38 -3.4e+38 0.405868113040924 0.404766112565994 0.393927007913589 0.384150385856628 0.377613812685013 0.371300011873245 0.360495090484619 0.355735212564468 0.35197240114212 0.342315793037415 0.337353497743607 0.337002396583557 0.327901899814606 0.328072309494019 0.320923805236816 0.313577800989151 0.303565502166748 0.297889113426208 0.295384496450424 0.295483499765396 0.296675086021423 0.297287493944168 0.293035387992859 0.293416708707809 0.293597787618637 0.297646909952164 0.295481413602829 0.295281499624252 0.295054912567139 0.295267999172211 0.295363008975983 0.295242011547089 0.295307785272598 0.299880892038345 0.30030220746994 0.300200492143631 0.30428409576416 0.309740096330643 0.312842905521393 0.313241213560104
-3.4e+38 -3.4e+38 -3.4e+38 -3.4e+38 -3.4e+38 -3.4e+38 0.414613485336304 0.409232497215271 0.403314203023911 0.391060411930084 0.389273196458817 0.376021087169647 0.368163406848907 0.358943909406662 0.353239595890045 0.349752813577652 0.341309398412704 0.335110604763031 0.326244592666626 0.326210886240005 0.322803407907486 0.315082401037216 0.30748450756073 0.300989210605621 0.294567912817001 0.295335501432419 0.296006500720978 0.296180099248886 0.296355307102203 0.292366594076157 0.290195494890213 0.290549099445343 0.294795095920563 0.294659197330475 0.294317901134491 0.294397592544556 0.294289886951447 0.294048011302948 0.294323593378067 0.299073994159698 0.299270689487457 0.303205192089081 0.308423787355423 0.308498412370682 0.30844908952713 0.308595508337021
-3.4e+38 -3.4e+38 -3.4e+38 -3.4e+38 -3.4e+38 -3.4e+38 0.422424405813217 0.418118298053741 0.407217592000961 0.400931894779205 0.389613687992096 0.386979997158051 0.374432414770126 0.366397798061371 0.355514109134674 0.351740211248398 0.346162706613541 0.341735512018204 0.33310928940773 0.323053807020187 0.319960385560989 0.312114685773849 0.303700089454651 0.299708485603333 0.293545603752136 0.294957101345062 0.295210003852844 0.295525014400482 0.293992400169373 0.293343812227249 0.289317101240158 0.289469510316849 0.293707191944122 0.293905198574066 0.293738305568695 0.29347950220108 0.293593913316727 0.297974497079849 0.298072904348373 0.298254787921906 0.30228990316391 0.307309985160828 0.307469695806503 0.307300001382828 0.30723249912262 0.307437092065811
0.4875608086586 -3.4e+38 -3.4e+38 -3.4e+38 -3.4e+38 -3.4e+38 0.424813002347946 0.421526491641998 0.408899813890457 0.40450730919838 0.393921196460724 0.387763112783432 0.373968809843063 0.371634989976883 0.364583402872086 0.353606313467026 0.348974585533142 0.343118995428085 0.334684014320374 0.328427195549011 0.318293303251266 0.313183814287186 0.309128314256668 0.302085191011429 0.296517610549927 0.300624310970306 0.29656919836998 0.29523628950119 0.293382495641708 0.292645305395126 0.292540311813354 0.296726912260056 0.292520105838776 0.292796790599823 0.292695492506027 0.297090202569962 0.297551989555359 0.299769312143326 0.297207891941071 0.299443304538727 0.308400392532349 0.308655202388763 0.308411806821823 0.305975794792175 0.306187689304352 0.306440204381943
0.496112287044525 -3.4e+38 -3.4e+38 -3.4e+38 -3.4e+38 -3.4e+38 -3.4e+38 -3.4e+38 -3.4e+38 -3.4e+38 -3.4e+38 -3.4e+38 0.383827388286591 0.378475904464722 0.369526296854019 0.356716811656952 0.349338412284851 0.341102093458176 0.334787905216217 0.327622801065445 0.313526213169098 0.311585694551468 0.311569511890411 0.302860289812088 0.293647110462189 0.297158986330032 0.298271805047989 0.29810631275177 0.297394514083862 0.29353991150856 0.297673910856247 0.297837495803833 0.298354804515839 0.298557788133621 0.298354089260101 0.298201888799667 0.298150807619095 0.29870069026947 0.307542413473129 0.307692110538483 0.307699501514435 0.307809293270111 0.307649493217468 0.306611508131027 0.306833207607269 0.306887090206146
0.501896977424622 -3.4e+38 -3.4e+38 -3.4e+38 -3.4e+38 -3.4e+38 -3.4e+38 -3.4e+38 -3.4e+38 -3.4e+38 -3.4e+38 -3.4e+38 0.387594997882843 0.383933514356613 0.374938786029816 0.365545988082886 0.356676489114761 0.345437794923782 0.336520195007324 0.332969188690186 0.321868985891342 0.311005711555481 0.310535490512848 0.30583980679512 0.296726495027542 0.298271000385284 0.296756207942963 0.297559887170792 0.297025889158249 0.296920299530029 0.297041088342667 0.296980500221252 0.297440409660339 0.297783613204956 0.297836303710938 0.297619491815567 0.297170698642731 0.306195497512817 0.306645095348358 0.306971788406372 0.306648999452591 0.306784391403198 0.306639909744263 0.305556207895279 0.305631399154663 0.305744886398315
0.509210288524628 -3.4e+38 -3.4e+38 -3.4e+38 -3.4e+38 -3.4e+38 -3.4e+38 -3.4e+38 -3.4e+38 -3.4e+38 -3.4e+38 -3.4e+38 0.396639198064804 0.389182806015015 0.38212388753891 0.369801014661789 0.362727403640747 0.353338807821274 0.341865211725235 0.335062503814697 0.326105803251266 0.309672087430954 0.308789908885956 0.307063490152359 0.3004370033741 0.295551598072052 0.296686410903931 0.29499140381813 0.295459002256393 0.295559495687485 0.296557813882828 0.296634703874588 0.296565502882004 0.296681612730026 0.296801298856735 0.296585500240326 0.296261012554169 0.305108100175858 0.30756288766861 0.307943910360336 0.308101385831833 0.31293061375618 0.312026500701904 0.309726893901825 0.309713214635849 0.309611201286316
