ENMTML/All_vars/Predictors/EUR_only/bio3.asc
NCOLS 411 
NROWS 214 
XLLCORNER -11.5 
YLLCORNER 35.666666666112 
CELLSIZE 0.166666666666667 
NODATA_value -3.4e+38 
[rows 100 to 119 of 214, columns 138 to 183 of 411]
-3.4e+38 -3.4e+38 -3.4e+38 -3.4e+38 -3.4e+38 -3.4e+38 -3.4e+38 -3.4e+38 -3.4e+38 -3.4e+38 0.267743110656738 0.267190605401993 0.263551890850067 -3.4e+38 -3.4e+38 -3.4e+38 -3.4e+38 -3.4e+38 -3.4e+38 -3.4e+38 -3.4e+38 -3.4e+38 -3.4e+38 -3.4e+38 -3.4e+38 -3.4e+38 -3.4e+38 -3.4e+38 -3.4e+38 -3.4e+38 0.245941698551178 0.239377900958061 0.233935505151749 0.236607402563095 0.238073006272316 0.239798903465271 0.239966794848442 0.238241702318192 0.240395903587341 0.244777604937553 0.248455494642258 0.248995497822762 -3.4e+38 -3.4e+38 -3.4e+38 -3.4e+38
-3.4e+38 -3.4e+38 -3.4e+38 -3.4e+38 -3.4e+38 -3.4e+38 0.26042041182518 0.264400005340576 0.267164409160614 0.268637597560883 0.270187497138977 0.269186198711395 0.266924887895584 -3.4e+38 -3.4e+38 -3.4e+38 -3.4e+38 -3.4e+38 -3.4e+38 -3.4e+38 -3.4e+38 -3.4e+38 -3.4e+38 -3.4e+38 -3.4e+38 -3.4e+38 -3.4e+38 -3.4e+38 -3.4e+38 0.255542695522308 0.248177498579025 0.241411402821541 0.237072005867958 0.236453294754028 0.237829595804214 0.237897098064423 0.237730503082275 0.238214999437332 0.240742802619934 0.244408994913101 0.24949699640274 0.254820495843887 0.258353292942047 0.258826613426208 -3.4e+38 -3.4e+38
-3.4e+38 -3.4e+38 -3.4e+38 -3.4e+38 0.261284410953522 0.261500597000122 0.263404101133347 0.265937387943268 0.268445491790771 0.271693199872971 0.273578196763992 0.273235708475113 -3.4e+38 -3.4e+38 -3.4e+38 -3.4e+38 -3.4e+38 -3.4e+38 -3.4e+38 -3.4e+38 -3.4e+38 -3.4e+38 -3.4e+38 -3.4e+38 -3.4e+38 0.250966310501099 0.260811686515808 0.272206485271454 0.269803494215012 0.259862303733826 0.250231385231018 0.24336040019989 0.23978790640831 0.238055005669594 0.238351702690125 0.238014295697212 0.239464104175568 0.240125894546509 0.243909806013107 0.24701489508152 0.252019912004471 0.255994200706482 0.259222894906998 0.259615212678909 0.256222009658813 0.252909600734711
0.266238212585449 0.264234811067581 0.263392686843872 0.267283111810684 0.2656210064888 0.264860510826111 0.265896409749985 0.26758548617363 0.2704196870327 0.272975087165833 0.27626559138298 0.279305994510651 0.274014413356781 0.269781410694122 0.265312492847443 -3.4e+38 -3.4e+38 -3.4e+38 -3.4e+38 -3.4e+38 0.256232500076294 0.252139985561371 0.248258993029594 0.24458509683609 0.244822606444359 0.251579999923706 0.260404288768768 0.268173009157181 0.266992390155792 0.25863191485405 0.251244187355042 0.24461230635643 0.241442203521729 0.238886401057243 0.238980799913406 0.239409193396568 0.240035101771355 0.243318200111389 0.246604606509209 0.251938611268997 0.254896312952042 0.257912904024124 0.260840386152267 0.260797590017319 0.257267087697983 0.254376500844955
0.274933904409409 0.272272109985352 0.271317213773727 0.271719008684158 0.270641386508942 0.26857790350914 0.26808950304985 0.269551903009415 0.273443311452866 0.276226699352264 0.27945938706398 0.279890298843384 0.277690589427948 0.272916287183762 0.268075197935104 0.262374997138977 0.260596513748169 0.262668192386627 0.263340801000595 0.263186007738113 0.259698390960693 0.256092190742493 0.251596808433533 0.248598203063011 0.249200493097305 0.253044903278351 0.258259296417236 0.262324899435043 0.261342793703079 0.25574779510498 0.248618200421333 0.243223696947098 0.24212110042572 0.24156080186367 0.24110110104084 0.241949900984764 0.243596494197845 0.245831295847893 0.249605506658554 0.253783613443375 0.258652210235596 0.261084109544754 0.263222813606262 0.262305289506912 0.259965389966965 0.255981385707855
0.282101094722748 0.278398990631104 0.278537601232529 0.2759850025177 0.273856908082962 0.27185469865799 0.270331412553787 0.272355794906616 0.276620805263519 0.278791904449463 0.280024290084839 0.281129509210587 0.280746310949326 0.27600160241127 0.272573113441467 0.271923303604126 0.270177513360977 -3.4e+38 0.271568089723587 0.268469512462616 0.26471358537674 0.260588496923447 0.256161212921143 0.251863807439804 0.252060085535049 0.253925710916519 0.256229907274246 0.257939904928207 0.257405489683151 0.25330451130867 0.24839049577713 0.245331406593323 0.244586497545242 0.244275197386742 0.244550302624702 0.244455501437187 0.245649203658104 0.249318197369576 0.253546386957169 0.258537590503693 0.262230306863785 0.263944804668427 0.264901995658875 0.265592187643051 0.262805491685867 0.258630186319351
0.287577509880066 0.286352604627609 0.284453600645065 0.281905710697174 0.279067903757095 0.277627199888229 0.276749104261398 0.278336614370346 0.281951814889908 0.284650504589081 0.286209106445312 0.284605801105499 0.282177805900574 0.279707193374634 0.276381999254227 0.276087790727615 0.276309996843338 0.279111713171005 0.281136006116867 0.276903510093689 0.271146595478058 0.264518111944199 0.260092198848724 0.255955010652542 0.254766911268234 0.25672510266304 0.257625102996826 0.25712838768959 0.256232112646103 0.253164201974869 0.249746799468994 0.248808994889259 0.248424798250198 0.247676596045494 0.24832110106945 0.248857200145721 0.250410288572311 0.253457486629486 0.258879095315933 0.263081610202789 0.266478806734085 0.269272595643997 0.270157009363174 0.269432693719864 0.266130000352859 0.262484490871429
0.295302003622055 0.291876792907715 0.289169192314148 0.287820398807526 0.285642504692078 0.283483386039734 0.283569693565369 0.285247296094894 0.287080407142639 0.28923499584198 0.289624005556107 0.287105292081833 0.284539192914963 0.28318178653717 0.282470911741257 0.281765788793564 0.283834308385849 0.285224407911301 0.288762986660004 0.284010291099548 0.274470895528793 0.268908113241196 0.263249605894089 0.2600457072258 0.257965803146362 0.258339107036591 0.258840799331665 0.257624089717865 0.256917595863342 0.256080210208893 0.254714697599411 0.25354939699173 0.252703011035919 0.253707408905029 0.254174113273621 0.255560010671616 0.256492495536804 0.260152190923691 0.263962090015411 0.267854303121567 0.271249085664749 0.275127410888672 0.276037007570267 0.27358689904213 0.269390910863876 0.265225112438202
0.300639986991882 0.29765111207962 0.294281601905823 0.29362541437149 0.291097193956375 0.289745807647705 0.290792405605316 0.291930288076401 0.293111592531204 0.293109804391861 0.293398410081863 0.290123403072357 0.288489103317261 0.285780787467957 0.285170495510101 0.284885793924332 0.285273492336273 0.286147207021713 0.286445885896683 0.282733291387558 0.27468729019165 0.269362598657608 0.265143811702728 0.260865986347198 0.260611712932587 0.259758412837982 0.259472995996475 0.259929090738297 0.259039789438248 0.259589195251465 0.259050101041794 0.259366005659103 0.259136110544205 0.260044693946838 0.260785013437271 0.262180089950562 0.263196796178818 0.265484809875488 0.269885212182999 0.272699803113937 0.276536911725998 0.28007099032402 0.280768096446991 0.277659088373184 0.273107498884201 0.267835885286331
0.30493688583374 0.303000301122665 0.300478905439377 0.298605412244797 0.29661551117897 0.2967629134655 0.29658579826355 0.297273904085159 0.297375112771988 0.296978712081909 0.295474708080292 0.29311129450798 0.290692687034607 0.287832200527191 0.285643398761749 0.285573214292526 0.284809708595276 0.284535199403763 0.281702190637589 0.279278188943863 0.273572891950607 0.268346697092056 0.264827400445938 0.262032210826874 0.260889291763306 0.261461913585663 0.262695014476776 0.262482702732086 0.26310008764267 0.264289408922195 0.265386193990707 0.265430808067322 0.266638100147247 0.266054391860962 0.266694605350494 0.268140286207199 0.270050197839737 0.271192789077759 0.273801892995834 0.277856707572937 0.281175196170807 0.284746408462524 0.287056386470795 0.281567186117172 0.274244010448456 0.269820302724838
0.309053093194962 0.306404709815979 0.305067092180252 0.303420901298523 0.30255788564682 0.302325487136841 0.301423013210297 0.301228314638138 0.300842791795731 0.298966407775879 0.297071486711502 0.295284897089005 0.292879790067673 0.289743900299072 0.289277285337448 0.285921186208725 0.283850312232971 0.282074511051178 0.27770608663559 0.274174988269806 0.271212995052338 0.267018914222717 0.263050407171249 0.262639790773392 0.262802094221115 0.263178706169128 0.265454888343811 0.266327202320099 0.266793102025986 0.267997801303864 0.270231693983078 0.270805805921555 0.27160319685936 0.27264329791069 0.27282041311264 0.273024886846542 0.27424168586731 0.275771707296371 0.277095913887024 0.278604596853256 0.282577186822891 0.285826593637466 0.285701990127563 0.281824111938477 0.276385396718979 0.269851803779602
0.311397105455399 0.309805303812027 0.307080209255219 0.305566102266312 0.30704739689827 0.306115001440048 0.306074112653732 0.304483085870743 0.302528887987137 0.30156621336937 0.30031880736351 0.297247886657715 0.294268012046814 0.291742712259293 0.288455098867416 0.286070704460144 0.283172190189362 0.278690189123154 0.274887800216675 0.271738797426224 0.268548488616943 0.265565812587738 0.263644397258759 0.263985604047775 0.265010088682175 0.266474694013596 0.267553985118866 0.269905298948288 0.271889597177505 0.273324012756348 0.275451987981796 0.278031289577484 0.280314207077026 0.279344111680984 0.279836088418961 0.278205394744873 0.27884641289711 0.279159694910049 0.279913812875748 0.282076299190521 0.281864613294601 0.281887203454971 0.281388700008392 0.278693914413452 0.27462100982666 0.269293904304504
0.313609689474106 0.312159389257431 0.310273885726929 0.309680491685867 0.308504402637482 0.307708412408829 0.307275801897049 0.307800799608231 0.307261496782303 0.304697185754776 0.301554411649704 0.298415809869766 0.295268207788467 0.293756991624832 0.290454298257828 0.286483108997345 0.282262802124023 0.277519702911377 0.271445602178574 0.269565612077713 0.26731088757515 0.266939014196396 0.266025602817535 0.265207201242447 0.267323911190033 0.268672794103622 0.270459711551666 0.271880000829697 0.273603111505508 0.276567310094833 0.280505001544952 0.284970790147781 0.286585807800293 0.285481303930283 0.283803999423981 0.283883810043335 0.28293389081955 0.282818198204041 0.282504200935364 0.281002908945084 0.282025814056396 0.279784113168716 0.277714788913727 0.274731814861298 0.270462810993195 0.268786311149597
0.314388692378998 0.312884896993637 0.312637209892273 0.31209060549736 0.310300797224045 0.309833586215973 0.308860510587692 0.309174805879593 0.307788401842117 0.307826012372971 0.30374339222908 0.300083488225937 0.297038614749908 0.295398712158203 0.291923999786377 0.289212286472321 0.28268238902092 0.275505304336548 0.268739402294159 0.266778588294983 0.26734921336174 0.267456203699112 0.266156494617462 0.268155813217163 0.269323796033859 0.271636307239532 0.271769613027573 0.273667901754379 0.274263590574265 0.279222786426544 0.284241914749146 0.289921909570694 0.291817098855972 0.290851205587387 0.289991289377213 0.287237912416458 0.286616504192352 0.28496590256691 0.282772392034531 0.283223897218704 0.280419290065765 0.278157085180283 0.274120002985001 0.271727800369263 0.268391013145447 0.26653128862381
0.316020905971527 0.315610289573669 0.313200086355209 0.31247940659523 0.31301748752594 0.310600996017456 0.310463190078735 0.310847193002701 0.309157907962799 0.308184087276459 0.304472297430038 0.301081895828247 0.298992991447449 0.297181695699692 0.294045388698578 0.291431605815887 0.285157591104507 0.276870399713516 0.271118998527527 0.269688814878464 0.270055085420609 0.270549714565277 0.27108559012413 0.273081600666046 0.273096710443497 0.273811101913452 0.275181114673615 0.275114685297012 0.276829898357391 0.28016060590744 0.285409808158875 0.2913419008255 0.292923599481583 0.293063312768936 0.292814612388611 0.290573090314865 0.289737194776535 0.288338512182236 0.286406397819519 0.283575594425201 0.281334608793259 0.276072412729263 0.271737694740295 0.268283396959305 0.267266988754272 0.265369087457657
0.317980110645294 0.316910594701767 0.315790086984634 0.312949895858765 0.310942888259888 0.310621112585068 0.31044989824295 0.308860301971436 0.308539599180222 0.307510107755661 0.30524280667305 0.30256050825119 0.299682289361954 0.298453897237778 0.294658809900284 0.292045414447784 0.287114411592484 0.279197186231613 0.275684505701065 0.275130987167358 0.274053692817688 0.275657802820206 0.276408314704895 0.27572038769722 0.275998204946518 0.276115387678146 0.276897996664047 0.276457488536835 0.278798401355743 0.280949294567108 0.283690512180328 0.288286685943604 0.293012201786041 0.294787585735321 0.294482886791229 0.293767601251602 0.292382806539536 0.290395200252533 0.288649290800095 0.285240709781647 0.281047195196152 0.277123600244522 0.272678792476654 0.26966181397438 0.268016189336777 0.266943901777267
0.319644510746002 0.318558305501938 0.317313998937607 0.31560429930687 0.313926994800568 0.312824100255966 0.310687392950058 0.309572488069534 0.308948695659637 0.30673548579216 0.304872304201126 0.301377892494202 0.299317896366119 0.297041594982147 0.295807391405106 0.292889893054962 0.289808303117752 0.284591287374496 0.281400889158249 0.279873192310333 0.279806911945343 0.27861350774765 0.279203593730927 0.279196590185165 0.279264211654663 0.27760049700737 0.276908606290817 0.277485102415085 0.278428792953491 0.279058188199997 0.28266841173172 0.288845509290695 0.29312139749527 0.295866996049881 0.296179711818695 0.295331597328186 0.295515090227127 0.293078899383545 0.289687693119049 0.28655868768692 0.283341497182846 0.278773188591003 0.275412201881409 0.272502899169922 0.270301997661591 0.267739713191986
0.321118086576462 0.321867913007736 0.318499088287354 0.31657749414444 0.314577698707581 0.312734603881836 0.309827089309692 0.309170007705688 0.307803303003311 0.305311799049377 0.303131312131882 0.299993395805359 0.298741906881332 0.297616094350815 0.295061111450195 0.293389797210693 0.29154160618782 0.288929313421249 0.286556392908096 0.284012794494629 0.284017503261566 0.282905995845795 0.282598197460175 0.281173586845398 0.280634105205536 0.278934001922607 0.278716713190079 0.277308285236359 0.278676390647888 0.27940970659256 0.283935010433197 0.2895368039608 0.295336902141571 0.297853291034698 0.299495488405228 0.299445390701294 0.29853829741478 0.295991212129593 0.29242879152298 0.290157586336136 0.286890298128128 0.282790511846542 0.278216689825058 0.276046395301819 0.272729188203812 0.270236313343048
0.319333612918854 0.319849699735641 0.319632112979889 0.317059397697449 0.315967887639999 0.314020603895187 0.310453087091446 0.307171702384949 0.307601898908615 0.305628687143326 0.303012400865555 0.300879597663879 0.298904985189438 0.297713100910187 0.295276492834091 0.29386779665947 0.290233910083771 0.289683192968369 0.288620591163635 0.288608193397522 0.286648809909821 0.286633789539337 0.284562408924103 0.282598614692688 0.278976708650589 0.276825487613678 0.275223106145859 0.275720298290253 0.279222190380096 0.282637298107147 0.288401305675507 0.29404228925705 0.299893110990524 0.303288787603378 0.302985489368439 0.304221212863922 0.301510006189346 0.299577385187149 0.296567112207413 0.292992800474167 0.289472907781601 0.286284208297729 0.28178009390831 0.279745787382126 0.276001304388046 0.273173213005066
0.319889008998871 0.321720600128174 0.322088688611984 0.319072186946869 0.315740913152695 0.312085390090942 0.309514403343201 0.307913601398468 0.305039197206497 0.302223086357117 0.302433013916016 0.300878793001175 0.297721296548843 0.296769291162491 0.294505387544632 0.292769402265549 0.29246661067009 0.292147099971771 0.293568909168243 0.292606502771378 0.292810708284378 0.290486693382263 0.287419885396957 0.283382713794708 0.279845207929611 0.27655228972435 0.275003910064697 0.27491021156311 0.278046905994415 0.284753710031509 0.291505008935928 0.298857510089874 0.30508878827095 0.3069227039814 0.307220488786697 0.306669414043427 0.304885596036911 0.301760703325272 0.298761606216431 0.297192394733429 0.29255399107933 0.289729088544846 0.285098403692245 0.28208801150322 0.2796610891819 0.276775807142258
