ENMTML/All_vars/Predictors/EUR_only/bio35.asc
NCOLS 440 
NROWS 275 
XLLCORNER -11.5 
YLLCORNER 25.4999999994691 
CELLSIZE 0.166666666666667 
NODATA_value -3.4e+38 
[rows 220 to 239 of 275, columns 322 to 367 of 440]
0.384111195802689 0.392587810754776 0.39498171210289 0.407610803842545 0.403790503740311 0.409011095762253 0.426787793636322 0.431960612535477 0.438199907541275 0.441061913967133 0.448275297880173 0.461990714073181 0.481525510549545 0.510900616645813 0.549261391162872 0.587304174900055 0.615695476531982 0.670970320701599 0.718453884124756 0.794324517250061 0.87949937582016 0.954613626003265 1.02752196788788 1.04487895965576 1.04132401943207 1.01660895347595 0.994656324386597 0.964707493782043 0.932165622711182 0.89841890335083 0.867848217487335 0.853685677051544 0.828051328659058 0.831704616546631 0.820191085338593 0.80944812297821 0.757972776889801 0.728642225265503 0.693438470363617 0.663991689682007 0.660733222961426 0.676539301872253 0.683452010154724 0.677317917346954 0.649007081985474 0.619264602661133
0.358279913663864 0.376504689455032 0.386467486619949 0.396431297063828 0.387479901313782 0.390867501497269 0.402885496616364 0.411088794469833 0.41677188873291 0.419659495353699 0.426932901144028 0.440625011920929 0.459598004817963 0.476690709590912 0.503702521324158 0.540481209754944 0.560944080352783 0.596043229103088 0.627266824245453 0.695203483104706 0.80082631111145 0.917951822280884 0.97139847278595 1.01964402198792 1.0088210105896 0.993088603019714 0.969860911369324 0.944557309150696 0.918120801448822 0.890810787677765 0.867674171924591 0.85527092218399 0.841526985168457 0.810255229473114 0.829089522361755 0.806077182292938 0.76270067691803 0.720873773097992 0.69493567943573 0.654349982738495 0.647901773452759 0.672455906867981 0.689203977584839 0.698141098022461 0.731058418750763 0.709158599376678
0.35231140255928 0.361024111509323 0.370629996061325 0.379700601100922 0.375925213098526 0.372730702161789 0.38039219379425 0.388030707836151 0.392169207334518 0.399210095405579 0.408927708864212 0.419974386692047 0.435796290636063 0.456722885370255 0.472039610147476 0.496320903301239 0.525243699550629 0.545488476753235 0.58437579870224 0.647886097431183 0.747847318649292 0.893547475337982 0.945039510726929 0.977472305297852 0.980844020843506 0.96775758266449 0.94695121049881 0.924079596996307 0.90087878704071 0.877424597740173 0.863243877887726 0.850341200828552 0.825077772140503 0.798940896987915 0.81247478723526 0.809580385684967 0.795436918735504 0.731962203979492 0.694240987300873 0.653402388095856 0.660368025302887 0.678127586841583 0.71138322353363 0.7021843791008 0.77276611328125 0.772806823253632
0.349308907985687 0.350018590688705 0.349990785121918 0.36275988817215 0.357342809438705 0.355476498603821 0.362421214580536 0.372561186552048 0.380248010158539 0.380930304527283 0.392166495323181 0.403926193714142 0.419680804014206 0.436976104974747 0.451508194208145 0.466427505016327 0.488341987133026 0.521685183048248 0.560772180557251 0.612379610538483 0.689127087593079 0.850639283657074 0.910198509693146 0.946399986743927 0.950339794158936 0.942299783229828 0.921504974365234 0.905535280704498 0.888490915298462 0.870172381401062 0.856184184551239 0.845420181751251 0.832644820213318 0.813167572021484 0.822201728820801 0.805718779563904 0.773299694061279 0.753435790538788 0.713960289955139 0.695896625518799 0.691024780273438 0.693715572357178 0.711903214454651 0.753006219863892 0.781028389930725 0.791675984859467
0.339004695415497 0.330926388502121 0.325670212507248 0.334521591663361 0.342664003372192 0.343422502279282 0.349949508905411 0.353316813707352 0.361669600009918 0.368664085865021 0.37886369228363 0.387734085321426 0.403625905513763 0.417399197816849 0.434417188167572 0.452289700508118 0.473031491041183 0.499927997589111 0.538384914398193 0.592090725898743 0.653433918952942 0.75311678647995 0.855927586555481 0.895555078983307 0.908285021781921 0.911833882331848 0.904330313205719 0.886289715766907 0.879084587097168 0.860387086868286 0.856833398342133 0.847185909748077 0.846194684505463 0.826725125312805 0.821785926818848 0.828981995582581 0.80999368429184 0.772613823413849 0.751665771007538 0.758704125881195 0.723706901073456 0.716499924659729 0.72152978181839 0.748501420021057 0.714959025382996 0.661554515361786
0.317688792943954 0.316848188638687 0.315304189920425 0.310222595930099 0.318599194288254 0.328519612550735 0.337716907262802 0.34539669752121 0.351197689771652 0.356515288352966 0.363571107387543 0.374226212501526 0.386608213186264 0.399731695652008 0.420003712177277 0.437927514314651 0.456254601478577 0.483953714370728 0.522058010101318 0.563696086406708 0.614218473434448 0.662615418434143 0.780542373657227 0.854210078716278 0.868812680244446 0.891085982322693 0.86413711309433 0.860130310058594 0.859867990016937 0.834733486175537 0.843195378780365 0.84508752822876 0.84621262550354 0.8561931848526 0.842350482940674 0.826004922389984 0.854329705238342 0.808685183525085 0.783671379089355 0.806569278240204 0.798828721046448 0.756307482719421 0.73578679561615 0.714329779148102 0.697355926036835 0.648412883281708
0.307450890541077 0.300309896469116 0.284639000892639 0.289173185825348 0.301795303821564 0.317044913768768 0.333181113004684 0.338919997215271 0.340445786714554 0.342395186424255 0.350023210048676 0.359785705804825 0.371346294879913 0.385790914297104 0.406453192234039 0.4233737885952 0.444804698228836 0.46536049246788 0.49817219376564 0.531229674816132 0.564743876457214 0.59667181968689 0.659082293510437 0.71933901309967 0.798176825046539 0.850817024707794 0.868084788322449 0.821084022521973 0.816683292388916 0.831034302711487 0.843105673789978 0.846154272556305 0.850752174854279 0.857999324798584 0.875345826148987 0.867587625980377 0.862100005149841 0.850169718265533 0.833176910877228 0.80125629901886 0.818753182888031 0.816323220729828 0.751246511936188 0.734208405017853 0.709614813327789 0.641489923000336
0.300631701946259 0.293592602014542 0.287583112716675 0.286634504795074 0.294461399316788 0.309623092412949 0.32561668753624 0.326253086328506 0.325493186712265 0.32860478758812 0.336402386426926 0.350542306900024 0.362644612789154 0.37716680765152 0.39090621471405 0.408376395702362 0.425998091697693 0.448483407497406 0.47023931145668 0.496560513973236 0.523003697395325 0.541008412837982 0.577366173267365 0.658839404582977 0.685969591140747 0.776711702346802 0.830123782157898 0.835983872413635 0.790646970272064 0.803041279315948 0.810337424278259 0.833598375320435 0.849946975708008 0.864214718341827 0.879602372646332 0.884543299674988 0.892844974994659 0.895131289958954 0.844237923622131 0.818146824836731 0.80510801076889 0.803517580032349 0.76508891582489 0.74165141582489 0.699552118778229 0.631524682044983
0.290768295526505 0.287202507257462 0.275479912757874 0.278774499893188 0.280589610338211 0.300086885690689 0.310833185911179 0.312954187393188 0.315250098705292 0.315011113882065 0.324674189090729 0.334418892860413 0.349102109670639 0.359893590211868 0.378957897424698 0.394380390644073 0.409583300352097 0.428831607103348 0.447181195020676 0.46302929520607 0.482351809740067 0.49736350774765 0.52061939239502 0.573121070861816 0.612097322940826 0.686972677707672 0.75786417722702 0.767210125923157 0.798563003540039 0.804372489452362 0.777404487133026 0.802227973937988 0.83641129732132 0.854259490966797 0.87316769361496 0.87237161397934 0.858217120170593 0.829304218292236 0.843016922473907 0.849160313606262 0.841911792755127 0.78970068693161 0.710828602313995 0.674595296382904 0.680740475654602 0.608749389648438
0.276847809553146 0.27310511469841 0.272069305181503 0.267485201358795 0.27082359790802 0.282067388296127 0.291397511959076 0.291593790054321 0.296986699104309 0.30603489279747 0.311563700437546 0.321457505226135 0.336828708648682 0.354333192110062 0.364514708518982 0.381957590579987 0.395928114652634 0.410621494054794 0.423103898763657 0.43631848692894 0.450169593095779 0.462399393320084 0.480637490749359 0.504259824752808 0.53371661901474 0.570024311542511 0.629438519477844 0.683152914047241 0.726411283016205 0.767160177230835 0.796857297420502 0.785765409469604 0.801786184310913 0.825304627418518 0.862117886543274 0.868635773658752 0.870273411273956 0.84846019744873 0.891136586666107 0.880599081516266 0.83877432346344 0.800825893878937 0.744622528553009 0.694096624851227 0.667466998100281 0.62805312871933
0.26412159204483 0.262625396251678 0.261953592300415 0.260554403066635 0.264029711484909 0.26742359995842 0.270400196313858 0.276952892541885 0.280956089496613 0.290035605430603 0.294034898281097 0.310810387134552 0.326056987047195 0.344176590442657 0.357076495885849 0.365796387195587 0.383452504873276 0.390189200639725 0.401376396417618 0.410814791917801 0.421607911586761 0.433374285697937 0.44473460316658 0.458034098148346 0.480352312326431 0.512485027313232 0.548615217208862 0.629544794559479 0.662110388278961 0.689440429210663 0.761352181434631 0.770249307155609 0.789127826690674 0.809568583965302 0.828038811683655 0.856627225875854 0.871933817863464 0.869779884815216 0.878747522830963 0.880630493164062 0.866535186767578 0.865101218223572 0.820981979370117 0.743058025836945 0.691711485385895 0.653440713882446
0.251426696777344 0.251015186309814 0.245561495423317 0.250134199857712 0.253655910491943 0.253581196069717 0.257104992866516 0.260843604803085 0.265491008758545 0.266434788703918 0.279335111379623 0.294912785291672 0.319253414869308 0.334119498729706 0.343840509653091 0.355012506246567 0.362112909555435 0.373317211866379 0.381875395774841 0.388222396373749 0.396686494350433 0.405389189720154 0.415386199951172 0.428337812423706 0.447507709264755 0.468811213970184 0.492806106805801 0.527167081832886 0.569340527057648 0.606478989124298 0.662086009979248 0.717456698417664 0.727618098258972 0.748883605003357 0.785838603973389 0.794922471046448 0.839125514030457 0.858292579650879 0.869098305702209 0.881061971187592 0.850678026676178 0.84758859872818 0.820787787437439 0.771478414535522 0.733992993831635 0.681768894195557
0.232490301132202 0.238442003726959 0.238304898142815 0.243232801556587 0.239279106259346 0.24342280626297 0.247381493449211 0.251051485538483 0.255088686943054 0.256088197231293 0.264587491750717 0.280238211154938 0.30304080247879 0.324380993843079 0.336059987545013 0.343808889389038 0.347801387310028 0.356847196817398 0.368115693330765 0.371682286262512 0.372839897871017 0.381191313266754 0.389414608478546 0.403308898210526 0.420883893966675 0.441010594367981 0.461803197860718 0.486637085676193 0.520987510681152 0.561633706092834 0.585360527038574 0.621296226978302 0.662686586380005 0.691357314586639 0.717816174030304 0.753189325332642 0.785843014717102 0.829140484333038 0.858809173107147 0.873444318771362 0.88344532251358 0.877274870872498 0.840198993682861 0.764182388782501 0.732849717140198 0.701636672019958
0.225080102682114 0.222846001386642 0.227410405874252 0.232722193002701 0.236490607261658 0.240654498338699 0.244578003883362 0.248262003064156 0.245474606752396 0.253868788480759 0.263266712427139 0.27283188700676 0.290407299995422 0.313538700342178 0.322148203849792 0.330201297998428 0.338935703039169 0.342432886362076 0.34990268945694 0.353683292865753 0.357317507266998 0.361869186162949 0.367925196886063 0.382684111595154 0.400203198194504 0.419123291969299 0.440963208675385 0.463048487901688 0.489859193563461 0.51491367816925 0.548547685146332 0.584797322750092 0.609014928340912 0.645549774169922 0.683339178562164 0.709097683429718 0.734653770923615 0.764916300773621 0.811373591423035 0.860586285591125 0.877604782581329 0.892082512378693 0.887305915355682 0.857603013515472 0.829287827014923 0.768893301486969
0.213449195027351 0.213462293148041 0.216202795505524 0.223641693592072 0.227670505642891 0.232133492827415 0.236183494329453 0.243742093443871 0.245900496840477 0.255276203155518 0.262367695569992 0.274996399879456 0.282453298568726 0.296967387199402 0.30837419629097 0.31961789727211 0.324389010667801 0.333802610635757 0.340766191482544 0.344650506973267 0.3484266102314 0.352236896753311 0.357110410928726 0.364616006612778 0.38397291302681 0.404281109571457 0.42354890704155 0.444377392530441 0.465077102184296 0.488420695066452 0.516153991222382 0.541849613189697 0.577350318431854 0.608627378940582 0.642823278903961 0.665077328681946 0.693614721298218 0.726969301700592 0.761798083782196 0.801518619060516 0.854343771934509 0.888066589832306 0.901648998260498 0.891706824302673 0.897631824016571 0.88062858581543
0.205311700701714 0.201857596635818 0.21735580265522 0.21990430355072 0.221488997340202 0.22977040708065 0.23410139977932 0.238324195146561 0.245333597064018 0.239113792777061 0.241443201899529 0.251040995121002 0.265491187572479 0.283965200185776 0.294438600540161 0.30670890212059 0.317390888929367 0.326512902975082 0.336004108190536 0.340764611959457 0.347262501716614 0.350590109825134 0.356878787279129 0.365352988243103 0.379729896783829 0.394710004329681 0.413716912269592 0.427289992570877 0.444346189498901 0.465981304645538 0.48770859837532 0.510449171066284 0.53960120677948 0.570588827133179 0.604095101356506 0.631651520729065 0.653959512710571 0.685831904411316 0.718939602375031 0.758002877235413 0.813607215881348 0.879740178585052 0.912572503089905 0.941317081451416 0.926183819770813 0.889798879623413
0.204658403992653 0.204613000154495 0.214449897408485 0.219348400831223 0.221094906330109 0.225311800837517 0.237840205430984 0.245153203606606 0.24499599635601 0.238707795739174 0.241200104355812 0.250321686267853 0.2567999958992 0.268437296152115 0.289779812097549 0.298393785953522 0.309503495693207 0.319362193346024 0.328547388315201 0.338308095932007 0.345167696475983 0.351859003305435 0.365639209747314 0.375583112239838 0.379390507936478 0.386649698019028 0.400272607803345 0.412071198225021 0.426696211099625 0.442987501621246 0.461401611566544 0.48617759346962 0.508241176605225 0.535746693611145 0.56512862443924 0.593788921833038 0.611052870750427 0.642554700374603 0.676940381526947 0.719224214553833 0.763440787792206 0.851224303245544 0.906263113021851 0.948111474514008 0.930395424365997 0.905422627925873
0.207427605986595 0.209245905280113 0.21170200407505 0.217009797692299 0.225966304540634 0.227787703275681 0.230415999889374 0.234592497348785 0.238741502165794 0.245499804615974 0.248033195734024 0.254476010799408 0.257878690958023 0.264985203742981 0.277230113744736 0.297747910022736 0.307391196489334 0.318257004022598 0.324978590011597 0.334407389163971 0.341102004051208 0.350880086421967 0.361854195594788 0.37702539563179 0.373608112335205 0.376909613609314 0.384147197008133 0.39837720990181 0.407492488622665 0.42169401049614 0.440579414367676 0.460508286952972 0.481224089860916 0.503352999687195 0.525404095649719 0.550411701202393 0.57411140203476 0.600119829177856 0.627489328384399 0.666885793209076 0.719578385353088 0.784604012966156 0.880098104476929 0.935234129428864 0.924626111984253 0.909258902072906
0.212420493364334 0.210811406373978 0.214299499988556 0.221010506153107 0.229737997055054 0.235106199979782 0.238583996891975 0.242890596389771 0.24274580180645 0.250560194253922 0.256816387176514 0.259642004966736 0.262879192829132 0.268489807844162 0.275449514389038 0.297442585229874 0.305898189544678 0.318771511316299 0.32283478975296 0.333537101745605 0.334650188684464 0.344132214784622 0.35181188583374 0.358899801969528 0.361756294965744 0.360639601945877 0.368082195520401 0.376923203468323 0.390928596258163 0.404780685901642 0.418684810400009 0.437022000551224 0.455016911029816 0.473450809717178 0.497144788503647 0.512547373771667 0.529873907566071 0.554563522338867 0.576898276805878 0.614745616912842 0.667351007461548 0.732750177383423 0.801908910274506 0.889710009098053 0.915006518363953 0.904411911964417
0.213458403944969 0.214848294854164 0.223444804549217 0.227812707424164 0.234313100576401 0.238385200500488 0.241135701537132 0.246625795960426 0.250550806522369 0.258202105760574 0.264386713504791 0.268028110265732 0.26905420422554 0.2726970911026 0.288317412137985 0.294677406549454 0.303755611181259 0.318355411291122 0.3261598944664 0.329527586698532 0.332671612501144 0.331250786781311 0.33648219704628 0.341683000326157 0.342056602239609 0.342242211103439 0.347434788942337 0.354551285505295 0.371070891618729 0.38334921002388 0.401825904846191 0.415850192308426 0.434154510498047 0.451199889183044 0.466852605342865 0.485040605068207 0.498335599899292 0.5135537981987 0.525165915489197 0.561153173446655 0.615350127220154 0.678235292434692 0.74005401134491 0.786238610744476 0.86879301071167 0.883924126625061
