ENMTML/All_vars/Predictors/EUR_only/bio32.asc
NCOLS 440 
NROWS 275 
XLLCORNER -11.5 
YLLCORNER 25.4999999994691 
CELLSIZE 0.166666666666667 
NODATA_value -3.4e+38 
[rows 240 to 259 of 275, columns 368 to 413 of 440]
0.872908174991608 0.860060095787048 0.849870324134827 0.819365084171295 0.803902089595795 0.776736795902252 0.751038789749146 0.722989022731781 0.652117729187012 0.643290817737579 0.602964997291565 0.586946189403534 0.580943703651428 0.548796772956848 0.516440272331238 0.464085608720779 0.435418486595154 0.426803112030029 0.388741493225098 0.369498789310455 0.354242891073227 0.337507694959641 0.32296958565712 0.311417311429977 0.319516509771347 0.333863496780396 0.323949694633484 0.321367502212524 0.302293092012405 0.304819107055664 0.276654303073883 0.282279312610626 0.302251696586609 0.273923814296722 0.278126806020737 0.282405287027359 0.293732613325119 0.319352895021439 0.339744985103607 0.405703991651535 0.372893393039703 0.297506809234619 0.286773592233658 0.272933602333069 0.242207497358322 0.235855102539062
0.849817276000977 0.851166784763336 0.850772976875305 0.82775467634201 0.786765813827515 0.778635084629059 0.76507157087326 0.733565390110016 0.682793378829956 0.697225093841553 0.637606620788574 0.621022820472717 0.595023810863495 0.561455070972443 0.534414827823639 0.506421625614166 0.471733599901199 0.438526093959808 0.423788487911224 0.393414407968521 0.373674690723419 0.35873880982399 0.343690305948257 0.328518599271774 0.33148181438446 0.353592395782471 0.345516502857208 0.340710699558258 0.320439100265503 0.306928813457489 0.302234888076782 0.286356806755066 0.285386294126511 0.282785505056381 0.295231610536575 0.323486387729645 0.298330187797546 0.312831610441208 0.338345885276794 0.364039212465286 0.385229110717773 0.344062089920044 0.318631887435913 0.347816497087479 0.264910310506821 0.24051670730114
0.816516399383545 0.841937482357025 0.832929074764252 0.813697099685669 0.787828207015991 0.778854489326477 0.77071338891983 0.755202889442444 0.697452902793884 0.732825100421906 0.70584112405777 0.652263820171356 0.623844385147095 0.600543200969696 0.563424825668335 0.545560896396637 0.526815176010132 0.477965205907822 0.453818798065186 0.434989809989929 0.404703587293625 0.380245089530945 0.364140391349792 0.350751906633377 0.342629194259644 0.344206601381302 0.34437170624733 0.339611500501633 0.334816604852676 0.326107889413834 0.316024512052536 0.302716195583344 0.299916505813599 0.301903814077377 0.299539297819138 0.312922686338425 0.341257810592651 0.321617990732193 0.330043703317642 0.338910788297653 0.379095494747162 0.386031210422516 0.370992302894592 0.369107097387314 0.297824800014496 0.264675199985504
0.795127213001251 0.829850912094116 0.826979517936707 0.810235202312469 0.78776091337204 0.761142790317535 0.783360421657562 0.794441819190979 0.740558624267578 0.687857985496521 0.721072375774384 0.711120128631592 0.654199779033661 0.61789458990097 0.613658607006073 0.585875988006592 0.561649680137634 0.585643172264099 0.536622822284698 0.503150522708893 0.467082589864731 0.444864898920059 0.402355313301086 0.378188788890839 0.359914392232895 0.349057197570801 0.347805112600327 0.35188901424408 0.362596601247787 0.377654105424881 0.363779991865158 0.337810695171356 0.322684586048126 0.31616199016571 0.316181004047394 0.315329402685165 0.325549006462097 0.354675889015198 0.357340812683105 0.352121204137802 0.353635489940643 0.39232549071312 0.414635390043259 0.394569009542465 0.36667400598526 0.325583696365356
0.761804521083832 0.820230185985565 0.828765690326691 0.805898189544678 0.783209621906281 0.770837306976318 0.77690452337265 0.771401822566986 0.755023777484894 0.740867614746094 0.709966123104095 0.718518614768982 0.668569087982178 0.640336811542511 0.629933774471283 0.59733122587204 0.600908517837524 0.565958917140961 0.546202003955841 0.513297379016876 0.508796215057373 0.502319514751434 0.45882660150528 0.422623813152313 0.394742786884308 0.372499495744705 0.363549888134003 0.375188708305359 0.4006068110466 0.429560899734497 0.428737998008728 0.388594090938568 0.378123193979263 0.365007907152176 0.330395191907883 0.329995602369308 0.330737709999084 0.346776902675629 0.399031102657318 0.402947902679443 0.385360687971115 0.370518088340759 0.379540085792542 0.464357495307922 0.425212889909744 0.389954388141632
0.733197927474976 0.772788882255554 0.795910000801086 0.790047824382782 0.780775427818298 0.764032483100891 0.775687277317047 0.731998324394226 0.702360212802887 0.690638601779938 0.746675312519073 0.743019878864288 0.763904392719269 0.689162790775299 0.660914897918701 0.660203874111176 0.6196448802948 0.61531800031662 0.585553407669067 0.548157393932343 0.520308911800385 0.52485728263855 0.530475080013275 0.470829099416733 0.428036212921143 0.398320585489273 0.380208194255829 0.377567887306213 0.393203914165497 0.411470085382462 0.420225888490677 0.422991514205933 0.450509399175644 0.433202087879181 0.379097610712051 0.345434814691544 0.346422910690308 0.351233601570129 0.362618714570999 0.381912708282471 0.415010094642639 0.414732903242111 0.383529990911484 0.395164787769318 0.40925270318985 0.38514369726181
0.692322671413422 0.72803670167923 0.749924004077911 0.77092182636261 0.757268011569977 0.748723924160004 0.725102126598358 0.707851707935333 0.683732688426971 0.673360705375671 0.686427116394043 0.747621774673462 0.765194773674011 0.736337304115295 0.68178117275238 0.652765691280365 0.653950691223145 0.644139170646667 0.630092203617096 0.573003172874451 0.532836377620697 0.522423326969147 0.537458002567291 0.537354528903961 0.497972190380096 0.437240689992905 0.399216294288635 0.38757660984993 0.388134390115738 0.394022107124329 0.404840797185898 0.408583402633667 0.433497399091721 0.434949487447739 0.396878212690353 0.397228509187698 0.3880695104599 0.378627210855484 0.378546804189682 0.381533414125443 0.383224785327911 0.402821809053421 0.392288595438004 0.388051003217697 0.404763609170914 0.465258210897446
-3.4e+38 -3.4e+38 0.702621817588806 0.724142789840698 0.745266079902649 0.735264122486115 0.720601081848145 0.713568925857544 0.718608915805817 0.696711599826813 0.700637221336365 0.758737027645111 0.749442219734192 0.748398423194885 0.731339812278748 0.678561389446259 0.651538789272308 0.63986599445343 0.62655371427536 0.584712088108063 0.570043623447418 0.564363181591034 0.544874012470245 0.53198778629303 0.544041275978088 0.48951318860054 0.435027688741684 0.407700210809708 0.398781597614288 0.392656803131104 0.401131808757782 0.403672695159912 0.406268805265427 0.407531797885895 0.421125113964081 0.44314369559288 0.450362086296082 0.438435196876526 0.431675612926483 0.419981598854065 0.425161689519882 0.404652088880539 0.396641492843628 0.396178394556046 0.393010199069977 0.471579104661942
-3.4e+38 -3.4e+38 0.680556118488312 0.688894987106323 0.70540052652359 0.719499707221985 0.708906412124634 0.70735228061676 0.7288578748703 0.707939386367798 0.716722428798676 0.826938986778259 0.797233819961548 0.783262729644775 0.776615679264069 0.727960526943207 0.690370082855225 0.660277485847473 0.631097316741943 0.62531191110611 0.606286525726318 0.568580329418182 0.577437698841095 0.565016388893127 0.542633771896362 0.505160212516785 0.459754109382629 0.432796388864517 0.420701801776886 0.41631031036377 0.413790196180344 0.415583789348602 0.416758894920349 0.414694011211395 0.43147811293602 0.481292605400085 0.516112387180328 0.493268489837646 0.468428105115891 0.443313896656036 0.428598910570145 0.431676805019379 0.430846214294434 0.459445297718048 0.517992317676544 0.444920986890793
-3.4e+38 -3.4e+38 -3.4e+38 0.67965441942215 0.683855175971985 0.692756712436676 0.688489615917206 0.677460372447968 0.662888526916504 0.685098171234131 0.686192572116852 0.754965722560883 0.850042521953583 0.819941222667694 0.815408110618591 0.775689005851746 0.750162124633789 0.706310927867889 0.652255415916443 0.621445178985596 0.584575474262238 0.556093215942383 0.527467906475067 0.504177927970886 0.509034216403961 0.520430624485016 0.478611797094345 0.457355201244354 0.451416999101639 0.463635712862015 0.43734011054039 0.423445701599121 0.413698196411133 0.415654897689819 0.423915803432465 0.438257604837418 0.464735299348831 0.491149187088013 0.524759829044342 0.553884923458099 0.461101591587067 0.443575799465179 0.446041911840439 0.445683002471924 0.460588097572327 0.489050090312958
-3.4e+38 -3.4e+38 -3.4e+38 -3.4e+38 0.669362783432007 0.669802010059357 0.665656924247742 0.65594869852066 0.648622214794159 0.655123770236969 0.699675619602203 0.698618710041046 0.805896103382111 0.871202826499939 0.818642020225525 0.79250967502594 0.754236578941345 0.719574928283691 0.681622385978699 0.638896226882935 0.597969591617584 0.574667274951935 0.554497599601746 0.533457696437836 0.519369721412659 0.490170210599899 0.533935129642487 0.494520485401154 0.5168337225914 0.488195806741714 0.464105486869812 0.450844407081604 0.427608609199524 0.41982439160347 0.420269399881363 0.428679794073105 0.45364248752594 0.48520690202713 0.545285105705261 0.619974315166473 0.560111224651337 0.550599277019501 0.548615217208862 0.520682215690613 0.551986575126648 0.444796800613403
-3.4e+38 -3.4e+38 -3.4e+38 -3.4e+38 -3.4e+38 0.667470514774323 0.66302078962326 0.647762894630432 0.628947377204895 0.655291616916656 0.655079782009125 0.651157915592194 0.67084151506424 0.813129901885986 0.846202611923218 0.810099124908447 0.76140832901001 0.719006478786469 0.6911740899086 0.700512290000916 0.658218383789062 0.624254524707794 0.613318920135498 0.567916989326477 0.536355316638947 0.503866314888 0.547536611557007 0.541309714317322 0.528625190258026 0.506828010082245 0.494241088628769 0.501201093196869 0.445026785135269 0.428298085927963 0.426923900842667 0.428799092769623 0.436589688062668 0.460519999265671 0.502332389354706 0.531014382839203 0.568637073040009 0.700698971748352 0.604964911937714 0.593155920505524 0.695336401462555 0.497940093278885
-3.4e+38 -3.4e+38 -3.4e+38 -3.4e+38 -3.4e+38 0.683880388736725 0.670661926269531 0.650251626968384 0.638025224208832 0.708937525749207 0.713508784770966 0.673433423042297 0.636777102947235 0.710376977920532 0.839156627655029 0.819547772407532 0.781319975852966 0.729959487915039 0.702548980712891 0.646393775939941 0.65291428565979 0.651179373264313 0.652705788612366 0.585043728351593 0.550756394863129 0.528425216674805 0.503329515457153 0.545713126659393 0.517607271671295 0.477782905101776 0.482470810413361 0.500120580196381 0.477149903774261 0.441700488328934 0.4566350877285 0.43530210852623 0.432185709476471 0.445164501667023 0.479246705770493 0.491498410701752 0.491237908601761 0.511213719844818 0.472383409738541 0.482219010591507 0.590100824832916 0.501079618930817
-3.4e+38 -3.4e+38 -3.4e+38 -3.4e+38 -3.4e+38 0.687937319278717 0.680712521076202 0.649816870689392 0.632870972156525 0.675023317337036 0.686063528060913 0.69627571105957 0.641319572925568 0.681449413299561 0.793830692768097 0.801831424236298 0.766626119613647 0.775571584701538 0.702392518520355 0.69131737947464 0.652467489242554 0.681429386138916 0.616476893424988 0.637433528900146 0.62383097410202 0.60815817117691 0.597508013248444 0.562514781951904 0.554847776889801 0.486155092716217 0.463066190481186 0.462854087352753 0.464991807937622 0.460703611373901 0.484899401664734 0.453371495008469 0.435375601053238 0.446519792079926 0.462709605693817 0.480538785457611 0.463273793458939 0.450969994068146 0.429448813199997 0.435270309448242 0.517295777797699 0.548219203948975
-3.4e+38 -3.4e+38 -3.4e+38 -3.4e+38 -3.4e+38 -3.4e+38 0.668790698051453 0.642506420612335 0.622393012046814 0.641185820102692 0.658319711685181 0.63692969083786 0.64354407787323 0.655727088451385 0.74891197681427 0.769187688827515 0.74521541595459 0.765861570835114 0.767358899116516 0.679116010665894 0.629064381122589 0.626916885375977 0.588724911212921 0.548896610736847 0.535476684570312 0.532667279243469 0.570611178874969 0.550678312778473 0.591417372226715 0.558542370796204 0.484724491834641 0.464930087327957 0.458162188529968 0.460416913032532 0.497803390026093 0.480266600847244 0.459708213806152 0.507066488265991 0.47003561258316 0.508001625537872 0.464048802852631 0.464265912771225 0.431843608617783 0.404632389545441 0.398462206125259 0.383170306682587
-3.4e+38 -3.4e+38 -3.4e+38 -3.4e+38 -3.4e+38 -3.4e+38 -3.4e+38 0.619760513305664 0.602137625217438 0.644274711608887 0.656822383403778 0.63267058134079 0.626305818557739 0.6414635181427 0.651203989982605 0.659537017345428 0.699949681758881 0.748856782913208 0.712939381599426 0.593581318855286 0.640276312828064 0.59575879573822 0.555239975452423 0.54726630449295 0.529284298419952 0.529078125953674 0.482531309127808 0.465697586536407 0.504306972026825 0.588545024394989 0.57538378238678 0.524413406848907 0.506592094898224 0.467484712600708 0.459718406200409 0.472562998533249 0.462021291255951 0.444390207529068 0.451653689146042 0.561098515987396 0.484755992889404 0.471772611141205 0.500146985054016 0.434251695871353 0.403756588697433 0.380848109722137
-3.4e+38 -3.4e+38 -3.4e+38 -3.4e+38 -3.4e+38 -3.4e+38 -3.4e+38 0.603802680969238 0.578090310096741 0.565185129642487 0.587703883647919 0.636517405509949 0.599251210689545 0.621874988079071 0.596491992473602 0.588727176189423 0.646639227867126 0.673340618610382 0.666412591934204 0.5750812292099 0.57371997833252 0.574368178844452 0.525475978851318 0.531877815723419 0.521763384342194 0.520240783691406 0.501016318798065 0.463678985834122 0.473568588495255 0.465038388967514 0.504722416400909 0.558530986309052 0.50074428319931 0.502147376537323 0.472047209739685 0.441478490829468 0.426209390163422 0.419030398130417 0.427841186523438 0.433864712715149 0.420391201972961 0.448517799377441 0.538868188858032 0.457370012998581 0.411105394363403 0.386538207530975
-3.4e+38 -3.4e+38 -3.4e+38 -3.4e+38 -3.4e+38 -3.4e+38 -3.4e+38 -3.4e+38 0.571171224117279 0.528593122959137 0.534553825855255 0.534372925758362 0.572426319122314 0.552249610424042 0.541413903236389 0.578504025936127 0.575791418552399 0.606665015220642 0.562028884887695 0.527251303195953 0.542330205440521 0.541814208030701 0.586589813232422 0.627827525138855 0.562715113162994 0.523081183433533 0.487468212842941 0.466219007968903 0.455541789531708 0.468691408634186 0.505850315093994 0.474630802869797 0.500679612159729 0.490842908620834 0.456984102725983 0.432050198316574 0.422654092311859 0.405857414007187 0.386002898216248 0.385814011096954 0.39293161034584 0.422820806503296 0.429847896099091 0.440657913684845 0.390610814094543 0.336751788854599
-3.4e+38 -3.4e+38 -3.4e+38 -3.4e+38 -3.4e+38 -3.4e+38 -3.4e+38 -3.4e+38 0.534547984600067 0.513739287853241 0.513868927955627 0.547938823699951 0.517059683799744 0.529101729393005 0.525194227695465 0.519337773323059 0.539742529392242 0.543193519115448 0.550500988960266 0.528497278690338 0.533626079559326 0.546255528926849 0.513586819171906 0.523105680942535 0.498409986495972 0.485195189714432 0.491901904344559 0.481359899044037 0.480916291475296 0.473637610673904 0.449999302625656 0.434241592884064 0.423675805330276 0.456887304782867 0.460511893033981 0.40674090385437 0.406492799520493 0.400292992591858 0.393400907516479 0.401879400014877 0.391786187887192 0.417933285236359 0.457669913768768 0.395921289920807 0.347539812326431 0.315114110708237
-3.4e+38 -3.4e+38 -3.4e+38 -3.4e+38 -3.4e+38 -3.4e+38 -3.4e+38 -3.4e+38 -3.4e+38 0.486701399087906 0.51207447052002 0.49672719836235 0.53090101480484 0.532275080680847 0.503846526145935 0.490372210741043 0.500038027763367 0.501635372638702 0.50772100687027 0.506512403488159 0.501206874847412 0.533784925937653 0.524140894412994 0.524276077747345 0.489962011575699 0.476889908313751 0.488236904144287 0.500306129455566 0.46400249004364 0.445210009813309 0.438663393259048 0.432769685983658 0.425056397914886 0.413769990205765 0.407690197229385 0.392355799674988 0.419856697320938 0.435612112283707 0.413086891174316 0.412621200084686 0.419090688228607 0.431736886501312 0.42477160692215 0.363935708999634 0.333043485879898 0.337308198213577
