ENMTML/All_vars/Predictors/EUR_only/bio30.asc
NCOLS 440 
NROWS 275 
XLLCORNER -11.5 
YLLCORNER 25.4999999994691 
CELLSIZE 0.166666666666667 
NODATA_value -3.4e+38 
[rows 160 to 179 of 275, columns 322 to 367 of 440]
0.466933012008667 0.457706987857819 0.449344009160995 0.444012999534607 0.432202011346817 0.421416014432907 0.413190007209778 0.406349003314972 0.402384012937546 0.397296994924545 0.390581011772156 0.383680999279022 0.38509601354599 0.376446008682251 0.365622997283936 0.352863013744354 0.344213992357254 0.338380008935928 0.333633989095688 0.325259000062943 0.317247986793518 0.311085999011993 0.301896989345551 0.29364201426506 0.284795999526978 0.276163011789322 0.271279990673065 0.26527801156044 0.26086699962616 0.255450993776321 0.250885993242264 0.244641005992889 0.244516000151634 0.238701999187469 0.236228004097939 -3.4e+38 -3.4e+38 -3.4e+38 -3.4e+38 -3.4e+38 0.203911006450653 0.203456997871399 0.19998499751091 0.194663003087044 0.191449999809265 0.185573995113373
0.515725016593933 0.483384996652603 0.468086987733841 0.455211013555527 0.445951998233795 0.434442013502121 0.422401994466782 0.416005998849869 0.413046002388 0.404945999383926 0.40326800942421 0.399623990058899 0.396847993135452 0.392253994941711 0.380351006984711 0.36625000834465 0.359492003917694 0.352250993251801 0.346204996109009 0.336353003978729 0.326416999101639 0.317308992147446 0.308376014232635 0.296315014362335 0.287773013114929 0.282976001501083 0.272908985614777 0.267612993717194 0.258882999420166 0.258459001779556 0.253185987472534 0.24745999276638 0.246950998902321 0.240299999713898 0.233844995498657 -3.4e+38 -3.4e+38 -3.4e+38 -3.4e+38 -3.4e+38 0.2049870043993 0.204109996557236 0.200956001877785 0.194933995604515 0.191905006766319 0.186098992824554
0.567829012870789 0.541908979415894 0.497227996587753 0.471347987651825 0.452277004718781 0.438537001609802 0.436443001031876 0.43011400103569 0.425812005996704 0.421160012483597 0.419084012508392 0.417405992746353 0.411188006401062 0.404951989650726 0.395312994718552 0.38596099615097 0.375811010599136 0.367208987474442 0.359158992767334 0.347259014844894 0.338243007659912 0.324979990720749 0.316361993551254 0.303398996591568 0.294384002685547 0.285212010145187 0.276578992605209 0.271360993385315 0.262722998857498 0.260416001081467 0.256595999002457 0.25093400478363 0.249357998371124 0.242712005972862 0.235762998461723 -3.4e+38 -3.4e+38 -3.4e+38 -3.4e+38 -3.4e+38 0.205880999565125 0.204503998160362 0.201626002788544 0.195393994450569 0.192212000489235 0.186570003628731
0.672607004642487 0.630775988101959 0.603878974914551 0.551261007785797 0.51212602853775 0.479142993688583 0.461827993392944 0.449413001537323 0.444036990404129 0.441343009471893 0.436010986566544 0.430097013711929 0.424495995044708 0.417659014463425 0.411056995391846 0.400701999664307 0.391012012958527 0.379312008619308 0.371295988559723 0.35785099864006 0.349155008792877 0.33629098534584 0.324236989021301 0.310052007436752 0.300485998392105 0.288589000701904 0.279080003499985 0.269291013479233 0.265370011329651 0.264577001333237 0.259777992963791 0.253719002008438 0.252003997564316 0.245188996195793 0.244097992777824 -3.4e+38 -3.4e+38 -3.4e+38 -3.4e+38 -3.4e+38 0.206410005688667 0.205391004681587 0.201722994446754 0.195877000689507 0.192127004265785 0.18681900203228
0.750856995582581 0.700748980045319 0.644901990890503 0.612239003181458 0.620884001255035 0.576373994350433 0.513767004013062 0.479407012462616 0.46722200512886 0.457215011119843 0.451126009225845 0.4443039894104 0.438154995441437 0.430137991905212 0.422488003969193 0.411428987979889 0.402476012706757 0.389652013778687 0.380400985479355 0.368256986141205 0.355742990970612 0.342624992132187 0.330302000045776 0.318419992923737 0.30867600440979 0.295082002878189 0.281545996665955 0.277251988649368 0.273470014333725 0.269053012132645 0.264021992683411 0.262026011943817 0.256440997123718 0.249366000294685 0.246757000684738 -3.4e+38 -3.4e+38 -3.4e+38 -3.4e+38 -3.4e+38 0.207181006669998 0.205963000655174 0.201746001839638 0.196348994970322 0.19293600320816 0.186893001198769
0.770494997501373 0.720075011253357 0.721261978149414 0.726261973381042 0.715970993041992 0.685177028179169 0.612239003181458 0.542272984981537 0.48649799823761 0.4704529941082 0.460613012313843 0.45381098985672 0.446720004081726 0.441011995077133 0.430548995733261 0.421487003564835 0.411603003740311 0.397897005081177 0.389248996973038 0.37704199552536 0.363860011100769 0.352647989988327 0.341057986021042 0.328267991542816 0.315185010433197 0.302623987197876 0.294470012187958 0.284893006086349 0.27751299738884 0.276865988969803 0.270893007516861 0.26554599404335 0.259056985378265 0.252171993255615 0.248450994491577 -3.4e+38 -3.4e+38 -3.4e+38 -3.4e+38 -3.4e+38 -3.4e+38 -3.4e+38 -3.4e+38 -3.4e+38 -3.4e+38 -3.4e+38
0.88119101524353 0.751182019710541 0.768324017524719 0.75246798992157 0.796440005302429 0.832690000534058 0.748960971832275 0.633229970932007 0.528577029705048 0.486485987901688 0.475910991430283 0.468315005302429 0.472678989171982 0.469808012247086 0.469402998685837 0.466307997703552 0.450534999370575 0.431490987539291 0.409552991390228 0.385773986577988 0.369289994239807 0.356958985328674 0.346078008413315 0.333842009305954 0.323235005140305 0.31334000825882 0.301921993494034 0.295166999101639 0.290722012519836 0.28600001335144 0.275611013174057 0.270245999097824 0.268103986978531 0.261063992977142 0.252737998962402 -3.4e+38 -3.4e+38 -3.4e+38 -3.4e+38 -3.4e+38 -3.4e+38 -3.4e+38 -3.4e+38 -3.4e+38 -3.4e+38 -3.4e+38
0.882785975933075 0.915449023246765 0.837100982666016 0.821475982666016 0.880887985229492 0.915464997291565 0.929751992225647 0.79764997959137 0.647692024707794 0.573789000511169 0.520927011966705 0.48572701215744 0.494340002536774 0.568086981773376 0.580192029476166 0.515223026275635 0.48667100071907 0.464641988277435 0.441677987575531 0.420051991939545 0.394663006067276 0.376924008131027 0.360879987478256 0.344538003206253 0.332156985998154 0.325522005558014 0.31878200173378 0.310782998800278 0.302850008010864 0.294631004333496 0.285535007715225 0.279776006937027 0.271589994430542 0.263390004634857 0.259642004966736 -3.4e+38 -3.4e+38 -3.4e+38 -3.4e+38 -3.4e+38 -3.4e+38 -3.4e+38 -3.4e+38 -3.4e+38 -3.4e+38 -3.4e+38
0.958099007606506 0.951402008533478 0.931342005729675 0.934050977230072 0.937156021595001 0.928624987602234 0.947444975376129 0.965444028377533 0.763285994529724 0.701651990413666 0.635899007320404 0.581483006477356 0.551244020462036 0.547432005405426 0.584155023097992 0.596359014511108 0.572228014469147 0.479692012071609 0.435077011585236 0.41737100481987 0.396452993154526 0.385601013898849 0.373834997415543 0.369924992322922 0.370306998491287 0.365180999040604 0.349929004907608 0.331802994012833 0.317694008350372 0.302996009588242 0.294315010309219 0.283019989728928 0.276479005813599 0.271429985761642 0.261451989412308 -3.4e+38 -3.4e+38 -3.4e+38 -3.4e+38 -3.4e+38 -3.4e+38 -3.4e+38 -3.4e+38 -3.4e+38 -3.4e+38 -3.4e+38
1.01283395290375 1.01200199127197 1.0044059753418 1.00032901763916 0.978348970413208 0.981187999248505 0.966953992843628 0.982977986335754 0.977015972137451 0.921148002147675 0.777203023433685 0.64800900220871 0.616033017635345 0.619274020195007 0.648438990116119 0.666428983211517 0.722838997840881 0.651180028915405 0.542527973651886 0.468771010637283 0.439220994710922 0.434192985296249 0.438383013010025 0.457240998744965 0.453312993049622 0.445946007966995 0.44404199719429 0.42416900396347 0.386954993009567 0.356444001197815 0.310427010059357 0.293386995792389 0.284902989864349 0.276261985301971 0.269558012485504 -3.4e+38 -3.4e+38 -3.4e+38 -3.4e+38 -3.4e+38 -3.4e+38 -3.4e+38 -3.4e+38 -3.4e+38 -3.4e+38 -3.4e+38
1.00434803962708 1.01942098140717 1.01564002037048 1.01115894317627 1.00880599021912 0.998969972133636 0.996101021766663 0.983826994895935 0.983650982379913 0.99837601184845 0.993993997573853 0.971917986869812 0.961917996406555 0.960141003131866 0.909462988376617 0.912994980812073 0.916975021362305 0.920853972434998 0.89453798532486 0.840777993202209 0.633288979530334 0.596593976020813 0.683974027633667 0.679580986499786 0.66905802488327 0.67128199338913 0.661562979221344 0.627946019172668 0.436623007059097 0.39070400595665 0.369975000619888 0.362374007701874 0.304596990346909 0.287508994340897 0.273945987224579 0.262410998344421 0.250725001096725 0.2396399974823 0.233428001403809 0.223855003714561 0.214348003268242 -3.4e+38 -3.4e+38 -3.4e+38 -3.4e+38 -3.4e+38
1.00915598869324 1.00891494750977 1.00355505943298 0.911180019378662 0.984332025051117 1.00796902179718 1.0120040178299 1.00839805603027 1.00881505012512 0.991918981075287 0.992650985717773 0.985836029052734 0.974839985370636 0.959869027137756 0.964137017726898 0.93674898147583 0.929772019386292 0.895403981208801 0.890834987163544 0.885483980178833 0.804009020328522 0.804843008518219 0.781204998493195 0.757938981056213 0.717355012893677 0.690325975418091 0.616818010807037 0.565245985984802 0.574415981769562 0.476610988378525 0.42451798915863 0.392814010381699 0.340681999921799 0.292935997247696 0.278486996889114 0.266241014003754 0.252790004014969 0.241966992616653 0.231345996260643 0.221241995692253 0.211896002292633 -3.4e+38 -3.4e+38 -3.4e+38 -3.4e+38 -3.4e+38
0.957469999790192 0.919847011566162 0.92282897233963 0.776145994663239 0.751434981822968 0.794005990028381 0.752032995223999 0.823017001152039 0.938329994678497 1.0028680562973 0.991241991519928 0.992552995681763 0.972716987133026 0.949728012084961 0.93523097038269 0.915702998638153 0.915969014167786 0.887800991535187 0.885726988315582 0.868360996246338 0.858712017536163 0.830011010169983 0.799502015113831 0.759989976882935 0.722625017166138 0.701170980930328 0.675230979919434 0.651875972747803 0.545814990997314 0.605409026145935 0.535745978355408 0.469752997159958 0.395850986242294 0.322450011968613 0.281103998422623 0.267475008964539 0.256089985370636 0.244628995656967 0.232319995760918 0.222077995538712 0.212989002466202 -3.4e+38 -3.4e+38 -3.4e+38 -3.4e+38 -3.4e+38
0.860287010669708 0.83059298992157 0.770268976688385 0.715219974517822 0.717510998249054 0.764913976192474 0.760106027126312 0.747587025165558 0.835395991802216 0.944801986217499 0.912311971187592 0.991322994232178 0.985059976577759 0.987392008304596 0.986832022666931 0.982213020324707 0.969305992126465 0.907133996486664 0.873633027076721 0.863595008850098 0.853047013282776 0.831909000873566 0.799552977085114 0.768669009208679 0.758606970310211 0.716426014900208 0.685257971286774 0.654375016689301 0.608148992061615 0.570119023323059 0.579186975955963 0.544393002986908 0.452564001083374 0.357450991868973 0.30112498998642 0.268705010414124 0.252312004566193 0.240798994898796 0.228505000472069 0.217669993638992 0.20881299674511 -3.4e+38 -3.4e+38 -3.4e+38 -3.4e+38 -3.4e+38
0.780358016490936 0.71986597776413 0.667725026607513 0.634827017784119 0.599102973937988 0.564755976200104 0.54304301738739 0.541864991188049 0.628830015659332 0.653608977794647 0.633755028247833 0.685599029064178 0.859147012233734 0.878659009933472 0.916166007518768 0.858195006847382 0.891358017921448 0.902778029441833 0.819090008735657 0.873490989208221 0.841121017932892 0.808480024337769 0.785862028598785 0.775448977947235 0.758651971817017 0.725542008876801 0.707897007465363 0.65762597322464 0.63331401348114 0.603339016437531 0.579909980297089 0.552760004997253 0.499576985836029 0.391954004764557 0.316244006156921 0.270942986011505 0.251928001642227 0.240121006965637 0.228303000330925 0.216615006327629 0.207311004400253 -3.4e+38 -3.4e+38 -3.4e+38 -3.4e+38 -3.4e+38
0.79584002494812 0.733132004737854 0.657096028327942 0.614449977874756 0.569375991821289 0.518495976924896 0.51011198759079 0.545513987541199 0.527365028858185 0.468291997909546 0.456990987062454 0.450902998447418 0.495386987924576 0.563385009765625 0.61047899723053 0.539972007274628 0.722402989864349 0.646431982517242 0.473547995090485 0.474070996046066 0.5832200050354 0.745829999446869 0.778420984745026 0.746079981327057 0.732141971588135 0.706947028636932 0.709951996803284 0.679413020610809 0.657546997070312 0.604562997817993 0.574729025363922 0.544296026229858 0.509959995746613 0.426961004734039 0.349532008171082 0.303047001361847 0.269742995500565 0.234955996274948 0.22104500234127 0.209612995386124 0.200905993580818 -3.4e+38 -3.4e+38 -3.4e+38 -3.4e+38 -3.4e+38
0.843181014060974 0.76094001531601 0.783316016197205 0.735044002532959 0.645821988582611 0.683021008968353 0.576830983161926 0.534968972206116 0.585982978343964 0.584470987319946 0.589483022689819 0.516224026679993 0.443349003791809 0.419620007276535 0.402085989713669 0.429405987262726 0.589736998081207 0.657042980194092 0.63109302520752 0.517976999282837 0.432139992713928 0.405575007200241 0.449829012155533 0.512883007526398 0.679602026939392 0.713770985603333 0.674980998039246 0.689136981964111 0.680253028869629 0.656430006027222 0.6110720038414 0.546288013458252 0.528506994247437 0.511336028575897 0.415044009685516 0.341055989265442 0.270978987216949 0.232142001390457 0.212741002440453 0.201414003968239 0.193509995937347 0.18946099281311 0.186606004834175 0.189328998327255 0.186884999275208 0.18402199447155
0.799395024776459 0.809925973415375 0.752138018608093 0.708221971988678 0.648883998394012 0.579819977283478 0.578580975532532 0.64274400472641 0.694760978221893 0.724044024944305 0.733394026756287 0.694077014923096 0.654138028621674 0.616568028926849 0.489677011966705 0.386287003755569 0.410439997911453 0.445562988519669 0.476244986057281 0.49872499704361 0.487542986869812 0.422086000442505 0.368602007627487 0.368355989456177 0.381776005029678 0.45202699303627 0.614862024784088 0.654244005680084 0.633430004119873 0.611198008060455 0.590955972671509 0.588898003101349 0.519212007522583 0.502277016639709 0.429394990205765 0.355352997779846 0.291052013635635 0.250546008348465 0.217314004898071 0.191909000277519 0.18444199860096 0.186632007360458 0.185990005731583 0.186297997832298 0.185585007071495 0.183743000030518
0.637794017791748 0.634218990802765 0.739702999591827 0.567543983459473 0.559185028076172 0.493236005306244 0.498073011636734 0.623642981052399 0.66107302904129 0.758916974067688 0.625322997570038 0.587670981884003 0.576520025730133 0.48573899269104 0.416898995637894 0.377748012542725 0.347451001405716 0.34893798828125 0.397495001554489 0.404107004404068 0.379099994897842 0.4043889939785 0.412122994661331 0.364275991916656 0.353796005249023 0.359699994325638 0.389874994754791 0.457823991775513 0.613849997520447 0.594462990760803 0.577103018760681 0.543482005596161 0.520299017429352 0.496255993843079 0.440017998218536 0.38043600320816 0.3384869992733 0.291244000196457 0.229562997817993 0.187344998121262 0.175119996070862 0.180767998099327 0.183918997645378 0.185160994529724 0.190733000636101 0.185927003622055
0.604214012622833 0.642373025417328 0.724366009235382 0.650936007499695 0.691613018512726 0.695505976676941 0.4949109852314 0.482445001602173 0.598686993122101 0.666099011898041 0.699923992156982 0.50746101140976 0.450197011232376 0.377826005220413 0.345696002244949 0.323051989078522 0.310169011354446 0.304717004299164 0.330393999814987 0.35732701420784 0.360449999570847 0.350694000720978 0.370038986206055 0.408008992671967 0.392859995365143 0.379599004983902 0.355275005102158 0.352737009525299 0.41983699798584 0.539267003536224 0.584905028343201 0.555765986442566 0.514181971549988 0.475493997335434 0.439552992582321 0.411897003650665 0.382856011390686 0.343740999698639 0.276798009872437 0.19650499522686 0.170806005597115 0.178350001573563 0.18682199716568 0.191082999110222 0.192571997642517 0.192243993282318
