ENMTML/All_vars/Predictors/EUR_only/bio31.asc
NCOLS 440 
NROWS 275 
XLLCORNER -11.5 
YLLCORNER 25.4999999994691 
CELLSIZE 0.166666666666667 
NODATA_value -3.4e+38 
[rows 20 to 39 of 275, columns 315 to 359 of 440]
-3.4e+38 -3.4e+38 -3.4e+38 -3.4e+38 -3.4e+38 -3.4e+38 -3.4e+38 -3.4e+38 -3.4e+38 -3.4e+38 -3.4e+38 -3.4e+38 -3.4e+38 -3.4e+38 -3.4e+38 -3.4e+38 -3.4e+38 -3.4e+38 -3.4e+38 0.187607601284981 0.189019203186035 0.187660396099091 0.182799592614174 0.180315300822258 0.177902698516846 0.172426894307137 0.174952507019043 0.179008603096008 0.177385494112968 0.178044602274895 0.179256603121758 0.177595302462578 0.186538204550743 0.201550498604774 -3.4e+38 -3.4e+38 -3.4e+38 -3.4e+38 -3.4e+38 -3.4e+38 -3.4e+38 -3.4e+38 -3.4e+38 -3.4e+38 -3.4e+38
-3.4e+38 -3.4e+38 -3.4e+38 -3.4e+38 -3.4e+38 -3.4e+38 -3.4e+38 -3.4e+38 -3.4e+38 -3.4e+38 -3.4e+38 -3.4e+38 -3.4e+38 -3.4e+38 -3.4e+38 -3.4e+38 -3.4e+38 -3.4e+38 -3.4e+38 0.182303801178932 0.184259101748466 0.181979402899742 0.18478100001812 0.18736420571804 0.189331203699112 0.19050869345665 0.190951094031334 0.191323697566986 0.191981807351112 0.196552306413651 0.199122399091721 -3.4e+38 -3.4e+38 -3.4e+38 -3.4e+38 -3.4e+38 -3.4e+38 -3.4e+38 -3.4e+38 -3.4e+38 -3.4e+38 -3.4e+38 -3.4e+38 -3.4e+38 -3.4e+38
-3.4e+38 -3.4e+38 -3.4e+38 -3.4e+38 -3.4e+38 -3.4e+38 -3.4e+38 -3.4e+38 -3.4e+38 -3.4e+38 -3.4e+38 -3.4e+38 -3.4e+38 -3.4e+38 -3.4e+38 -3.4e+38 -3.4e+38 -3.4e+38 0.180173099040985 0.183681100606918 0.184467196464539 0.182855799794197 0.184085503220558 0.18625870347023 0.19006909430027 0.193796306848526 -3.4e+38 -3.4e+38 -3.4e+38 -3.4e+38 -3.4e+38 -3.4e+38 -3.4e+38 -3.4e+38 -3.4e+38 -3.4e+38 -3.4e+38 -3.4e+38 -3.4e+38 -3.4e+38 -3.4e+38 0.215482696890831 0.215340599417686 0.215825900435448 0.211043998599052
0.173139199614525 -3.4e+38 -3.4e+38 -3.4e+38 -3.4e+38 -3.4e+38 -3.4e+38 -3.4e+38 -3.4e+38 -3.4e+38 -3.4e+38 -3.4e+38 -3.4e+38 -3.4e+38 -3.4e+38 -3.4e+38 -3.4e+38 0.181100696325302 0.184241399168968 0.182339504361153 0.183478698134422 0.181657195091248 0.185746595263481 0.190310299396515 -3.4e+38 -3.4e+38 -3.4e+38 -3.4e+38 -3.4e+38 -3.4e+38 -3.4e+38 -3.4e+38 -3.4e+38 -3.4e+38 -3.4e+38 -3.4e+38 -3.4e+38 -3.4e+38 -3.4e+38 -3.4e+38 -3.4e+38 0.21708770096302 0.214376300573349 0.209588497877121 0.198153704404831
0.172135695815086 0.18014569580555 -3.4e+38 -3.4e+38 -3.4e+38 -3.4e+38 -3.4e+38 -3.4e+38 -3.4e+38 -3.4e+38 -3.4e+38 -3.4e+38 -3.4e+38 -3.4e+38 -3.4e+38 -3.4e+38 0.180127993226051 0.178340405225754 0.17939929664135 0.1807010024786 0.181909695267677 0.185856699943542 0.187521204352379 0.186603203415871 0.188227698206902 0.191416501998901 -3.4e+38 -3.4e+38 -3.4e+38 -3.4e+38 -3.4e+38 -3.4e+38 -3.4e+38 -3.4e+38 -3.4e+38 -3.4e+38 -3.4e+38 -3.4e+38 -3.4e+38 -3.4e+38 0.212886393070221 0.21287739276886 0.214109092950821 0.208904698491096 0.200207993388176
0.170707404613495 0.181559503078461 -3.4e+38 -3.4e+38 -3.4e+38 -3.4e+38 -3.4e+38 -3.4e+38 -3.4e+38 -3.4e+38 -3.4e+38 -3.4e+38 -3.4e+38 -3.4e+38 -3.4e+38 -3.4e+38 -3.4e+38 -3.4e+38 -3.4e+38 0.187374800443649 0.187474101781845 0.185584396123886 0.186015293002129 0.189846202731133 0.189959898591042 0.189337804913521 0.190903306007385 0.194549307227135 -3.4e+38 -3.4e+38 -3.4e+38 -3.4e+38 -3.4e+38 -3.4e+38 -3.4e+38 -3.4e+38 -3.4e+38 -3.4e+38 -3.4e+38 -3.4e+38 0.213439002633095 0.210682198405266 0.210264295339584 0.207284599542618 0.20093859732151
0.176118701696396 0.187194094061852 -3.4e+38 -3.4e+38 -3.4e+38 -3.4e+38 -3.4e+38 -3.4e+38 -3.4e+38 -3.4e+38 -3.4e+38 -3.4e+38 -3.4e+38 -3.4e+38 -3.4e+38 -3.4e+38 -3.4e+38 -3.4e+38 -3.4e+38 -3.4e+38 -3.4e+38 0.185278803110123 0.185568898916245 0.185903504490852 0.186068996787071 0.187821492552757 0.188265100121498 0.191720604896545 0.192884802818298 -3.4e+38 -3.4e+38 -3.4e+38 -3.4e+38 -3.4e+38 -3.4e+38 -3.4e+38 -3.4e+38 0.208694204688072 0.211445599794388 0.213821202516556 0.217542797327042 0.217119798064232 0.211505204439163 0.203354701399803 0.197728902101517
0.193822905421257 -3.4e+38 -3.4e+38 -3.4e+38 -3.4e+38 -3.4e+38 -3.4e+38 -3.4e+38 -3.4e+38 0.188999593257904 -3.4e+38 -3.4e+38 -3.4e+38 -3.4e+38 -3.4e+38 -3.4e+38 -3.4e+38 -3.4e+38 -3.4e+38 -3.4e+38 0.183924093842506 0.1841000020504 0.184356302022934 0.183475896716118 0.184255704283714 0.186313599348068 0.187339305877686 0.187871992588043 0.191934198141098 0.19274890422821 0.193874806165695 0.196033000946045 0.198128998279572 0.197379097342491 0.198003396391869 0.200937196612358 0.205884397029877 0.20718389749527 0.207814604043961 0.208538204431534 0.214599803090096 0.213691100478172 0.209739595651627 0.207262203097343 0.203951492905617
-3.4e+38 -3.4e+38 -3.4e+38 -3.4e+38 -3.4e+38 -3.4e+38 -3.4e+38 -3.4e+38 -3.4e+38 -3.4e+38 -3.4e+38 -3.4e+38 -3.4e+38 -3.4e+38 -3.4e+38 -3.4e+38 -3.4e+38 -3.4e+38 -3.4e+38 -3.4e+38 0.182990103960037 0.183542594313622 0.183965802192688 0.183524906635284 0.182782396674156 0.183240503072739 0.183844104409218 0.186758294701576 0.188072800636292 0.188511401414871 0.189350605010986 0.192370995879173 0.197480604052544 0.196313098073006 0.197291493415833 0.19797770678997 0.198779001832008 0.19984270632267 0.201482504606247 0.203995704650879 0.20661349594593 0.206521704792976 0.209657996892929 0.206209599971771 0.200121000409126
-3.4e+38 -3.4e+38 -3.4e+38 -3.4e+38 -3.4e+38 -3.4e+38 0.191719606518745 0.188444703817368 0.188087493181229 0.18891230225563 0.186145305633545 0.185012400150299 0.182499006390572 0.183561205863953 -3.4e+38 -3.4e+38 -3.4e+38 -3.4e+38 -3.4e+38 0.17977449297905 0.179948598146439 0.178578302264214 0.177288696169853 0.176409304141998 0.177585899829865 0.18104849755764 0.180334597826004 0.184619799256325 0.190137699246407 0.193490207195282 0.187847003340721 0.188261106610298 0.18785560131073 0.193083494901657 0.196177899837494 0.198234900832176 0.193762898445129 0.195471495389938 0.198371797800064 0.19934169948101 0.199299201369286 0.197152197360992 0.200739800930023 0.205131396651268 0.207632094621658
-3.4e+38 -3.4e+38 -3.4e+38 -3.4e+38 0.197713896632195 0.196137398481369 0.193712994456291 0.18838369846344 0.186781704425812 0.184875503182411 0.185422196984291 0.185110598802567 0.185601994395256 0.183655694127083 0.180263996124268 0.183040305972099 -3.4e+38 -3.4e+38 0.177668496966362 0.177590295672417 0.179784595966339 0.173185706138611 0.174003794789314 0.174568995833397 0.176401495933533 0.177658796310425 0.177447199821472 0.180996403098106 0.189110606908798 0.187358096241951 0.186389997601509 0.184034898877144 0.19326040148735 0.19418129324913 0.195719495415688 0.195910900831223 0.192009896039963 0.194184198975563 0.196348801255226 0.198035597801208 0.194921597838402 0.194619596004486 0.193493202328682 0.202290803194046 0.202288702130318
-3.4e+38 0.202836006879807 0.201396405696869 0.196809396147728 0.195682093501091 0.191596001386642 0.189369693398476 0.184971198439598 0.185096397995949 0.185497999191284 0.184637695550919 0.184249505400658 0.180832296609879 0.183719396591187 0.181042894721031 0.179661795496941 0.18014469742775 0.182046696543694 0.180051103234291 0.176911607384682 0.177730903029442 0.170839294791222 0.176225602626801 0.177527993917465 0.179997906088829 0.177152797579765 0.179544106125832 0.183726906776428 0.186797693371773 0.183953896164894 0.179317593574524 0.183607503771782 0.18440480530262 0.188109800219536 0.193681597709656 0.194091096520424 0.185316100716591 0.189682602882385 0.189962401986122 0.188485994935036 0.188688695430756 0.190156206488609 0.190153703093529 0.19208300113678 0.196552097797394
0.208453699946404 0.20075449347496 0.194605901837349 0.190939396619797 0.192763701081276 0.196122005581856 0.185578092932701 0.184190601110458 0.18339429795742 0.178378194570541 0.17948879301548 0.178475394845009 0.181129202246666 0.179110899567604 0.181045398116112 0.180170699954033 0.179593801498413 0.180613800883293 0.181863397359848 0.180290207266808 0.18013459444046 0.176262900233269 0.179384499788284 0.185438603162766 0.178931102156639 0.179976493120193 0.180835694074631 0.180363997817039 0.181486397981644 0.182552695274353 0.184715494513512 0.189620405435562 0.190445303916931 0.191593006253242 0.190851002931595 0.189392805099487 0.188430905342102 0.192778795957565 0.193073600530624 0.190934494137764 0.191378802061081 0.195539504289627 0.189817801117897 0.194207295775414 0.194789305329323
0.198425695300102 0.195347502827644 0.19327500462532 0.191025197505951 0.192708298563957 0.192560493946075 0.183838903903961 0.180413901805878 0.172876298427582 0.166369304060936 0.166381999850273 0.169976696372032 0.173757806420326 0.180231004953384 0.181236192584038 0.181283995509148 0.175171494483948 0.176229596138 0.177391305565834 0.180785700678825 0.179065495729446 0.179318800568581 0.181692898273468 0.183373302221298 0.183436006307602 0.183795303106308 0.181021794676781 0.182045593857765 0.181457102298737 0.182443201541901 0.184779703617096 0.188599705696106 0.190273106098175 0.190450698137283 0.190565600991249 0.189591199159622 0.189492702484131 0.19133859872818 0.190855398774147 0.190964698791504 0.192132994532585 0.193466603755951 0.191929399967194 0.189589202404022 0.190967902541161
0.189343392848969 0.189271494746208 0.186922192573547 0.186064004898071 0.187799096107483 0.183471396565437 0.177185699343681 0.175413101911545 0.174928903579712 0.167543202638626 0.164693400263786 0.163504600524902 0.163057193160057 0.171656906604767 0.176609694957733 0.178824603557587 0.175910294055939 0.172602906823158 0.172830998897552 0.176244094967842 0.17792059481144 0.180523499846458 0.17999629676342 0.181069001555443 0.182098999619484 0.180326402187347 0.178846299648285 0.180183306336403 0.177542299032211 0.178689897060394 0.176028802990913 0.182736203074455 0.186577498912811 0.189124494791031 0.189381703734398 0.188640296459198 0.188352897763252 0.185955494642258 0.187501102685928 0.188915997743607 0.190314397215843 0.190844997763634 0.191251203417778 0.190089493989944 0.190026894211769
0.18488310277462 0.18320819735527 0.184778600931168 0.186052605509758 0.186950296163559 0.183069497346878 0.175517097115517 0.169286504387856 0.158599093556404 0.159780606627464 0.157322093844414 0.157160595059395 0.15629979968071 0.161824002861977 0.173091500997543 0.17418409883976 0.174495697021484 0.17507329583168 0.175104603171349 0.175357297062874 0.176413297653198 0.179037198424339 0.179904997348785 0.182135999202728 0.182615906000137 0.180546402931213 0.178702995181084 0.17985600233078 0.181726694107056 0.174446105957031 0.171658307313919 0.175560995936394 0.180812001228333 0.184461206197739 0.184357106685638 0.187260493636131 0.183889105916023 0.180071398615837 0.179979994893074 0.181634902954102 0.182534396648407 0.183482497930527 0.182927206158638 0.183797493577003 0.182375192642212
0.188133105635643 0.185586005449295 0.181135296821594 0.17888830602169 0.180676907300949 0.180149301886559 0.167454600334167 0.165884003043175 0.165193095803261 0.160104393959045 0.160566002130508 0.160287499427795 0.16200989484787 0.174162000417709 0.172580197453499 0.174006000161171 0.172016099095345 0.172635093331337 0.174352899193764 0.174318805336952 0.176778197288513 0.175759494304657 0.176520094275475 0.17807449400425 0.178426995873451 0.181095406413078 0.180775299668312 0.181088596582413 0.183551892638206 0.178882002830505 0.179512694478035 0.182018399238586 0.181479796767235 0.180114805698395 0.182027295231819 0.179494202136993 0.180851504206657 0.183352500200272 0.183573499321938 0.184928804636002 0.18303570151329 0.181339904665947 0.179921999573708 0.175867095589638 0.179145395755768
0.18303519487381 0.179516300559044 0.177350804209709 0.178566098213196 0.180495902895927 0.180598795413971 0.17505469918251 0.175291895866394 0.169773995876312 0.167194694280624 0.163578793406487 0.170341297984123 0.170422196388245 0.170801803469658 0.173414707183838 0.171399906277657 0.171723902225494 0.172399297356606 0.174332693219185 0.177295997738838 0.176101803779602 0.173100396990776 0.174474105238914 0.171491995453835 0.165890604257584 0.16468919813633 0.170625403523445 0.185467898845673 0.179998904466629 0.180517002940178 0.181259199976921 0.183254599571228 0.181043192744255 0.180644795298576 0.177797600626945 0.177840903401375 0.173769995570183 0.17041489481926 0.171647995710373 0.18394610285759 0.17676630616188 0.168380603194237 0.171084403991699 0.174518600106239 0.174228698015213
0.189858198165894 0.185269504785538 0.179491803050041 0.17286129295826 0.175405904650688 0.174562200903893 0.171840205788612 0.174170300364494 0.17032490670681 0.171833097934723 0.173433005809784 0.172015100717545 0.173141896724701 0.169721499085426 0.171679601073265 0.168357893824577 0.168599903583527 0.169089198112488 0.170428305864334 0.17180709540844 0.174180299043655 0.175267100334167 0.174711495637894 0.177438095211983 0.176018103957176 0.174753904342651 0.178850695490837 0.182555302977562 0.183697193861008 0.181468293070793 0.184030696749687 0.186524197459221 0.186889797449112 0.185057505965233 0.184185296297073 0.180758506059647 0.177433699369431 0.178632095456123 0.175516799092293 0.182271495461464 0.182173401117325 0.174395903944969 0.174399301409721 0.17296339571476 0.181418493390083
0.198304206132889 0.195412293076515 0.187901303172112 0.183249697089195 0.179938703775406 0.17583079636097 0.172734797000885 0.172852501273155 0.17207670211792 0.171716496348381 0.1694256067276 0.163237005472183 0.158077105879784 0.168780401349068 0.170426800847054 0.16971829533577 0.169598504900932 0.1675194054842 0.168471202254295 0.16880339384079 0.169637501239777 0.173259600996971 0.172830700874329 0.172380998730659 0.174015298485756 0.177492305636406 0.178480699658394 0.17932540178299 0.181364104151726 0.185145795345306 0.183747693896294 0.184515401721001 0.180057197809219 0.17388279736042 0.16629259288311 0.167065501213074 0.172771602869034 0.17701929807663 0.179634794592857 0.182530403137207 0.189046397805214 0.184054806828499 0.183152705430984 0.184128299355507 0.179722398519516
