ENMTML/All_vars/Predictors/EUR_only/bio32.asc
NCOLS 440 
NROWS 275 
XLLCORNER -11.5 
YLLCORNER 25.4999999994691 
CELLSIZE 0.166666666666667 
NODATA_value -3.4e+38 
[rows 200 to 219 of 275, columns 276 to 321 of 440]
0.655429124832153 0.785065889358521 0.992626488208771 1.00019299983978 1.07330501079559 1.02602303028107 1.03151297569275 1.04664599895477 1.05841505527496 1.07040297985077 1.0771369934082 1.08267998695374 1.08427894115448 1.08032202720642 1.07450199127197 1.07126498222351 1.06402599811554 1.05334901809692 1.0527800321579 1.05948805809021 1.06924605369568 1.07387697696686 1.07561004161835 1.08130097389221 1.07614398002625 1.08098101615906 1.05688202381134 1.05692505836487 1.06862103939056 1.08996605873108 1.10686898231506 1.11093199253082 1.09723901748657 1.07242095470428 1.05019497871399 1.05444502830505 1.05460202693939 1.05328404903412 1.05150103569031 1.0479279756546 1.07453596591949 1.07851803302765 1.10774803161621 1.11061501502991 1.13120901584625 1.15838396549225
0.691618323326111 0.793215215206146 0.957524418830872 1.04404604434967 1.06502401828766 1.04490602016449 1.05695796012878 1.07484805583954 1.08685994148254 1.09030497074127 1.1000519990921 1.10702097415924 1.10969603061676 1.11195302009583 1.10405302047729 1.08988702297211 1.08209705352783 1.07616400718689 1.07294297218323 1.0762699842453 1.08485102653503 1.09943795204163 1.11779701709747 1.1118860244751 1.08984899520874 1.07004296779633 1.05242300033569 1.05178797245026 1.06036496162415 1.08467495441437 1.11028897762299 1.14084196090698 1.14241194725037 1.08975398540497 1.06189501285553 1.05169200897217 1.05402302742004 1.05073094367981 1.04811203479767 1.0634800195694 1.07971394062042 1.09193396568298 1.09244203567505 1.10135805606842 1.13297498226166 1.16394698619843
0.727980673313141 0.898925423622131 0.998881220817566 1.03931701183319 1.06724500656128 1.0820380449295 1.09281802177429 1.09880697727203 1.10286700725555 1.11456000804901 1.13013195991516 1.13609504699707 1.13763999938965 1.13409399986267 1.12464702129364 1.11253094673157 1.09892201423645 1.09657001495361 1.08923494815826 1.08656394481659 1.08697605133057 1.09109401702881 1.1021009683609 1.09467804431915 1.08109998703003 1.07146298885345 1.05973994731903 1.05161798000336 1.05671095848083 1.06979298591614 1.09346604347229 1.13064205646515 1.14500296115875 1.10079097747803 1.09376800060272 1.09637105464935 1.10363495349884 1.10834503173828 1.11188697814941 1.13377201557159 1.11824405193329 1.12501704692841 1.13877594470978 1.12141704559326 1.12363302707672 1.16769599914551
1.04919397830963 1.0409619808197 1.04968798160553 1.08429598808289 1.11511898040771 1.1105649471283 1.09691500663757 1.07432198524475 1.0765939950943 1.0896600484848 1.1151419878006 1.14744997024536 1.14716196060181 1.15010499954224 1.13548004627228 1.12138497829437 1.10987794399261 1.0988689661026 1.08231401443481 1.07294499874115 1.073037981987 1.07002794742584 1.07057595252991 1.07564795017242 1.07012498378754 1.07090294361115 1.06821095943451 1.05648195743561 1.05339598655701 1.05877697467804 1.06371295452118 1.07990503311157 1.08225297927856 1.06865000724792 1.11220896244049 1.12520599365234 1.14204394817352 1.13382399082184 1.13675594329834 1.1203019618988 1.10867202281952 1.11052799224854 1.11010205745697 1.10612499713898 1.10693502426147 1.1269439458847
1.0424120426178 1.06345999240875 1.1050169467926 1.14375495910645 1.11981999874115 1.10572397708893 1.09094905853271 1.06777799129486 1.07023596763611 1.08970403671265 1.12761402130127 1.15378403663635 1.16973805427551 1.15845501422882 1.13802301883698 1.12227201461792 1.10894405841827 1.08989799022675 1.07203495502472 1.05443799495697 1.0477169752121 1.05820405483246 1.05769097805023 1.06344902515411 1.06943500041962 1.05896604061127 1.04631900787354 1.03186798095703 1.03985500335693 1.03897702693939 1.02548205852509 1.02441799640656 1.02110695838928 1.00463700294495 1.01142001152039 1.04756498336792 1.05046701431274 1.047886967659 1.08476996421814 1.09251701831818 1.08871603012085 1.10271596908569 1.09933495521545 1.09182798862457 1.09734797477722 1.09793198108673
1.08165001869202 1.12974095344543 1.14453995227814 1.12934803962708 1.10449302196503 1.09508001804352 1.10109496116638 1.07120394706726 1.08067500591278 1.10243201255798 1.1370849609375 1.18742394447327 1.18548595905304 1.1617089509964 1.14530098438263 1.12099099159241 1.10388898849487 1.07937598228455 1.05900394916534 1.03250002861023 0.988726496696472 1.02173602581024 1.0317929983139 1.02183604240417 1.03592205047607 1.02382802963257 0.982609212398529 0.972437620162964 1.00485801696777 1.00388395786285 0.992518782615662 0.976857423782349 0.970424115657806 0.962456107139587 0.963837087154388 0.960312485694885 0.969941914081573 0.974772870540619 0.9750856757164 0.991359293460846 1.00559496879578 1.01248395442963 1.02045905590057 1.04299902915955 1.05399799346924 1.06521701812744
1.12232601642609 1.13037097454071 1.12346005439758 1.11493504047394 1.10043096542358 1.08898198604584 1.09584999084473 1.10423696041107 1.10189199447632 1.10784494876862 1.17136597633362 1.20284998416901 1.18188500404358 1.15530002117157 1.12768399715424 1.09822499752045 1.07614004611969 1.04482102394104 1.01537799835205 0.976329326629639 0.933694779872894 0.939726173877716 0.975120425224304 0.956551015377045 0.966220796108246 0.957544803619385 0.919962108135223 0.894664704799652 0.955299973487854 0.953693270683289 0.94460791349411 0.938182473182678 0.927008509635925 0.912247121334076 0.907530188560486 0.911427080631256 0.925435781478882 0.915259778499603 0.912156879901886 0.925825774669647 0.939745783805847 0.957089424133301 0.977652013301849 0.995434582233429 1.00882601737976 1.02645194530487
1.11776697635651 -3.4e+38 1.12495601177216 1.12641298770905 1.12478995323181 1.12011301517487 1.12451195716858 1.11512994766235 -3.4e+38 -3.4e+38 1.19767701625824 1.20845901966095 1.14679896831512 1.14919197559357 1.09175002574921 1.06640100479126 1.03096795082092 0.987127304077148 0.948454618453979 0.911418974399567 0.869570910930634 0.829038321971893 0.881523489952087 0.910674214363098 0.887448787689209 0.831649124622345 0.80157870054245 0.80089008808136 0.846533715724945 0.850300073623657 0.853830575942993 0.867256224155426 0.854637980461121 0.834317922592163 0.831641912460327 0.837077796459198 0.84245377779007 0.822133123874664 0.830239474773407 0.851917386054993 0.874337911605835 0.909652829170227 0.93265300989151 0.952260971069336 0.964226484298706 0.975927710533142
-3.4e+38 -3.4e+38 -3.4e+38 -3.4e+38 1.143021941185 1.14765298366547 1.14052200317383 -3.4e+38 -3.4e+38 1.16312003135681 1.230672955513 1.15007996559143 1.13183605670929 1.11342799663544 1.06386995315552 1.03061199188232 0.967256188392639 0.917118489742279 0.88358747959137 0.830502688884735 0.7932950258255 0.772534728050232 0.750060081481934 0.78763347864151 0.774477422237396 0.728502810001373 0.703478872776031 0.714709520339966 0.730069816112518 0.746302127838135 0.762449324131012 0.78397011756897 0.806170582771301 0.804990291595459 0.78126060962677 0.760523974895477 0.744559526443481 0.724533021450043 0.755142509937286 0.800819396972656 0.837646186351776 0.870576620101929 0.912825524806976 0.933328211307526 0.940691113471985 0.945422112941742
-3.4e+38 -3.4e+38 -3.4e+38 -3.4e+38 -3.4e+38 -3.4e+38 -3.4e+38 -3.4e+38 1.23118805885315 1.29263699054718 1.21368396282196 1.12428903579712 1.09675300121307 1.06058895587921 1.03485202789307 0.982730984687805 0.92230349779129 0.861317694187164 0.797938883304596 0.7679483294487 0.73780232667923 0.703762829303741 0.676663875579834 0.70754337310791 0.674893021583557 0.65383392572403 0.6296666264534 0.627924084663391 0.652127683162689 0.678348183631897 0.708910822868347 0.746504127979279 0.807153701782227 0.853133201599121 0.874064385890961 0.862037181854248 0.755659878253937 0.676268517971039 0.704695522785187 0.777080178260803 0.849615514278412 0.901621401309967 0.974543571472168 1.00647902488708 1.0028589963913 0.952027082443237
-3.4e+38 -3.4e+38 -3.4e+38 -3.4e+38 -3.4e+38 -3.4e+38 -3.4e+38 -3.4e+38 1.35411095619202 1.30368602275848 1.22955405712128 1.13975405693054 1.09271502494812 1.05058896541595 1.00615298748016 0.926843523979187 0.849668323993683 0.786640226840973 0.730051696300507 0.684709787368774 0.656009316444397 0.614475011825562 0.607489228248596 0.624682784080505 0.584898829460144 0.563692629337311 0.560066223144531 0.565324604511261 0.596685171127319 0.633313894271851 0.660862684249878 0.685216307640076 0.735325515270233 0.750552177429199 0.731074810028076 0.711950480937958 0.657692074775696 0.629975914955139 0.670518696308136 0.731078326702118 0.783875524997711 0.830673217773438 0.86779797077179 0.870090782642365 0.859080672264099 0.818500280380249
-3.4e+38 -3.4e+38 -3.4e+38 -3.4e+38 -3.4e+38 -3.4e+38 -3.4e+38 -3.4e+38 1.29017901420593 1.31324696540833 1.26709198951721 1.15996897220612 1.10438001155853 1.00361204147339 0.921061217784882 0.809697985649109 0.776103377342224 0.718537390232086 0.664228022098541 0.616920590400696 0.591060101985931 0.557485818862915 0.553904592990875 0.551092207431793 0.524812698364258 0.502823829650879 0.503125786781311 0.506194770336151 0.517573773860931 0.544705390930176 0.568365573883057 0.581194698810577 0.598171412944794 0.611631870269775 0.609847128391266 0.605163276195526 0.597971081733704 0.594754219055176 0.623938798904419 0.649768829345703 0.676569879055023 0.699955224990845 0.718003928661346 0.739907920360565 0.743318915367126 0.731838226318359
-3.4e+38 -3.4e+38 -3.4e+38 -3.4e+38 -3.4e+38 -3.4e+38 -3.4e+38 -3.4e+38 1.39075005054474 1.38475000858307 1.26057100296021 1.13501703739166 1.07469201087952 0.97123122215271 0.824219882488251 0.707088887691498 0.696923315525055 0.699870407581329 0.61230731010437 0.564444482326508 0.540357172489166 0.518402397632599 0.501628220081329 0.48954451084137 0.479945689439774 0.465593993663788 0.461152195930481 0.457035392522812 0.46624419093132 0.4802385866642 0.501522481441498 0.514828622341156 0.535244524478912 0.542810916900635 0.551271915435791 0.553020119667053 0.555716514587402 0.561472475528717 0.569245576858521 0.600547790527344 0.621566772460938 0.637295305728912 0.641586303710938 0.658640682697296 0.666522681713104 0.675114512443542
-3.4e+38 -3.4e+38 -3.4e+38 -3.4e+38 -3.4e+38 -3.4e+38 -3.4e+38 -3.4e+38 1.30510103702545 1.32253897190094 1.2885479927063 1.14356994628906 1.10767698287964 0.960764229297638 0.77656477689743 0.645200073719025 0.605658113956451 0.584662318229675 0.553680419921875 0.524800777435303 0.503620684146881 0.483133494853973 0.473299205303192 0.463331609964371 0.454292505979538 0.440610885620117 0.452190190553665 0.453027606010437 0.45157378911972 0.455450803041458 0.462105602025986 0.468845814466476 0.489413410425186 0.507377207279205 0.518079698085785 0.508162975311279 0.513292670249939 0.516515076160431 0.531573414802551 0.555954217910767 0.562180578708649 0.569958388805389 0.581207275390625 0.588198781013489 0.595908224582672 0.611548781394958
-3.4e+38 -3.4e+38 -3.4e+38 -3.4e+38 -3.4e+38 -3.4e+38 -3.4e+38 1.21197295188904 1.23596394062042 1.36791002750397 1.28231298923492 1.16518199443817 1.08023202419281 0.947593688964844 0.770928382873535 0.63313752412796 0.558586776256561 0.519777178764343 0.502818405628204 0.487648099660873 0.476103186607361 0.463369101285934 0.45092499256134 0.444782614707947 0.430320590734482 0.425918489694595 0.432081311941147 0.437553912401199 0.447535395622253 0.455754786729813 0.465837091207504 0.456622302532196 0.445764005184174 0.465409308671951 0.470483511686325 0.467440605163574 0.47118678689003 0.476617485284805 0.494260489940643 0.503301680088043 0.50256222486496 0.522853910923004 0.543419003486633 0.531565427780151 0.534774482250214 0.55816239118576
-3.4e+38 -3.4e+38 -3.4e+38 -3.4e+38 -3.4e+38 -3.4e+38 -3.4e+38 -3.4e+38 1.21674394607544 1.35414695739746 1.27048301696777 1.09729897975922 1.00180304050446 0.86884331703186 0.733112215995789 0.629109084606171 0.557587027549744 0.50475138425827 0.480913013219833 0.471660286188126 0.46169650554657 0.444130212068558 0.435243785381317 0.424623191356659 0.417561411857605 0.41903880238533 0.42749211192131 0.444667398929596 0.480910807847977 0.498662889003754 0.488408803939819 0.456543892621994 0.435601085424423 0.426995307207108 0.435650199651718 0.439990013837814 0.441146194934845 0.453199803829193 0.454848498106003 0.454435914754868 0.466914385557175 0.485429614782333 0.502257287502289 0.496871113777161 0.503252923488617 0.506467580795288
-3.4e+38 -3.4e+38 -3.4e+38 -3.4e+38 -3.4e+38 -3.4e+38 -3.4e+38 -3.4e+38 1.23248994350433 1.39741897583008 1.37829303741455 1.09203398227692 0.996471226215363 0.869360327720642 0.804697215557098 0.659844875335693 0.583621382713318 0.519510924816132 0.484189510345459 0.467992186546326 0.452640891075134 0.435749113559723 0.432007998228073 0.424046397209167 0.417599111795425 0.417151212692261 0.421972513198853 0.437522411346436 0.466944187879562 0.450863599777222 0.434947788715363 0.421834588050842 0.413416087627411 0.413428485393524 0.407824695110321 0.41356560587883 0.418770998716354 0.427562803030014 0.429571598768234 0.430320501327515 0.440049886703491 0.452418595552444 0.470063209533691 0.476505398750305 0.479729801416397 0.479052692651749
-3.4e+38 -3.4e+38 -3.4e+38 -3.4e+38 -3.4e+38 -3.4e+38 -3.4e+38 -3.4e+38 1.31097304821014 1.42485201358795 1.38674795627594 1.22705698013306 1.06662702560425 0.908949613571167 0.781812608242035 0.688186824321747 0.595812201499939 0.544191122055054 0.498747885227203 0.475758105516434 0.475383192300797 0.461906105279922 0.441938787698746 0.430548906326294 0.441408187150955 0.425173312425613 0.400605887174606 0.392016708850861 0.402113407850266 0.397910386323929 0.386386901140213 0.388423293828964 0.389022290706635 0.391281813383102 0.393056899309158 0.3877092897892 0.392900913953781 0.399668097496033 0.403611302375793 0.406640887260437 0.413183391094208 0.422626197338104 0.440148591995239 0.450292408466339 0.463727295398712 0.46381139755249
-3.4e+38 -3.4e+38 -3.4e+38 -3.4e+38 -3.4e+38 -3.4e+38 -3.4e+38 -3.4e+38 1.2963570356369 1.36630499362946 1.36011600494385 1.2450430393219 1.10324394702911 0.99011218547821 0.817689895629883 0.674993276596069 0.588575303554535 0.537216186523438 0.522964894771576 0.495843887329102 0.521699011325836 0.490942686796188 0.484419107437134 0.495050400495529 0.459973990917206 0.407790392637253 0.385818392038345 0.375250607728958 0.363237798213959 0.359317690134048 0.360245198011398 0.362546503543854 0.36602720618248 0.368210285902023 0.373860597610474 0.374988913536072 0.371527999639511 0.376921087503433 0.383611589670181 0.38379579782486 0.389329612255096 0.402250409126282 0.421989291906357 0.436920195817947 0.445067912340164 0.444082885980606
-3.4e+38 -3.4e+38 -3.4e+38 -3.4e+38 -3.4e+38 -3.4e+38 -3.4e+38 -3.4e+38 1.23255598545074 1.25240099430084 1.27238798141479 1.20812094211578 1.09906697273254 0.990147888660431 0.807290375232697 0.640945315361023 0.580512881278992 0.517950296401978 0.461037814617157 0.437557399272919 0.444536209106445 0.445430189371109 0.431981712579727 0.423541009426117 0.397915691137314 0.380115985870361 0.3682521879673 0.360606402158737 0.354714810848236 0.349050790071487 0.352547198534012 0.352428913116455 0.352080911397934 0.353657186031342 0.356968611478806 0.356857597827911 0.358146786689758 0.354039192199707 0.36066609621048 0.365111708641052 0.370795786380768 0.392951786518097 0.407592803239822 0.416013091802597 0.421798199415207 0.423360913991928
