ENMTML/All_vars/Predictors/EUR_only/bio3.asc
NCOLS 411 
NROWS 214 
XLLCORNER -11.5 
YLLCORNER 35.666666666112 
CELLSIZE 0.166666666666667 
NODATA_value -3.4e+38 
[rows 60 to 79 of 214, columns 92 to 137 of 411]
-3.4e+38 -3.4e+38 -3.4e+38 -3.4e+38 -3.4e+38 -3.4e+38 -3.4e+38 0.278440594673157 0.280184298753738 0.283192813396454 0.283270508050919 0.284489691257477 0.284059703350067 0.284706503152847 0.283533900976181 0.283536106348038 0.287745207548141 0.285627901554108 0.286034494638443 0.288692712783813 0.289330810308456 0.287062287330627 0.287882596254349 0.286093801259995 0.284251689910889 0.284311890602112 0.283901810646057 0.284589797258377 0.2828528881073 0.281821310520172 0.280503213405609 0.278522312641144 0.277969986200333 0.276019185781479 0.273735910654068 0.272676289081573 0.269839704036713 0.267769485712051 0.266429513692856 0.26384699344635 0.261247903108597 0.260149300098419 0.257772088050842 0.255551308393478 0.255502492189407 0.254407912492752
-3.4e+38 -3.4e+38 -3.4e+38 -3.4e+38 -3.4e+38 0.273444503545761 0.276935309171677 0.280132800340652 0.282332509756088 0.285194486379623 0.283477008342743 0.282616913318634 0.282689988613129 0.279990702867508 0.281999886035919 0.283326208591461 0.283601611852646 0.283264994621277 0.285012006759644 0.283562391996384 0.282032608985901 0.28393030166626 0.283118695020676 0.283265292644501 0.283594101667404 0.282742112874985 0.282292395830154 0.283342808485031 0.282935291528702 0.28081950545311 0.279704689979553 0.277894794940948 0.277970105409622 0.276156812906265 0.274263292551041 0.272487610578537 0.269793212413788 0.26815539598465 0.265189707279205 0.26421070098877 0.261619001626968 0.258693009614944 0.257855504751205 0.256303697824478 0.254833608865738 0.254272907972336
-3.4e+38 -3.4e+38 -3.4e+38 -3.4e+38 -3.4e+38 -3.4e+38 0.278425812721252 0.281919986009598 0.282771587371826 0.284343898296356 0.282532185316086 0.281845897436142 0.280748903751373 0.279241591691971 0.27849268913269 0.279262393712997 0.277105391025543 0.278569787740707 0.279100894927979 0.280329912900925 0.278604388237 0.27823731303215 0.278141885995865 0.279766201972961 0.280210703611374 0.281798392534256 0.281457006931305 0.28167051076889 0.282935589551926 0.282266587018967 0.281049489974976 0.279707789421082 0.277794808149338 0.275844603776932 0.274274200201035 0.271400511264801 0.269367307424545 0.266562402248383 0.265354096889496 0.262431085109711 0.261296004056931 0.258675694465637 0.257011711597443 0.255884200334549 0.253706395626068 0.253959685564041
-3.4e+38 -3.4e+38 -3.4e+38 -3.4e+38 -3.4e+38 -3.4e+38 0.279471188783646 0.283421099185944 0.287103295326233 0.284238010644913 0.284919202327728 0.283906191587448 0.279402107000351 0.279092699289322 0.277124285697937 0.278688013553619 0.278557598590851 0.276522189378738 0.273182690143585 0.273935109376907 0.272231608629227 0.273976504802704 0.273695290088654 0.275898814201355 0.27614951133728 0.277994990348816 0.280508905649185 0.281357288360596 0.282328188419342 0.281229913234711 0.280249089002609 0.279431194067001 0.278636485338211 0.275829285383224 0.273654609918594 0.270965993404388 0.268814086914062 0.266907900571823 0.264821410179138 0.262434810400009 0.259265214204788 0.258067011833191 0.257256090641022 0.255066692829132 0.253966003656387 0.252142906188965
-3.4e+38 -3.4e+38 -3.4e+38 -3.4e+38 -3.4e+38 -3.4e+38 -3.4e+38 0.28463140130043 0.290246486663818 0.289517402648926 0.285021305084229 0.280881494283676 0.278478413820267 0.277937889099121 0.275943607091904 0.276691496372223 0.275215208530426 0.273922801017761 0.275152206420898 0.269910901784897 0.268236011266708 0.271087110042572 0.271585196256638 0.272787690162659 0.27500969171524 0.277759611606598 0.278835505247116 0.281185388565063 0.28198379278183 0.281091600656509 0.280019998550415 0.279389798641205 0.277810901403427 0.276262789964676 0.273530691862106 0.270648002624512 0.267957985401154 0.26577240228653 0.263019889593124 0.259871304035187 0.257853001356125 0.256038904190063 0.254017293453217 0.252991199493408 0.251794785261154 0.251246988773346
-3.4e+38 -3.4e+38 -3.4e+38 -3.4e+38 -3.4e+38 -3.4e+38 -3.4e+38 0.283680111169815 0.290493994951248 0.285653412342072 0.281206101179123 0.277948200702667 0.275465488433838 0.273600697517395 0.274794906377792 0.272144585847855 0.272313714027405 0.270262897014618 0.266942501068115 0.26782089471817 0.2629174888134 0.263324588537216 0.264167785644531 0.267217993736267 0.271968990564346 0.273851186037064 0.276423096656799 0.278427988290787 0.280295491218567 0.279974490404129 0.28043469786644 0.279306799173355 0.275740206241608 0.2747563123703 0.271019011735916 0.269291698932648 0.266036212444305 0.263146787881851 0.261812210083008 0.259369492530823 0.256370395421982 0.254451900720596 0.25191131234169 0.25023490190506 0.248553603887558 0.249845400452614
-3.4e+38 -3.4e+38 -3.4e+38 -3.4e+38 -3.4e+38 -3.4e+38 -3.4e+38 0.278415501117706 0.287130385637283 0.281998008489609 0.280138313770294 0.275287985801697 0.273051500320435 0.275600492954254 0.269808292388916 0.26660829782486 0.267404198646545 0.262808710336685 0.263207286596298 0.261045008897781 0.261943489313126 0.261056393384933 0.261897087097168 0.265109002590179 0.269155889749527 0.271190494298935 0.27566859126091 0.277761101722717 0.279112011194229 0.27932208776474 0.277957201004028 0.276260912418365 0.275689005851746 0.27372071146965 0.26986488699913 0.266522794961929 0.264057397842407 0.26118540763855 0.259217411279678 0.256369590759277 0.252801507711411 0.252235293388367 0.250171512365341 0.246858403086662 0.246278792619705 0.247582301497459
-3.4e+38 -3.4e+38 -3.4e+38 -3.4e+38 -3.4e+38 -3.4e+38 -3.4e+38 -3.4e+38 0.276183694601059 0.27858629822731 0.273494005203247 0.27351850271225 0.273462295532227 0.268027514219284 0.264016091823578 0.261388808488846 0.264132112264633 0.260502487421036 0.260348111391068 0.259817600250244 0.258894503116608 0.258676111698151 0.259633809328079 0.263367503881454 0.266427010297775 0.270637214183807 0.273529499769211 0.275944799184799 0.276638299226761 0.275830507278442 0.27679380774498 0.274640411138535 0.273019790649414 0.270401895046234 0.266658991575241 0.262681186199188 0.260664105415344 0.257932811975479 0.255934804677963 0.251983314752579 0.250538885593414 0.249306797981262 0.247003093361855 0.245292901992798 0.244689404964447 0.244941607117653
-3.4e+38 -3.4e+38 -3.4e+38 -3.4e+38 -3.4e+38 -3.4e+38 -3.4e+38 -3.4e+38 0.270714789628983 0.266894996166229 0.270542085170746 0.267783910036087 0.264386892318726 0.262919485569 0.261004686355591 0.260452806949615 0.259879112243652 0.257416814565659 0.25684529542923 0.257936209440231 0.257783502340317 0.257600486278534 0.259626388549805 0.26328980922699 0.266355514526367 0.267744302749634 0.271122008562088 0.273211598396301 0.273763597011566 0.273337692022324 0.272172093391418 0.271915197372437 0.270151287317276 0.265383392572403 0.263325899839401 0.259434014558792 0.256495088338852 0.254906594753265 0.25078159570694 0.248422801494598 0.247876599431038 0.247725605964661 0.244949594140053 0.24161259829998 0.242699295282364 0.24385130405426
-3.4e+38 -3.4e+38 -3.4e+38 -3.4e+38 -3.4e+38 -3.4e+38 -3.4e+38 -3.4e+38 0.261496186256409 0.264146685600281 -3.4e+38 0.264732897281647 0.261759489774704 0.259097993373871 0.257652789354324 0.255996197462082 0.255094885826111 0.255855590105057 0.255034685134888 0.254197001457214 0.254579693078995 0.255284607410431 0.256996810436249 0.2603639960289 0.263015389442444 0.264985889196396 0.266952008008957 0.269885808229446 0.270400911569595 0.269519686698914 0.269222289323807 0.266348898410797 0.265318006277084 0.262534409761429 0.258001893758774 0.25454568862915 0.250658601522446 0.247022792696953 0.245160505175591 0.242386996746063 0.240003496408463 0.239931896328926 0.240181192755699 0.239424198865891 0.240061298012733 0.241385295987129
-3.4e+38 -3.4e+38 -3.4e+38 -3.4e+38 -3.4e+38 -3.4e+38 -3.4e+38 -3.4e+38 0.253514289855957 0.256034106016159 0.257028311491013 0.256159693002701 0.256122887134552 0.254287213087082 0.254747092723846 0.253157913684845 0.254046410322189 0.253189891576767 0.253135293722153 0.252115309238434 0.253029197454453 0.254534691572189 0.256315499544144 0.257631689310074 0.259763091802597 0.262485593557358 0.263452112674713 0.264608293771744 0.265029609203339 0.267339289188385 0.264389991760254 0.262100607156754 0.259568691253662 0.257334798574448 0.254146903753281 0.249819993972778 0.245107501745224 0.240789994597435 0.236906707286835 0.233527094125748 0.233537197113037 0.232252806425095 0.232958301901817 0.234336197376251 0.236933305859566 0.239213600754738
-3.4e+38 -3.4e+38 -3.4e+38 -3.4e+38 -3.4e+38 -3.4e+38 -3.4e+38 -3.4e+38 0.247068792581558 0.248817503452301 0.252346009016037 0.251860409975052 0.251739591360092 0.252574503421783 0.251822590827942 0.251396507024765 0.249521002173424 0.248737499117851 0.248918995261192 0.250087410211563 0.250103205442429 0.252279609441757 0.254613101482391 0.254941403865814 0.256890803575516 0.25758370757103 0.260721504688263 0.260041505098343 0.260372191667557 0.260215610265732 0.25994661450386 0.256318598985672 0.254114896059036 0.25480929017067 0.249805092811584 0.24499300122261 0.238627895712852 0.233078002929688 0.226895898580551 0.223052695393562 -3.4e+38 0.223828703165054 0.226226806640625 0.230618804693222 0.23412249982357 0.236999601125717
-3.4e+38 -3.4e+38 -3.4e+38 -3.4e+38 -3.4e+38 -3.4e+38 -3.4e+38 -3.4e+38 0.240327298641205 0.243768095970154 -3.4e+38 -3.4e+38 0.248408198356628 0.248489499092102 0.247856006026268 0.24831260740757 0.246065095067024 0.245928898453712 0.246020093560219 0.246999502182007 0.248202800750732 0.250092089176178 0.252286791801453 0.252395212650299 0.253408014774323 0.254533410072327 0.257666110992432 0.25645700097084 0.25711590051651 0.256143003702164 0.25544610619545 0.252267897129059 0.250511407852173 0.246592000126839 0.243063494563103 0.238681092858315 0.232144400477409 0.22544039785862 0.218786895275116 0.213860705494881 -3.4e+38 0.216853499412537 0.220217898488045 0.225862994790077 0.23090860247612 0.23544929921627
-3.4e+38 -3.4e+38 -3.4e+38 -3.4e+38 -3.4e+38 -3.4e+38 -3.4e+38 -3.4e+38 -3.4e+38 -3.4e+38 -3.4e+38 0.243051901459694 0.244806498289108 0.243622899055481 0.242919400334358 0.242407098412514 0.243119195103645 0.244044795632362 0.244360700249672 0.244432300329208 0.245847299695015 0.24706619977951 0.248600706458092 0.248039796948433 0.251324087381363 0.250584304332733 0.253066599369049 0.25267630815506 0.253495514392853 0.25242879986763 0.251411408185959 0.248725697398186 0.246480792760849 0.243439495563507 0.237977802753448 0.233587995171547 0.227722197771072 0.21884959936142 0.213182494044304 -3.4e+38 -3.4e+38 -3.4e+38 0.21518050134182 0.221577003598213 0.228957697749138 0.234634399414062
-3.4e+38 -3.4e+38 -3.4e+38 -3.4e+38 -3.4e+38 -3.4e+38 -3.4e+38 -3.4e+38 -3.4e+38 -3.4e+38 0.237060502171516 0.237491294741631 0.238238498568535 0.240024298429489 0.239316701889038 0.239713504910469 0.239933103322983 0.240535899996758 0.240890502929688 0.243015006184578 0.242128193378448 0.243751302361488 0.24439999461174 0.245829403400421 0.248600795865059 0.247540503740311 0.248300105333328 0.247764199972153 0.248147398233414 0.248512402176857 0.247835204005241 0.246466100215912 0.243720203638077 0.240239396691322 0.236687704920769 -3.4e+38 -3.4e+38 -3.4e+38 -3.4e+38 -3.4e+38 -3.4e+38 -3.4e+38 -3.4e+38 -3.4e+38 0.228300094604492 0.234316602349281
-3.4e+38 -3.4e+38 -3.4e+38 -3.4e+38 -3.4e+38 -3.4e+38 -3.4e+38 -3.4e+38 -3.4e+38 -3.4e+38 0.234008505940437 0.234514594078064 0.234085097908974 0.234994992613792 0.236197501420975 0.235979199409485 0.23725500702858 0.238713502883911 0.236639499664307 0.239265203475952 0.23917019367218 0.240110605955124 0.240666106343269 0.242628201842308 0.245000496506691 0.24471090734005 0.244918197393417 0.24486480653286 0.245082005858421 0.245465502142906 0.244117394089699 0.243774801492691 0.241312995553017 -3.4e+38 -3.4e+38 -3.4e+38 -3.4e+38 -3.4e+38 -3.4e+38 -3.4e+38 -3.4e+38 -3.4e+38 -3.4e+38 -3.4e+38 0.228958696126938 0.23568069934845
-3.4e+38 -3.4e+38 -3.4e+38 -3.4e+38 -3.4e+38 -3.4e+38 -3.4e+38 -3.4e+38 -3.4e+38 -3.4e+38 -3.4e+38 0.229201003909111 0.2319296002388 0.232526898384094 0.232809692621231 0.233713492751122 0.233569607138634 0.234786003828049 0.235040605068207 0.23642960190773 0.235973507165909 0.237302303314209 0.238250494003296 0.237982302904129 0.239646896719933 0.240183100104332 0.240103006362915 0.241334095597267 0.24331259727478 0.242681697010994 0.242726907134056 0.242429003119469 -3.4e+38 -3.4e+38 -3.4e+38 -3.4e+38 -3.4e+38 -3.4e+38 -3.4e+38 -3.4e+38 -3.4e+38 -3.4e+38 -3.4e+38 -3.4e+38 0.232672199606895 0.237110897898674
-3.4e+38 -3.4e+38 -3.4e+38 -3.4e+38 -3.4e+38 -3.4e+38 -3.4e+38 -3.4e+38 -3.4e+38 -3.4e+38 -3.4e+38 -3.4e+38 0.232098802924156 0.2306037992239 0.23092420399189 0.230916097760201 0.232931405305862 0.232685506343842 0.232718393206596 0.232871204614639 0.232314199209213 0.234458595514297 0.234623700380325 0.235112801194191 0.234292507171631 0.236349999904633 0.237712696194649 0.239250406622887 0.240732997655869 0.241052001714706 -3.4e+38 -3.4e+38 -3.4e+38 -3.4e+38 -3.4e+38 -3.4e+38 -3.4e+38 -3.4e+38 -3.4e+38 -3.4e+38 -3.4e+38 -3.4e+38 -3.4e+38 -3.4e+38 0.23572750389576 0.239694803953171
-3.4e+38 -3.4e+38 -3.4e+38 -3.4e+38 -3.4e+38 -3.4e+38 -3.4e+38 -3.4e+38 -3.4e+38 -3.4e+38 -3.4e+38 -3.4e+38 -3.4e+38 -3.4e+38 -3.4e+38 0.229378998279572 0.23089000582695 0.230436503887177 0.230373293161392 0.230162501335144 0.231112197041512 0.232138097286224 0.232154801487923 0.233072698116302 0.232037097215652 0.231972396373749 0.235416606068611 0.237280994653702 -3.4e+38 -3.4e+38 -3.4e+38 -3.4e+38 -3.4e+38 -3.4e+38 -3.4e+38 -3.4e+38 -3.4e+38 -3.4e+38 -3.4e+38 -3.4e+38 -3.4e+38 -3.4e+38 -3.4e+38 -3.4e+38 -3.4e+38 0.245169192552567
-3.4e+38 -3.4e+38 -3.4e+38 -3.4e+38 -3.4e+38 -3.4e+38 -3.4e+38 -3.4e+38 -3.4e+38 -3.4e+38 -3.4e+38 -3.4e+38 -3.4e+38 -3.4e+38 -3.4e+38 -3.4e+38 -3.4e+38 0.227963596582413 0.228612899780273 0.230194807052612 0.230314195156097 0.230002596974373 0.230871200561523 0.230574503540993 0.229569897055626 -3.4e+38 -3.4e+38 -3.4e+38 -3.4e+38 -3.4e+38 -3.4e+38 -3.4e+38 -3.4e+38 -3.4e+38 -3.4e+38 -3.4e+38 -3.4e+38 -3.4e+38 -3.4e+38 -3.4e+38 -3.4e+38 -3.4e+38 -3.4e+38 -3.4e+38 -3.4e+38 -3.4e+38
