ENMTML/All_vars/Predictors/EUR_only/bio31.asc
NCOLS 440 
NROWS 275 
XLLCORNER -11.5 
YLLCORNER 25.4999999994691 
CELLSIZE 0.166666666666667 
NODATA_value -3.4e+38 
[rows 80 to 99 of 275, columns 315 to 359 of 440]
0.208984896540642 0.206104397773743 0.205632492899895 0.209162101149559 0.20358270406723 0.202970802783966 0.206050798296928 0.207369104027748 0.207766503095627 0.207377403974533 0.207619994878769 0.208113893866539 0.210329204797745 0.211844697594643 0.21066090464592 0.208255797624588 0.211859807372093 0.209872499108315 0.206040903925896 0.203319102525711 0.201029196381569 0.198194995522499 0.195373803377151 0.196952894330025 0.198151096701622 0.201396703720093 0.203617304563522 0.198927998542786 0.201233804225922 0.20390559732914 0.20460569858551 0.202094301581383 0.200964704155922 0.198895201086998 0.198975592851639 0.201646894216537 0.201537102460861 0.201531693339348 0.201867699623108 0.201407298445702 0.201472997665405 0.199114993214607 0.198690101504326 0.197016596794128 0.198149502277374
0.213456004858017 0.208648100495338 0.210024505853653 0.207307606935501 0.20465649664402 0.209014400839806 0.210751101374626 0.214017406105995 0.21584840118885 0.212951198220253 0.215517699718475 0.215056002140045 0.215532705187798 0.217215999960899 0.212638601660728 0.212176203727722 0.217625096440315 0.213309198617935 0.208170399069786 0.206239998340607 0.204503193497658 0.200259193778038 0.197525605559349 0.200951799750328 0.2049890011549 0.206870794296265 0.209343999624252 0.211426600813866 0.208744004368782 0.205982506275177 0.202411502599716 0.205057397484779 0.202450603246689 0.201364204287529 0.198855400085449 0.19888299703598 0.200355499982834 0.202110007405281 0.201749101281166 0.2024846971035 0.203252002596855 0.206182703375816 0.20028929412365 0.200655803084373 0.197563499212265
0.217312693595886 0.214758396148682 0.211013793945312 0.20883409678936 0.211129397153854 0.216215595602989 0.218463003635406 0.22360460460186 0.218205600976944 0.215856194496155 0.21983140707016 0.219806000590324 0.218423902988434 0.220791697502136 0.220093905925751 0.219677895307541 0.21694840490818 0.212109103798866 0.208164006471634 0.203955098986626 0.203650906682014 0.205566897988319 0.208175793290138 0.210040599107742 0.214204505085945 0.209820494055748 0.207158505916595 0.203221395611763 0.203554302453995 0.206248700618744 0.202867597341537 0.203034296631813 0.20139080286026 0.20355199277401 0.202448695898056 0.199953898787498 0.199614092707634 0.205841898918152 0.205561801791191 0.203913301229477 0.204450502991676 0.206075996160507 0.210227698087692 0.206430494785309 0.207623407244682
0.211151301860809 0.21751169860363 0.214144095778465 0.21170000731945 0.219301894307137 0.222369402647018 0.221314206719398 0.222898602485657 0.221414506435394 0.222713902592659 0.224907994270325 0.226663500070572 0.227103605866432 0.228321298956871 0.221634700894356 0.218196004629135 0.217368006706238 0.215902596712112 0.212445005774498 0.207985207438469 0.209607794880867 0.207023501396179 0.207664400339127 0.211315706372261 0.217752605676651 0.211169198155403 0.211385995149612 0.211282104253769 0.213572695851326 0.213078007102013 0.21063220500946 0.208777099847794 0.209097802639008 0.207169204950333 0.206580504775047 0.205379903316498 0.207673594355583 0.209842294454575 0.208864197134972 0.206207796931267 0.206857293844223 0.207722797989845 0.206291198730469 0.206204906105995 0.205761402845383
0.207966893911362 0.213757306337357 0.215131193399429 0.215326994657516 0.215324997901917 0.221242100000381 0.218357101082802 0.221912801265717 0.226238399744034 0.22718520462513 0.226882696151733 0.225171402096748 0.231234699487686 0.230755403637886 0.223050802946091 0.222931295633316 0.216206103563309 0.215517595410347 0.214797303080559 0.214520692825317 0.213892698287964 0.210806399583817 0.209685906767845 0.211667597293854 0.218246400356293 0.218161106109619 0.218214303255081 0.216312602162361 0.211185902357101 0.209746703505516 0.211980104446411 0.211679294705391 0.212285801768303 0.211006104946136 0.209218293428421 0.210410505533218 0.213322803378105 0.213130101561546 0.211457595229149 0.21082130074501 0.211593106389046 0.211373403668404 0.206657692790031 0.206106901168823 0.204370498657227
0.208919197320938 0.214090004563332 0.219505205750465 0.221002295613289 0.219479992985725 0.221621304750443 0.226522698998451 0.22849440574646 0.226785197854042 0.228573396801949 0.224656999111176 0.227543696761131 0.235653102397919 0.232887804508209 0.22871670126915 0.22457680106163 0.224055305123329 0.222463592886925 0.217845499515533 0.216111198067665 0.216556996107101 0.220880106091499 0.216890498995781 0.213764801621437 0.214593306183815 0.222759306430817 0.225278005003929 0.219711303710938 0.21917399764061 0.216171607375145 0.218363299965858 0.215336501598358 0.216198995709419 0.215854793787003 0.21383510529995 0.218399092555046 0.217123404145241 0.218140095472336 0.218752503395081 0.214901298284531 0.210404500365257 0.213979199528694 0.210984900593758 0.209969997406006 0.209851995110512
0.210219696164131 0.214541792869568 0.221907496452332 0.223858594894409 0.223330497741699 0.224298506975174 0.227562606334686 0.230615898966789 0.228500604629517 0.229157194495201 0.227522507309914 0.22783400118351 0.234541103243828 0.238892197608948 0.233233898878098 0.228617206215858 0.230085998773575 0.225848495960236 0.222311496734619 0.221586003899574 0.219336494803429 0.223738104104996 0.222443699836731 0.218934893608093 0.219462096691132 0.220375001430511 0.226407900452614 0.225874394178391 0.223424702882767 0.225616201758385 0.224834993481636 0.223076403141022 0.223855793476105 0.221721798181534 0.222185298800468 0.222570806741714 0.222661301493645 0.227982193231583 0.220593303442001 0.218635901808739 0.218908593058586 0.221673503518105 0.218344107270241 0.220922097563744 0.216145396232605
0.2150819003582 0.2161995023489 0.223115801811218 0.226194202899933 0.224683195352554 0.225295200943947 0.228253602981567 0.236317202448845 0.231335401535034 0.233122199773788 0.233242496848106 0.235572993755341 0.237940400838852 0.24227499961853 0.238199397921562 0.239203795790672 0.234263896942139 0.231619000434875 0.228784799575806 0.228139996528625 0.22523720562458 0.227888703346252 0.22700110077858 0.224433794617653 0.225611999630928 0.228173702955246 0.227858603000641 0.230304300785065 0.231469497084618 0.231899306178093 0.230212897062302 0.226874604821205 0.227230995893478 0.230272397398949 0.228507295250893 0.228235393762589 0.227573901414871 0.230233803391457 0.225666001439095 0.223991900682449 0.227480098605156 0.228358000516891 0.228009507060051 0.223138600587845 0.220486298203468
0.217641398310661 0.219114497303963 0.224030494689941 0.227049097418785 0.231967598199844 0.233279705047607 0.232007592916489 0.235914900898933 0.23870949447155 0.235960707068443 0.236864402890205 0.239773392677307 0.241820901632309 0.245221197605133 0.24738110601902 0.248913198709488 0.243544802069664 0.240819796919823 0.240364402532578 0.237118497490883 0.232266202569008 0.234389901161194 0.234099596738815 0.23215839266777 0.230934903025627 0.230854600667953 0.232027798891068 0.234068900346756 0.233619496226311 0.236623704433441 0.238813206553459 0.235889598727226 0.232178896665573 0.234322905540466 0.232069402933121 0.230956301093102 0.231157004833221 0.235390692949295 0.233387395739555 0.227946296334267 0.231654092669487 0.236529901623726 0.229201704263687 0.228327199816704 0.225450903177261
0.222089096903801 0.226257503032684 0.224155202507973 0.225793898105621 0.226513206958771 0.235600292682648 0.238490894436836 0.238569498062134 0.240328803658485 0.242857202887535 0.241854697465897 0.242020100355148 0.243763104081154 0.246855393052101 0.249153897166252 0.25165730714798 0.250282496213913 0.248704597353935 0.244528502225876 0.241655901074409 0.239241302013397 0.23912949860096 0.23815530538559 0.239262893795967 0.236950501799583 0.23424020409584 0.236206904053688 0.234655603766441 0.23520140349865 0.238944202661514 0.241838902235031 0.243752598762512 0.241568297147751 0.243265107274055 0.241979897022247 0.238081604242325 0.236668094992638 0.238396003842354 0.242616504430771 0.239591300487518 0.235467404127121 0.241374999284744 0.239066198468208 0.238831400871277 0.235837906599045
0.223082795739174 0.222319304943085 0.221223101019859 0.224577397108078 0.228943303227425 0.230348601937294 0.23651710152626 0.240711495280266 0.241762802004814 0.246889293193817 0.248878195881844 0.250149786472321 0.252170890569687 0.252035200595856 0.252326607704163 0.25411531329155 0.252395808696747 0.247682794928551 0.244553595781326 0.248462095856667 0.244580700993538 0.243757396936417 0.244255006313324 0.246811702847481 0.24420939385891 0.243899494409561 0.24126310646534 0.243090197443962 0.241974100470543 0.247782304883003 0.24716030061245 0.242455497384071 0.237682595849037 0.234216198325157 0.247359201312065 0.245794400572777 0.243478298187256 0.243285894393921 0.243518605828285 0.246282503008842 0.245083197951317 0.246792703866959 0.242697805166245 0.240988999605179 0.244775399565697
0.217219695448875 0.219226494431496 0.224794805049896 0.227291598916054 0.230952501296997 0.232681795954704 0.235857099294662 0.239774003624916 0.2414420992136 0.244767606258392 0.248895302414894 0.252145886421204 0.253376394510269 0.253164410591125 0.246256694197655 0.248441398143768 0.246523797512054 0.242984592914581 0.245381399989128 0.249528095126152 0.248222306370735 0.248325794935226 0.246260195970535 0.250507801771164 0.249185606837273 0.244847193360329 0.249407798051834 0.24472750723362 0.240047499537468 0.250648707151413 0.245306804776192 0.240502893924713 0.238117799162865 0.236456304788589 0.236556500196457 0.238762006163597 0.235434606671333 0.240395292639732 0.244987905025482 0.249613702297211 0.24315120279789 0.251485109329224 0.249761894345284 0.251961886882782 0.249375000596046
0.219867005944252 0.220981299877167 0.226668998599052 0.22876550257206 0.234425500035286 0.238023698329926 0.239566296339035 0.243332296609879 0.249739602208138 0.245928302407265 0.244039103388786 0.248010605573654 0.248633697628975 0.249130994081497 0.248165592551231 0.246917307376862 0.243818700313568 0.248496904969215 0.24860979616642 0.243919596076012 0.237603798508644 0.240098893642426 0.244091898202896 0.242196902632713 0.242176398634911 0.241892799735069 0.245683893561363 0.247088894248009 0.249744698405266 0.247820094227791 0.251611411571503 0.249758899211884 0.245212495326996 0.241157397627831 0.237767904996872 0.241681292653084 0.244135499000549 0.244719296693802 0.250726997852325 0.249291107058525 0.242403894662857 0.249356493353844 0.257974296808243 0.261500507593155 0.257355809211731
0.226706996560097 0.221710905432701 0.229128703474998 0.23093269765377 0.236451506614685 0.240858599543571 0.247307002544403 0.249961704015732 0.248120799660683 0.243991494178772 0.242844894528389 0.244859993457794 0.249051094055176 0.247961297631264 0.248378694057465 0.24603159725666 0.243760794401169 0.245156303048134 0.243125900626183 0.245073094964027 0.240800395607948 0.244959697127342 0.245904102921486 0.241018906235695 0.241752803325653 0.248298704624176 0.245291203260422 0.248832195997238 0.25019508600235 0.255079001188278 0.254272192716599 0.243213593959808 0.246661201119423 0.247105196118355 0.24582639336586 0.246612906455994 0.251690804958344 0.251650094985962 0.253177791833878 0.247593998908997 0.250986903905869 0.255329787731171 0.249940901994705 0.253927409648895 0.260100305080414
0.229949399828911 0.223860993981361 0.231744900345802 0.233754098415375 0.236358001828194 0.243299603462219 0.248369693756104 0.25236389040947 0.25273460149765 0.252940505743027 0.251715391874313 0.252992987632751 0.249108105897903 0.248850494623184 0.251794993877411 0.251904904842377 0.253022700548172 0.251412391662598 0.251573204994202 0.250928789377213 0.252737998962402 0.251014888286591 0.253564089536667 0.252997398376465 0.253692895174026 0.252198189496994 0.248300701379776 0.2530896961689 0.254518002271652 0.259231299161911 0.261358588933945 0.258271902799606 0.249208003282547 0.250066488981247 0.252823501825333 0.255921989679337 0.253764510154724 0.255234897136688 0.255915105342865 0.25248059630394 0.252715587615967 0.253403395414352 0.261808812618256 0.264323800802231 0.268891513347626
0.235255599021912 0.230470195412636 0.23369599878788 0.236438006162643 0.238603293895721 0.246503993868828 0.253564298152924 0.250436991453171 0.25229999423027 0.255107402801514 0.256617397069931 0.258416086435318 0.257312685251236 0.25494059920311 0.257067292928696 0.257149696350098 0.25663161277771 0.253365904092789 0.252578794956207 0.253336191177368 0.255228698253632 0.255251199007034 0.255591213703156 0.254358291625977 0.2522312104702 0.257740408182144 0.25778791308403 0.260249406099319 0.257248610258102 0.258311092853546 0.258683204650879 0.261201292276382 0.26145350933075 0.255213290452957 0.25295090675354 0.254440903663635 0.257644385099411 0.258009314537048 0.253701686859131 0.257896989583969 0.261781305074692 0.263112396001816 0.261163204908371 0.264482408761978 0.267898797988892
0.240397900342941 0.236466705799103 0.238390699028969 0.238349199295044 0.241631895303726 0.251227408647537 0.248913705348969 0.251411586999893 0.250420212745667 0.251728296279907 0.253485411405563 0.252653896808624 0.256925791501999 0.255363404750824 0.257756114006042 0.256996899843216 0.258053302764893 0.259013086557388 0.257290810346603 0.251955509185791 0.252094805240631 0.254044890403748 0.25623220205307 0.258342802524567 0.260384112596512 0.257109314203262 0.257118791341782 0.256425201892853 0.259065210819244 0.257646292448044 0.261242687702179 0.262717396020889 0.264859110116959 0.260314792394638 0.257910192012787 0.258785098791122 0.257398903369904 0.263586699962616 0.264455705881119 0.264274895191193 0.267150312662125 0.264898896217346 0.264967888593674 0.267579406499863 0.27209660410881
0.245620101690292 0.242604404687881 0.241601601243019 0.243677094578743 0.250216513872147 0.250363796949387 0.251279801130295 0.250958204269409 0.251576602458954 0.253106713294983 0.256399005651474 0.25704300403595 0.256432205438614 0.257036298513412 0.257792085409164 0.258802711963654 0.255968391895294 0.254856586456299 0.258206307888031 0.26061150431633 0.254621505737305 0.258029788732529 0.261726886034012 0.263675391674042 0.261575311422348 0.263982594013214 0.261595100164413 0.260831087827682 0.259174108505249 0.2622250020504 0.262391895055771 0.265273213386536 0.263503193855286 0.267724812030792 0.262341797351837 0.259411990642548 0.260514885187149 0.26444610953331 0.266660690307617 0.26783299446106 0.270705193281174 0.270536214113235 0.270833700895309 0.274950504302979 0.270596593618393
0.250957310199738 0.248727902770042 0.249651402235031 0.247677803039551 0.254237085580826 0.254732489585876 0.252221196889877 0.255986094474792 0.256215006113052 0.260236203670502 0.264571785926819 0.270339608192444 0.269957005977631 0.265679001808167 0.265743494033813 0.266126692295074 0.265381008386612 0.265482902526855 0.263552099466324 0.264523386955261 0.262435585260391 0.263446509838104 0.263301104307175 0.264500290155411 0.262281507253647 0.266844302415848 0.267014592885971 0.266434401273727 0.268002212047577 0.268708497285843 0.267686992883682 0.267031192779541 0.269084900617599 0.273379802703857 0.269772410392761 0.268572509288788 0.267004013061523 0.267544686794281 0.268000602722168 0.271300792694092 0.271573394536972 0.271996289491653 0.274376004934311 0.279050588607788 0.277917504310608
0.257681608200073 0.250324994325638 0.25421878695488 0.25554171204567 0.261570394039154 0.264110803604126 0.260558307170868 0.262912303209305 0.266098409891129 0.267936289310455 0.274479597806931 0.275746285915375 0.277100712060928 0.27512139081955 0.27334651350975 0.272816509008408 0.273276686668396 0.272144109010696 0.268661588430405 0.26996448636055 0.271474987268448 0.274400413036346 0.275357007980347 0.275403589010239 0.275117486715317 0.277788996696472 0.276358902454376 0.276452511548996 0.275300085544586 0.272650212049484 0.273603200912476 0.270289391279221 0.270042806863785 0.27390518784523 0.280233502388 0.269781708717346 0.270326107740402 0.270441889762878 0.269356608390808 0.271980702877045 0.275896489620209 0.276350885629654 0.277697503566742 0.281522989273071 0.281538605690002
