ENMTML/All_vars/Predictors/EUR_only/bio34.asc
NCOLS 440 
NROWS 275 
XLLCORNER -11.5 
YLLCORNER 25.4999999994691 
CELLSIZE 0.166666666666667 
NODATA_value -3.4e+38 
[rows 140 to 159 of 275, columns 276 to 321 of 440]
0.410073190927505 0.40351939201355 0.401406496763229 0.395380795001984 0.396228313446045 0.404293686151505 0.411413192749023 0.419732809066772 0.424741506576538 0.432791113853455 0.434192597866058 0.441173285245895 0.441443085670471 0.441377699375153 0.438453495502472 0.43962949514389 0.436201214790344 0.435527712106705 0.437927186489105 0.436358392238617 0.432734191417694 0.431121587753296 0.432213306427002 0.430084198713303 0.428873389959335 0.430911302566528 0.422808110713959 0.423653811216354 0.423034489154816 0.421752214431763 0.421191394329071 0.419036686420441 0.410856485366821 0.404981911182404 0.400368809700012 0.392921686172485 0.388985514640808 0.383836299180984 0.380448490381241 0.375664889812469 0.377073496580124 0.37029030919075 0.366003096103668 0.363888889551163 0.359774887561798 0.353333503007889
0.400440692901611 0.396930605173111 0.399292886257172 0.389668703079224 0.388881713151932 0.395698308944702 0.403101712465286 0.415118813514709 0.42694890499115 0.435617208480835 0.438659906387329 0.444266706705093 0.445858299732208 0.445393204689026 0.44196629524231 0.442801594734192 0.441882312297821 0.444254994392395 0.43962350487709 0.435612708330154 0.431145906448364 0.428116112947464 0.432976514101028 0.432481795549393 0.426719099283218 0.424516499042511 0.422177195549011 0.42220139503479 0.417797386646271 0.417183995246887 0.414922714233398 0.410693407058716 0.407556295394897 0.40187880396843 0.397213399410248 0.394809186458588 0.389730185270309 0.384465008974075 0.374235093593597 0.371565192937851 0.372274905443192 0.365307986736298 0.363441407680511 0.36148589849472 0.357066810131073 0.354126900434494
0.391374588012695 0.39141708612442 0.39061439037323 0.384284108877182 0.385919213294983 0.396513789892197 0.40629979968071 0.41253650188446 0.422112792730331 0.434792309999466 0.44604480266571 0.451288789510727 0.449879914522171 0.447860091924667 0.44681841135025 0.442578196525574 0.443402111530304 0.448916494846344 0.444183886051178 0.439555406570435 0.431266814470291 0.430847197771072 0.429771810770035 0.429344296455383 0.425751298666 0.423261612653732 0.419277906417847 0.422512114048004 0.419103503227234 0.414434403181076 0.413362890481949 0.406495809555054 0.40323480963707 0.397681802511215 0.395136505365372 0.390791386365891 0.386571198701859 0.376297295093536 0.372913509607315 0.371516495943069 0.366768211126328 0.362598598003387 0.359904289245605 0.356672704219818 0.352776795625687 0.34923130273819
0.390338510274887 0.387110114097595 0.387844085693359 0.388820588588715 0.392538994550705 0.397719204425812 0.406934410333633 0.416837811470032 0.427375286817551 0.439786404371262 0.452662497758865 0.461121112108231 0.461323887109756 0.45601549744606 0.453421205282211 0.4483982026577 0.441442608833313 0.437310993671417 0.43566769361496 0.434068202972412 0.429244309663773 0.429170191287994 0.426764994859695 0.426559209823608 0.427874803543091 0.425433814525604 0.420446187257767 0.421281307935715 0.418058514595032 0.415444612503052 0.412552207708359 0.407906293869019 0.402665913105011 0.395342707633972 0.39029660820961 0.387120097875595 0.380022913217545 0.377053707838058 0.373324811458588 0.369282186031342 0.370770305395126 0.365549504756927 0.361819207668304 0.35824579000473 0.354845404624939 0.35402250289917
0.388115793466568 0.38850799202919 0.389965802431107 0.390606999397278 0.394870400428772 0.399212390184402 0.40264680981636 0.412142097949982 0.423308193683624 0.439710110425949 0.455617785453796 0.468478292226791 0.461218893527985 0.449709087610245 0.442049503326416 0.439331710338593 0.437945008277893 0.429852902889252 0.430101603269577 0.426089912652969 0.429568499326706 0.426517099142075 0.427353799343109 0.42647311091423 0.426011085510254 0.423321485519409 0.423060089349747 0.420563101768494 0.41565790772438 0.412581503391266 0.411274790763855 0.407047808170319 0.401664793491364 0.394778400659561 0.391576796770096 0.387080192565918 0.382954210042953 0.378858596086502 0.376097112894058 0.371923506259918 0.368305712938309 0.365115314722061 0.363170504570007 0.359378814697266 0.356845110654831 0.351227104663849
0.385544002056122 0.386787801980972 0.387275189161301 0.387766808271408 0.391935706138611 0.397899001836777 0.398465514183044 0.408226400613785 0.418060600757599 0.43077889084816 0.4443499147892 0.443884789943695 0.438827395439148 0.43725511431694 0.430793702602386 0.429372489452362 0.427956312894821 0.426997810602188 0.423587203025818 0.425353497266769 0.42521271109581 0.425866514444351 0.424770087003708 -3.4e+38 -3.4e+38 -3.4e+38 -3.4e+38 -3.4e+38 0.415193885564804 0.412831604480743 0.410241812467575 0.40820300579071 0.404434591531754 0.404755294322968 0.399145603179932 0.394015103578568 0.38828718662262 0.384086906909943 0.376817911863327 0.372518211603165 0.369083911180496 0.366825491189957 0.3656887114048 0.36480239033699 0.362518787384033 0.354473888874054
0.379707902669907 0.38306799530983 0.384378105401993 0.387344211339951 0.388928085565567 0.391959309577942 0.397147089242935 0.405396610498428 0.414839088916779 0.419583112001419 0.425191611051559 0.426461488008499 0.424807488918304 0.421367406845093 0.420835912227631 0.421158313751221 0.422475308179855 0.420527011156082 -3.4e+38 -3.4e+38 -3.4e+38 -3.4e+38 -3.4e+38 -3.4e+38 -3.4e+38 0.427719414234161 0.424762606620789 0.424190014600754 0.422426611185074 0.42056331038475 0.416265308856964 0.411364495754242 0.410313189029694 0.40595281124115 0.402249187231064 0.399385690689087 0.395161390304565 0.390478789806366 0.385687798261642 0.378363400697708 0.37170821428299 0.366121888160706 0.363942801952362 0.367456197738647 0.365554809570312 0.361012488603592
0.376003086566925 0.377781808376312 0.378463387489319 0.380814492702484 0.385048508644104 0.38794019818306 0.394471287727356 0.400713086128235 0.402804493904114 0.408982485532761 0.413185387849808 0.413730889558792 0.418186098337173 0.413946390151978 -3.4e+38 -3.4e+38 -3.4e+38 -3.4e+38 -3.4e+38 -3.4e+38 -3.4e+38 -3.4e+38 -3.4e+38 0.430323600769043 0.43038409948349 0.428591191768646 0.429677993059158 0.428014814853668 0.426049113273621 0.424475699663162 0.42174631357193 0.41533899307251 0.412634700536728 0.41051921248436 0.406391888856888 0.402212500572205 0.398231387138367 0.393734306097031 0.387812912464142 0.383269190788269 0.3770791888237 0.368987500667572 0.364874690771103 0.362607508897781 0.363317489624023 0.364474713802338
0.371579587459564 0.374255895614624 0.376316905021667 0.380412697792053 0.382085889577866 0.384680390357971 0.391065388917923 0.395070314407349 -3.4e+38 -3.4e+38 -3.4e+38 -3.4e+38 -3.4e+38 -3.4e+38 -3.4e+38 -3.4e+38 -3.4e+38 -3.4e+38 -3.4e+38 -3.4e+38 0.42764601111412 0.431848406791687 0.431341409683228 0.433446496725082 0.433172911405563 0.431145191192627 0.430686503648758 0.428648591041565 0.426828801631927 0.425290405750275 0.423304110765457 0.420412808656693 0.418278396129608 0.413683086633682 0.410964012145996 0.407556712627411 0.402403086423874 0.397734493017197 0.392100512981415 0.387379288673401 0.380187600851059 0.376245498657227 0.368277788162231 0.365053713321686 0.361193597316742 0.357877999544144
0.369189411401749 0.372222185134888 0.374918788671494 0.376391112804413 0.379785388708115 0.383771598339081 -3.4e+38 -3.4e+38 -3.4e+38 -3.4e+38 -3.4e+38 -3.4e+38 -3.4e+38 -3.4e+38 -3.4e+38 -3.4e+38 -3.4e+38 -3.4e+38 -3.4e+38 -3.4e+38 0.431818187236786 0.435595810413361 0.436370104551315 0.434715986251831 0.435915291309357 0.435959488153458 0.435379296541214 0.434386193752289 0.431142210960388 0.430296510457993 0.428926885128021 0.424522489309311 0.421391189098358 0.418811500072479 0.415708988904953 0.40967869758606 0.40527880191803 0.398804903030396 0.39324089884758 0.388696789741516 0.383616387844086 0.377635508775711 0.374094188213348 0.371483087539673 0.364826202392578 0.361933887004852
0.367775499820709 0.3697909116745 0.374552309513092 0.375428795814514 -3.4e+38 -3.4e+38 -3.4e+38 -3.4e+38 -3.4e+38 -3.4e+38 -3.4e+38 -3.4e+38 -3.4e+38 -3.4e+38 -3.4e+38 -3.4e+38 -3.4e+38 -3.4e+38 -3.4e+38 -3.4e+38 -3.4e+38 -3.4e+38 0.439282685518265 0.439096987247467 0.438781410455704 0.439553409814835 0.439168989658356 0.438939094543457 0.439064890146255 0.437161207199097 0.433494806289673 0.433076590299606 0.428809195756912 0.423564314842224 0.417815297842026 0.413969486951828 0.409944087266922 0.404342085123062 0.399039089679718 0.394880592823029 0.388494610786438 0.383616596460342 0.377997487783432 0.372505486011505 0.370543986558914 0.367561906576157
0.36933159828186 0.370622605085373 -3.4e+38 0.375012099742889 -3.4e+38 -3.4e+38 -3.4e+38 -3.4e+38 -3.4e+38 -3.4e+38 -3.4e+38 -3.4e+38 -3.4e+38 -3.4e+38 -3.4e+38 -3.4e+38 -3.4e+38 -3.4e+38 -3.4e+38 -3.4e+38 -3.4e+38 -3.4e+38 0.443582087755203 0.442406803369522 0.443269193172455 0.442856311798096 0.442402213811874 0.439772993326187 0.440111190080643 0.441332101821899 0.440031498670578 0.437849491834641 0.436266511678696 0.433486998081207 0.429034411907196 0.420036792755127 0.414720803499222 0.407611101865768 0.402131110429764 0.39690488576889 0.389580011367798 0.386487305164337 0.3828144967556 0.380735397338867 0.376874387264252 0.373428791761398
0.373248696327209 0.372140794992447 0.373638510704041 -3.4e+38 -3.4e+38 -3.4e+38 -3.4e+38 -3.4e+38 -3.4e+38 -3.4e+38 -3.4e+38 -3.4e+38 -3.4e+38 -3.4e+38 -3.4e+38 -3.4e+38 -3.4e+38 -3.4e+38 -3.4e+38 -3.4e+38 0.439848899841309 0.444168210029602 0.447614192962646 0.448208510875702 0.446970790624619 0.4476617872715 0.447881191968918 0.448647886514664 0.449200510978699 0.448614090681076 0.44814521074295 0.44723579287529 0.444302797317505 0.443690896034241 0.436922311782837 0.428862690925598 0.422205805778503 0.41486519575119 0.410706996917725 0.40303099155426 0.396490305662155 0.392450004816055 0.389708191156387 0.386318504810333 0.384848713874817 0.382033705711365
0.375767111778259 0.37613770365715 0.375568509101868 -3.4e+38 -3.4e+38 -3.4e+38 -3.4e+38 -3.4e+38 -3.4e+38 -3.4e+38 -3.4e+38 -3.4e+38 -3.4e+38 -3.4e+38 -3.4e+38 -3.4e+38 -3.4e+38 -3.4e+38 -3.4e+38 0.43671178817749 0.441411286592484 0.447711706161499 0.450154304504395 0.45088928937912 0.453283190727234 0.452718794345856 0.453847706317902 0.453179508447647 0.453668594360352 0.45682281255722 0.454765290021896 0.456402391195297 0.456435203552246 0.451945602893829 0.444474697113037 0.439522802829742 0.431200414896011 0.420462489128113 0.414381712675095 0.408548504114151 0.402254790067673 0.398913204669952 0.394837200641632 0.391979396343231 0.389130592346191 0.388669788837433
0.378241896629333 0.378158509731293 0.378192186355591 0.377294510602951 -3.4e+38 -3.4e+38 -3.4e+38 -3.4e+38 -3.4e+38 -3.4e+38 -3.4e+38 -3.4e+38 -3.4e+38 -3.4e+38 -3.4e+38 -3.4e+38 -3.4e+38 -3.4e+38 0.434716194868088 0.439059495925903 0.446861505508423 0.45207080245018 0.456827789545059 0.459127902984619 0.461281508207321 0.463160991668701 0.462895095348358 0.464314311742783 0.464973300695419 0.464835703372955 0.467320203781128 0.466668903827667 0.464898407459259 0.460288614034653 0.455960512161255 0.445866107940674 0.438602805137634 0.429550498723984 0.423465698957443 0.415542900562286 0.413811504840851 0.408376812934875 0.404349505901337 0.399603188037872 0.395348399877548 0.395187705755234
0.382758289575577 0.380276590585709 0.379915803670883 0.379588007926941 0.379819214344025 -3.4e+38 -3.4e+38 -3.4e+38 0.395241111516953 0.403686612844467 0.409024208784103 0.410136789083481 0.41163170337677 -3.4e+38 0.416808485984802 -3.4e+38 -3.4e+38 -3.4e+38 0.43637079000473 0.443153500556946 0.450588196516037 0.458255887031555 0.466303408145905 0.469470709562302 0.471936613321304 0.473933786153793 0.474192798137665 0.473645210266113 0.475529909133911 0.477560013532639 0.477993488311768 0.477230191230774 0.475645214319229 0.473577499389648 0.467416703701019 0.456233501434326 0.446227610111237 0.437877506017685 0.429841995239258 0.427899599075317 0.421093612909317 0.419095098972321 0.414130985736847 0.410917013883591 0.41034808754921 0.41191628575325
0.386489510536194 0.390457510948181 0.383101791143417 0.382697910070419 0.381139189004898 0.384040296077728 0.391797214746475 0.396255910396576 0.400924801826477 0.408820509910583 0.409717887639999 0.411477714776993 -3.4e+38 0.416731595993042 0.413826793432236 0.41486319899559 0.41957700252533 0.429099410772324 0.438528209924698 0.449474811553955 0.459453493356705 0.470951288938522 0.477412700653076 0.483676314353943 0.484719604253769 0.487093210220337 0.487658888101578 0.484817206859589 0.486731290817261 0.489076495170593 0.489459991455078 0.493692696094513 0.488419592380524 0.484068393707275 0.477327704429626 0.468996495008469 0.462181389331818 0.450815707445145 0.441786885261536 0.434907287359238 0.435055911540985 0.4328253865242 0.428856909275055 0.436166912317276 0.438689112663269 0.436096400022507
0.405846387147903 0.415670901536942 0.405754894018173 0.405422300100327 0.392838209867477 0.387793511152267 0.391840785741806 0.399966806173325 0.404064685106277 0.407944113016129 0.412640511989594 0.41578608751297 -3.4e+38 0.416868299245834 0.414304196834564 0.414966493844986 0.418376505374908 0.434433192014694 0.447974890470505 0.465676188468933 0.475716799497604 0.484556913375854 0.49154469370842 0.499913901090622 0.503857970237732 0.506608426570892 0.505487620830536 0.500376880168915 0.50106281042099 0.505526304244995 0.506050527095795 0.507290005683899 0.507324695587158 0.50278651714325 0.496031194925308 0.48878338932991 0.481319606304169 0.473332196474075 0.461686193943024 0.4480200111866 0.454727590084076 0.458699911832809 0.451134085655212 0.450782686471939 0.483825296163559 0.457772493362427
0.481239497661591 0.445773512125015 0.431563198566437 0.419343411922455 0.397452503442764 -3.4e+38 -3.4e+38 -3.4e+38 -3.4e+38 -3.4e+38 -3.4e+38 -3.4e+38 -3.4e+38 -3.4e+38 -3.4e+38 -3.4e+38 -3.4e+38 0.439994603395462 0.476152986288071 0.501062572002411 0.496134787797928 0.500216782093048 0.516887724399567 0.522961914539337 0.528124094009399 0.530700385570526 0.528562724590302 0.525784611701965 0.526848912239075 0.530551910400391 0.5343878865242 0.535270988941193 0.5338534116745 0.529341101646423 0.524764478206635 0.514353215694427 0.504971921443939 0.495117604732513 0.488395005464554 0.477075785398483 0.470830112695694 0.487585306167603 0.483471393585205 0.47539210319519 0.49378690123558 0.497564285993576
0.417170912027359 -3.4e+38 -3.4e+38 -3.4e+38 -3.4e+38 -3.4e+38 -3.4e+38 -3.4e+38 -3.4e+38 -3.4e+38 -3.4e+38 -3.4e+38 -3.4e+38 -3.4e+38 -3.4e+38 -3.4e+38 -3.4e+38 0.474866211414337 0.495737195014954 0.516751110553741 0.549675405025482 0.551746010780334 0.553908705711365 0.582247972488403 0.583954095840454 0.575474321842194 0.577839374542236 0.571914792060852 0.565992116928101 0.571456611156464 0.569947779178619 0.572158873081207 0.569981217384338 0.568756699562073 0.562276005744934 0.55633407831192 0.543823480606079 0.536107778549194 0.530733287334442 0.524823009967804 0.515585124492645 0.511877477169037 0.507359385490417 0.497437506914139 0.502161204814911 0.520396173000336
