ENMTML/All_vars/Predictors/EUR_only/bio33.asc
NCOLS 440 
NROWS 275 
XLLCORNER -11.5 
YLLCORNER 25.4999999994691 
CELLSIZE 0.166666666666667 
NODATA_value -3.4e+38 
[rows 0 to 19 of 275, columns 184 to 229 of 440]
-3.4e+38 -3.4e+38 -3.4e+38 -3.4e+38 -3.4e+38 -3.4e+38 -3.4e+38 -3.4e+38 -3.4e+38 -3.4e+38 -3.4e+38 -3.4e+38 -3.4e+38 -3.4e+38 -3.4e+38 -3.4e+38 -3.4e+38 -3.4e+38 -3.4e+38 -3.4e+38 -3.4e+38 -3.4e+38 -3.4e+38 -3.4e+38 -3.4e+38 -3.4e+38 -3.4e+38 -3.4e+38 -3.4e+38 -3.4e+38 -3.4e+38 -3.4e+38 -3.4e+38 -3.4e+38 -3.4e+38 -3.4e+38 -3.4e+38 -3.4e+38 -3.4e+38 -3.4e+38 -3.4e+38 -3.4e+38 -3.4e+38 -3.4e+38 -3.4e+38 -3.4e+38
-3.4e+38 -3.4e+38 -3.4e+38 -3.4e+38 -3.4e+38 -3.4e+38 -3.4e+38 -3.4e+38 -3.4e+38 -3.4e+38 -3.4e+38 -3.4e+38 -3.4e+38 -3.4e+38 -3.4e+38 -3.4e+38 -3.4e+38 -3.4e+38 -3.4e+38 -3.4e+38 -3.4e+38 -3.4e+38 -3.4e+38 -3.4e+38 -3.4e+38 -3.4e+38 -3.4e+38 -3.4e+38 -3.4e+38 -3.4e+38 -3.4e+38 -3.4e+38 -3.4e+38 0.750447988510132 -3.4e+38 -3.4e+38 -3.4e+38 0.761145770549774 0.784061074256897 0.766126275062561 0.750858187675476 -3.4e+38 -3.4e+38 -3.4e+38 -3.4e+38 -3.4e+38
-3.4e+38 -3.4e+38 -3.4e+38 -3.4e+38 -3.4e+38 -3.4e+38 -3.4e+38 -3.4e+38 -3.4e+38 -3.4e+38 -3.4e+38 -3.4e+38 -3.4e+38 -3.4e+38 -3.4e+38 -3.4e+38 -3.4e+38 -3.4e+38 -3.4e+38 -3.4e+38 -3.4e+38 -3.4e+38 -3.4e+38 -3.4e+38 -3.4e+38 -3.4e+38 -3.4e+38 -3.4e+38 -3.4e+38 0.754142701625824 -3.4e+38 -3.4e+38 0.775920271873474 0.794139921665192 0.761968314647675 0.761377513408661 -3.4e+38 0.741713285446167 0.775820970535278 0.704055428504944 -3.4e+38 -3.4e+38 -3.4e+38 0.780899524688721 0.758222579956055 -3.4e+38
-3.4e+38 -3.4e+38 -3.4e+38 -3.4e+38 -3.4e+38 -3.4e+38 -3.4e+38 -3.4e+38 -3.4e+38 -3.4e+38 -3.4e+38 -3.4e+38 -3.4e+38 -3.4e+38 -3.4e+38 -3.4e+38 -3.4e+38 -3.4e+38 -3.4e+38 -3.4e+38 -3.4e+38 0.787380278110504 -3.4e+38 0.753577709197998 0.759284973144531 0.755234181880951 -3.4e+38 0.75794792175293 0.755586087703705 -3.4e+38 -3.4e+38 0.76055908203125 0.742139279842377 0.794601023197174 0.823180615901947 0.814407527446747 0.779686689376831 0.73888087272644 0.71742981672287 0.678183376789093 -3.4e+38 0.7008917927742 0.788119375705719 0.779496073722839 0.74990439414978 -3.4e+38
-3.4e+38 -3.4e+38 -3.4e+38 -3.4e+38 -3.4e+38 -3.4e+38 -3.4e+38 -3.4e+38 -3.4e+38 -3.4e+38 -3.4e+38 -3.4e+38 -3.4e+38 -3.4e+38 -3.4e+38 -3.4e+38 -3.4e+38 0.727236688137054 0.743071377277374 0.784405291080475 0.757137775421143 0.766555070877075 0.774841010570526 0.756676912307739 -3.4e+38 0.749056994915009 0.714129626750946 0.793555080890656 0.803317308425903 0.742530882358551 0.805247485637665 0.852189600467682 0.759880423545837 0.751554787158966 0.765639126300812 0.773610889911652 0.763079881668091 -3.4e+38 -3.4e+38 -3.4e+38 0.664303421974182 0.708584010601044 0.725625813007355 0.751151025295258 0.676705777645111 -3.4e+38
-3.4e+38 -3.4e+38 -3.4e+38 -3.4e+38 -3.4e+38 -3.4e+38 -3.4e+38 -3.4e+38 -3.4e+38 -3.4e+38 -3.4e+38 -3.4e+38 -3.4e+38 -3.4e+38 -3.4e+38 -3.4e+38 -3.4e+38 -3.4e+38 -3.4e+38 -3.4e+38 0.77547961473465 -3.4e+38 0.80304491519928 0.870856523513794 0.870908319950104 0.831670224666595 0.779867470264435 0.787675023078918 0.80796867609024 0.840749025344849 0.790528297424316 0.781869828701019 0.77308052778244 0.764468610286713 0.748085677623749 0.6970055103302 -3.4e+38 -3.4e+38 0.643211483955383 0.655657410621643 0.668456077575684 0.71392148733139 0.731708288192749 0.675977826118469 0.614678025245667 0.652894616127014
-3.4e+38 -3.4e+38 0.881635427474976 0.839253485202789 -3.4e+38 -3.4e+38 -3.4e+38 -3.4e+38 0.787160277366638 0.836731672286987 -3.4e+38 -3.4e+38 0.738584995269775 0.783261895179749 0.772899925708771 0.771374821662903 0.856668770313263 0.849385619163513 0.786179304122925 0.832901895046234 0.833703219890594 0.831786572933197 0.769084811210632 -3.4e+38 0.800037682056427 0.751782715320587 0.799092471599579 0.840833306312561 0.821347296237946 0.777440011501312 0.787853181362152 0.801290988922119 0.789151906967163 0.761001825332642 0.696515381336212 0.645478010177612 -3.4e+38 0.701423287391663 0.697532415390015 0.750375270843506 0.7091463804245 0.69443678855896 0.673510789871216 0.705800294876099 0.689845621585846 0.667480528354645
0.88319057226181 0.876028776168823 -3.4e+38 0.858381390571594 0.840612888336182 -3.4e+38 -3.4e+38 0.838774919509888 0.806685924530029 0.813062310218811 0.745900511741638 -3.4e+38 -3.4e+38 0.750072419643402 0.800942599773407 0.865041315555573 0.843698680400848 0.847616910934448 0.799881875514984 0.809288620948792 0.849196076393127 0.84105908870697 0.753115475177765 -3.4e+38 0.734878778457642 0.769260823726654 0.785094678401947 0.838923692703247 0.857992112636566 0.798986911773682 0.773267924785614 0.812176287174225 0.822677075862885 0.755504071712494 0.673240482807159 0.607455015182495 0.711304605007172 0.803868174552917 0.774438202381134 0.733297526836395 0.772269725799561 0.74242091178894 0.800741374492645 0.768872618675232 0.715749204158783 0.687411308288574
0.917679905891418 0.875167489051819 0.872325301170349 0.851264476776123 -3.4e+38 0.775734901428223 0.870798528194427 -3.4e+38 0.782604217529297 0.779998779296875 0.731396317481995 0.687806129455566 0.757007420063019 0.789258420467377 0.776411473751068 0.697673380374908 0.719683527946472 0.791253626346588 0.853943705558777 0.889912128448486 0.905354619026184 0.865507125854492 0.825440585613251 0.717016875743866 0.675929486751556 0.696748375892639 0.760811328887939 0.798318922519684 0.820712685585022 0.803315281867981 0.791730225086212 0.864399611949921 0.897266924381256 0.869762420654297 0.663232624530792 0.631568312644958 0.700756072998047 0.739498913288116 0.697066128253937 0.736090779304504 0.765345096588135 0.723344087600708 0.683995187282562 0.621104001998901 0.641064405441284 0.616177201271057
0.883585810661316 0.910666584968567 0.909023821353912 0.802401781082153 0.772676825523376 0.937268614768982 0.876301884651184 -3.4e+38 0.866160809993744 0.80295741558075 0.849855482578278 0.701907277107239 0.761846780776978 0.919951379299164 0.91925722360611 0.824576616287231 0.792121529579163 0.755395889282227 0.799323320388794 0.857895910739899 0.887807607650757 0.845931828022003 0.837719023227692 0.805257081985474 0.775406718254089 0.778262317180634 0.789817690849304 0.780449271202087 0.799888908863068 0.796110510826111 0.769671082496643 0.782275676727295 0.800808489322662 0.758672475814819 0.676156222820282 0.629804015159607 0.610864102840424 0.606466472148895 0.607853174209595 0.610553979873657 0.586696684360504 0.5972540974617 0.599286079406738 0.624131083488464 0.612871587276459 0.595841526985168
0.898297905921936 0.938534319400787 0.869077324867249 0.837692975997925 0.92450612783432 0.912398993968964 0.736061990261078 0.811190724372864 0.802638113498688 0.902234077453613 0.935198485851288 0.894576072692871 0.755940318107605 0.870330095291138 0.969281613826752 0.918392419815063 0.971188604831696 0.956032812595367 0.915697574615479 0.852741301059723 0.863875091075897 0.861966371536255 0.874894917011261 0.859269917011261 0.813535690307617 0.77864021062851 0.782511174678802 0.773756206035614 0.788949310779572 0.750620484352112 0.745431125164032 0.73364782333374 0.734762072563171 0.730467975139618 0.685856819152832 0.636245429515839 0.599221229553223 0.579392373561859 0.563373327255249 0.537095487117767 0.544223427772522 0.589877128601074 0.602163374423981 0.623753905296326 0.59088522195816 0.581643581390381
0.893433511257172 0.92553448677063 0.823427081108093 0.942477524280548 0.967325687408447 0.866326987743378 0.716330528259277 0.93303257226944 0.889133989810944 0.980938792228699 0.886016726493835 0.919336080551147 0.878942787647247 0.844028174877167 0.82059109210968 0.822355628013611 0.866686403751373 0.884930074214935 0.899742484092712 0.838636219501495 0.80165708065033 0.826405227184296 0.860718905925751 0.805467784404755 0.781446516513824 0.773627519607544 0.739227473735809 0.750490784645081 0.752631187438965 0.730219423770905 0.699987828731537 0.70081502199173 0.686348974704742 0.671948075294495 0.634650886058807 0.590894818305969 0.568635702133179 0.547369420528412 0.528932511806488 0.512735724449158 0.539493083953857 0.566421985626221 0.574234485626221 0.584271609783173 0.569693028926849 0.564750909805298
0.771178305149078 0.827015519142151 0.863004624843597 0.878862917423248 0.786891281604767 0.916028082370758 0.949456870555878 0.856715083122253 0.846613228321075 0.904356122016907 0.95454078912735 0.937390923500061 0.939119219779968 0.916484296321869 0.876857399940491 0.850490510463715 0.791139483451843 0.78816157579422 0.806202471256256 0.7951819896698 0.763896584510803 0.746202886104584 0.791518092155457 0.780774712562561 0.758167624473572 0.741645812988281 0.702161371707916 0.709173798561096 0.715030074119568 0.72917777299881 0.713689684867859 0.687261819839478 0.674023389816284 0.631763577461243 0.620198488235474 0.607143580913544 0.59381890296936 0.56497997045517 0.525398075580597 0.516312718391418 0.550807476043701 0.580085098743439 0.567070126533508 0.560248911380768 0.563094794750214 0.540951609611511
0.756193697452545 0.817170798778534 0.861285924911499 0.908004581928253 0.945387423038483 0.90083521604538 0.878327071666718 0.859788417816162 0.86311137676239 0.742404520511627 0.824312925338745 0.872062623500824 0.87503582239151 0.805569589138031 0.786746919155121 0.780075311660767 0.775654375553131 0.760299682617188 0.749791026115417 0.749068081378937 0.750572919845581 0.717396914958954 0.706369400024414 0.693594872951508 0.699100077152252 0.722365319728851 0.723138570785522 0.705425322055817 0.714875817298889 0.701302170753479 0.674785017967224 0.665208697319031 0.650155603885651 0.637660205364227 0.648921728134155 0.611988604068756 0.576327681541443 0.54714161157608 0.524288475513458 0.517518520355225 0.54540491104126 0.572828829288483 0.569736003875732 0.570592224597931 0.560880124568939 0.557481527328491
0.8906329870224 0.852636218070984 0.753411829471588 0.810785889625549 0.888145208358765 0.910983383655548 0.862516820430756 0.825325310230255 0.794312477111816 0.753974616527557 0.715676486492157 0.760421395301819 0.785662472248077 0.793775677680969 0.785409212112427 0.769589006900787 0.737005174160004 0.712941825389862 0.707013309001923 0.719334483146667 0.71854567527771 0.702496588230133 0.681828320026398 0.678703606128693 0.69737720489502 0.711081087589264 0.731021881103516 0.724251925945282 0.706200480461121 0.6911740899086 0.677308917045593 0.668563485145569 0.65542072057724 0.644522190093994 0.626349270343781 0.607407510280609 0.580338418483734 0.551379024982452 0.537132382392883 0.520216703414917 0.527983129024506 0.535033822059631 0.530009210109711 0.520331382751465 0.516378223896027 0.515962779521942
0.943282723426819 0.897053182125092 0.877374172210693 0.793050825595856 0.868966519832611 0.876816987991333 0.878381013870239 0.820744216442108 0.805647909641266 0.795447707176208 0.798805773258209 0.76699697971344 0.722512006759644 0.710067689418793 0.746895790100098 0.764164984226227 0.741789221763611 0.727924406528473 0.692479074001312 0.696517586708069 0.712342381477356 0.708626985549927 0.692276179790497 0.68795120716095 0.675797879695892 0.68519538640976 0.690365314483643 0.699203729629517 0.696228682994843 0.703146874904633 0.69707852602005 0.691942989826202 0.67719292640686 0.649607479572296 0.630245387554169 0.59697961807251 0.586973011493683 0.568647980690002 0.555997490882874 0.591142475605011 0.57037627696991 0.555282175540924 0.535323798656464 0.532406985759735 0.55760258436203 0.558461308479309
0.816191077232361 0.832601189613342 0.855495572090149 0.797331273555756 0.796831786632538 0.832902073860168 0.813488483428955 0.800434112548828 0.766880512237549 0.750682413578033 0.738644480705261 0.734863817691803 0.740185678005219 0.744760274887085 0.721321821212769 0.684477984905243 0.673547625541687 0.678325295448303 0.645236790180206 0.650427401065826 0.669409215450287 0.670307874679565 0.665570080280304 0.671740472316742 0.666061282157898 0.652328729629517 0.666476786136627 0.698334515094757 0.672309219837189 0.663999795913696 0.667756915092468 0.655150294303894 0.654400885105133 0.643731474876404 0.635066092014313 0.609237790107727 0.585590481758118 0.591116905212402 0.580282509326935 0.581633388996124 0.59521472454071 0.587429821491241 0.584911704063416 0.587973415851593 0.587854325771332 0.589106798171997
0.774864971637726 0.861243903636932 0.787237286567688 0.718449711799622 0.752344310283661 0.759400010108948 0.767343580722809 0.77716737985611 0.777224123477936 0.75144237279892 0.719716727733612 0.71230161190033 0.711517512798309 0.694769680500031 0.687137484550476 0.697365820407867 0.668882489204407 0.638907611370087 0.630195617675781 0.628332912921906 0.629713594913483 0.630229413509369 0.628652811050415 0.631925225257874 0.628209471702576 0.632965624332428 0.629187524318695 0.632362484931946 0.623413622379303 0.62226790189743 0.616097927093506 0.621048510074615 0.617849886417389 0.626268923282623 0.61400318145752 0.605790078639984 0.597169816493988 0.583391785621643 0.581613481044769 0.575762927532196 0.568263173103333 0.568009376525879 0.576982915401459 0.571259319782257 0.574922621250153 0.577583611011505
0.758727073669434 0.710495293140411 0.658417224884033 0.662542998790741 0.653295576572418 0.665246188640594 0.712488412857056 0.745441377162933 0.735733211040497 0.727232575416565 0.729346215724945 0.717697083950043 0.701066315174103 0.662831485271454 0.667341291904449 0.666951477527618 0.652651071548462 0.651121318340302 0.651897072792053 0.657477080821991 0.642960906028748 0.624611973762512 0.617669284343719 0.601329386234283 0.610600292682648 0.618555724620819 0.625926375389099 0.673180401325226 0.642838299274445 0.608681976795197 0.61931037902832 0.618577480316162 0.60791140794754 0.608296871185303 0.595493793487549 0.611611008644104 0.600285410881042 0.595766425132751 0.587814688682556 0.585376381874084 0.580247282981873 0.579138815402985 0.581987380981445 0.583110690116882 0.58159202337265 0.583039224147797
0.775977313518524 0.774378299713135 0.743477284908295 0.685605227947235 0.682097613811493 0.686089217662811 0.673543810844421 0.677166223526001 0.690037310123444 0.687932014465332 0.692556619644165 0.687823712825775 0.695061385631561 0.667780995368958 0.638928592205048 0.631383180618286 0.642876088619232 0.651742517948151 0.64561539888382 0.652834296226501 0.663421988487244 0.641358375549316 0.61749792098999 0.603744983673096 0.600724875926971 0.594389677047729 0.591426610946655 0.601827919483185 0.619437873363495 0.642872512340546 0.595401704311371 0.590196311473846 0.579014003276825 0.57470041513443 0.577324509620667 0.576112687587738 0.57317978143692 0.580074071884155 0.58470207452774 0.592468678951263 0.58553022146225 0.57753199338913 0.582182228565216 0.586355209350586 0.58638072013855 0.59035587310791
