ENMTML/All_vars/Predictors/EUR_only/bio31.asc
NCOLS 411 
NROWS 214 
XLLCORNER -11.5 
YLLCORNER 35.666666666112 
CELLSIZE 0.166666666666667 
NODATA_value -3.4e+38 
[rows 140 to 159 of 214, columns 230 to 275 of 411]
0.108700700104237 0.114671103656292 0.126780793070793 0.140592500567436 0.152667105197906 0.163168206810951 0.171623796224594 0.180494293570518 0.191526293754578 0.194709897041321 0.204681396484375 0.213637098670006 0.223859801888466 0.226514101028442 0.231369897723198 0.236180394887924 0.241262301802635 0.24728949368 0.253478586673737 0.259944289922714 0.267397910356522 0.273839205503464 0.285621106624603 0.293829292058945 0.296792209148407 0.295453697443008 0.295630007982254 0.294530898332596 0.290582597255707 0.290190100669861 0.290671110153198 0.290641486644745 0.287712901830673 0.285627692937851 0.285957306623459 0.285993009805679 0.292304396629333 0.295086413621902 0.294920891523361 0.300889700651169 0.304706186056137 0.307153701782227 0.313731908798218 0.317458003759384 0.326222509145737 0.339533895254135
0.10081209987402 0.111176401376724 0.123430900275707 0.136457696557045 0.146730795502663 0.162879899144173 0.170072004199028 0.180189400911331 0.191141605377197 0.202591598033905 0.20853179693222 0.21540279686451 0.225330799818039 0.232281193137169 0.2373998016119 0.239993393421173 0.245961293578148 0.250376105308533 0.257741302251816 0.261477500200272 0.268080502748489 0.275593310594559 0.286736190319061 0.290982395410538 0.295686006546021 0.29775470495224 0.295935213565826 0.296033591032028 0.293004810810089 0.295288294553757 0.295653790235519 0.291067987680435 0.290430307388306 0.285752087831497 0.287349492311478 0.286013007164001 0.291066497564316 0.292321503162384 0.29577100276947 0.298851102590561 0.301513493061066 0.303968399763107 0.314392596483231 0.31791740655899 0.325544685125351 0.333627790212631
0.0965058729052544 0.10721430182457 0.119487300515175 0.133025497198105 0.147447198629379 0.160780802369118 0.169561803340912 0.184533402323723 0.195844396948814 0.202207505702972 0.214983806014061 0.222021996974945 0.229303598403931 0.236840203404427 0.241819500923157 0.248266696929932 0.24736599624157 0.251575291156769 0.256855905056 0.262604892253876 0.273300588130951 0.276944696903229 0.283960312604904 0.292111903429031 0.299524813890457 0.29797089099884 0.299544602632523 0.301136314868927 0.300005614757538 0.298288911581039 0.297846287488937 0.295080006122589 0.292237102985382 0.289589405059814 0.288631796836853 0.287247896194458 0.288617014884949 0.291195213794708 0.294508397579193 0.296430885791779 0.301575899124146 0.306555300951004 0.310521990060806 0.314843595027924 0.318829208612442 0.328779101371765
0.0909728929400444 0.10142669826746 0.11676099896431 0.133423998951912 0.147778004407883 0.163293898105621 0.174014002084732 0.185920894145966 0.195418700575829 0.20553269982338 0.214692801237106 0.227801099419594 0.233730301260948 0.241707995533943 0.246185600757599 0.249799698591232 0.25184640288353 0.257517009973526 0.260338395833969 0.263712614774704 0.270614087581635 0.277642488479614 0.286173492670059 0.293925493955612 0.294500410556793 0.29973641037941 0.300462305545807 0.303308308124542 0.301925808191299 0.30163100361824 0.301732987165451 0.29529470205307 0.292886108160019 0.291372507810593 0.286502093076706 0.286803603172302 0.289693087339401 0.287389189004898 0.292132914066315 0.294973313808441 0.300428599119186 0.305589914321899 0.30693531036377 0.311441212892532 0.321363508701324 0.32848259806633
0.0904501974582672 0.0959987118840218 0.110508099198341 0.129224896430969 0.146461293101311 0.163066804409027 0.175169304013252 0.185094594955444 0.197259098291397 0.207804694771767 0.217948496341705 0.226743996143341 0.239340096712112 0.247551307082176 0.251035988330841 0.252028107643127 0.252796590328217 0.255651205778122 0.25833448767662 0.265765607357025 0.272295892238617 0.279469311237335 0.28831160068512 0.295021295547485 0.297032386064529 0.299978703260422 0.30293071269989 0.304767400026321 0.307462006807327 0.303544402122498 0.303875595331192 0.297778308391571 0.294440299272537 0.288551211357117 0.28754460811615 0.285270810127258 0.285592794418335 0.285511612892151 0.29227539896965 0.296505600214005 0.29900911450386 0.303185999393463 0.30574169754982 0.312721192836761 0.321365088224411 0.332085907459259
0.0843167528510094 0.0926418825984001 0.106840297579765 0.130231693387032 0.148534506559372 0.165318101644516 0.177355900406837 0.185636892914772 0.196476504206657 0.205653503537178 0.217290595173836 0.232903897762299 0.246081605553627 0.252830296754837 0.256496399641037 0.255477398633957 0.252137303352356 0.253787785768509 0.255996495485306 0.262154787778854 0.26963010430336 0.279511213302612 0.287984013557434 0.296351194381714 0.29577648639679 0.301158607006073 0.301170587539673 0.30523869395256 0.305367112159729 0.306343704462051 0.303723096847534 0.298293590545654 0.293583512306213 0.286181688308716 0.285968095064163 0.285859614610672 0.281292706727982 0.287075400352478 0.289065986871719 0.290999710559845 0.296626895666122 0.299662590026855 0.30952650308609 0.316849112510681 0.317458003759384 0.326506108045578
0.0781905204057693 0.0894636362791061 0.104642502963543 0.126709192991257 0.145503401756287 0.161286696791649 0.175369501113892 0.187160402536392 0.203563407063484 0.210165202617645 0.219460695981979 0.231931298971176 0.246489495038986 0.254557013511658 0.254290610551834 0.256383806467056 0.253985911607742 0.254998505115509 0.256114393472672 0.25948628783226 0.268484205007553 0.280555814504623 0.290405511856079 0.294120401144028 0.300503790378571 0.302489191293716 0.30240198969841 0.304337412118912 0.302018612623215 0.303938299417496 0.298137813806534 0.294014811515808 0.288953989744186 0.284195005893707 0.282754212617874 0.28132438659668 0.27925369143486 0.283590108156204 0.286977291107178 0.290863394737244 0.295917212963104 0.302743196487427 0.305828988552094 0.313750714063644 0.316154509782791 0.322303593158722
0.0788458213210106 0.0928479880094528 0.107701800763607 0.126436695456505 0.146961197257042 0.162315607070923 0.176169693470001 0.191426604986191 0.205043494701385 0.214066594839096 0.225231096148491 0.23576520383358 0.241564601659775 0.249953001737595 0.253667205572128 0.253769993782043 0.249831795692444 0.253319889307022 0.252176105976105 0.257861107587814 0.271793514490128 0.285108387470245 0.291990399360657 0.299223303794861 0.303453713655472 0.306763797998428 0.302215307950974 0.303628087043762 0.300506412982941 0.295881509780884 0.29376021027565 0.287318289279938 0.284380793571472 0.281764090061188 0.277240097522736 0.277984887361526 0.275088906288147 0.277989685535431 0.283425599336624 0.28667140007019 0.294043302536011 0.300837010145187 0.30948731303215 0.311426609754562 0.31677919626236 0.319392502307892
0.0889753326773643 0.0974906608462334 0.111031703650951 0.129123106598854 0.146271899342537 0.166297495365143 0.18058979511261 0.194538995623589 0.204885601997375 0.214967995882034 0.226318806409836 0.234928399324417 0.242667496204376 0.246377006173134 0.248859703540802 0.245964601635933 0.248716101050377 0.254468590021133 0.255376905202866 0.263857811689377 0.27514910697937 0.287444800138474 0.299292385578156 0.303611099720001 0.303288906812668 0.305985897779465 0.302067011594772 0.303688287734985 0.300599485635757 0.296476691961288 -3.4e+38 0.283847510814667 0.280198901891708 0.277056813240051 0.277640610933304 0.271658390760422 0.274021595716476 0.280265212059021 0.279291898012161 0.288579195737839 0.297505289316177 0.302872896194458 0.307583004236221 0.313265800476074 0.313080310821533 0.317176908254623
0.0981426984071732 0.10574109852314 0.120462402701378 0.135621801018715 0.152724504470825 0.167913198471069 0.18051689863205 0.194985806941986 0.209743902087212 0.219353392720222 0.228753298521042 0.235324203968048 0.238918006420135 0.242138803005219 0.245976895093918 0.24782620370388 0.248129799962044 0.248145192861557 0.254510194063187 0.264425694942474 0.27217909693718 0.287485599517822 0.302815914154053 0.306873589754105 -3.4e+38 -3.4e+38 -3.4e+38 -3.4e+38 -3.4e+38 -3.4e+38 0.28801229596138 0.287380695343018 0.280091285705566 0.277344793081284 0.276831388473511 0.273922204971313 0.273918092250824 0.272463202476501 0.276566088199615 0.286344707012177 0.293939501047134 0.304149508476257 0.315207600593567 0.311035007238388 0.317162185907364 0.31882518529892
0.103749997913837 0.116892099380493 0.131383404135704 0.146174103021622 0.158919006586075 0.173173606395721 0.185856103897095 0.199468106031418 0.215154007077217 0.225222304463387 0.232191398739815 0.238167598843575 0.244325906038284 0.242883294820786 0.245064094662666 0.241206303238869 0.239330306649208 0.245796203613281 0.250595510005951 0.259126514196396 0.270745813846588 0.284807711839676 0.295648187398911 -3.4e+38 -3.4e+38 -3.4e+38 -3.4e+38 -3.4e+38 -3.4e+38 -3.4e+38 0.286811709403992 0.287771314382553 0.280978411436081 0.280119806528091 0.275829195976257 0.277216613292694 0.27378261089325 0.271099597215652 0.272155493497849 0.280447512865067 0.292269498109818 0.304222196340561 0.308405011892319 0.310874402523041 0.31180340051651 0.312567412853241
0.113482899963856 0.124837897717953 0.141467601060867 0.152193292975426 0.164500296115875 0.17994450032711 0.194858893752098 0.203749194741249 0.216683804988861 0.22699710726738 0.235254496335983 0.240686804056168 0.244195699691772 0.243848502635956 0.240973696112633 0.237593695521355 0.235785305500031 0.240154504776001 0.242395892739296 0.249627202749252 0.26230800151825 0.275352090597153 -3.4e+38 -3.4e+38 -3.4e+38 -3.4e+38 -3.4e+38 -3.4e+38 -3.4e+38 -3.4e+38 -3.4e+38 -3.4e+38 -3.4e+38 0.280854105949402 0.276468396186829 0.275091499090195 0.274504393339157 0.270827114582062 -3.4e+38 0.282208800315857 0.296651095151901 0.308918803930283 0.311158299446106 0.309952288866043 0.311113685369492 0.312292993068695
0.120438203215599 0.136727899312973 0.149436697363853 0.158156603574753 0.172747701406479 0.188017696142197 0.198117405176163 0.212713599205017 0.22151130437851 0.230670496821404 0.24145869910717 0.247094497084618 0.249334499239922 0.242085605859756 0.238464802503586 0.232153102755547 0.227630898356438 0.229439601302147 0.234151005744934 0.247010305523872 0.253748893737793 -3.4e+38 -3.4e+38 -3.4e+38 -3.4e+38 -3.4e+38 -3.4e+38 -3.4e+38 -3.4e+38 -3.4e+38 -3.4e+38 -3.4e+38 -3.4e+38 -3.4e+38 -3.4e+38 -3.4e+38 -3.4e+38 -3.4e+38 -3.4e+38 -3.4e+38 0.310523986816406 0.316380590200424 0.325392186641693 0.319686889648438 0.312700092792511 0.311571300029755
0.131752997636795 0.14751809835434 0.159751400351524 0.169650599360466 0.183510705828667 0.195702195167542 0.204820707440376 0.216509997844696 0.230616495013237 0.24039089679718 0.247998595237732 0.252269685268402 0.250859290361404 0.245034903287888 0.236549705266953 0.228695601224899 0.221885398030281 0.222159996628761 0.22680039703846 0.233046993613243 -3.4e+38 -3.4e+38 -3.4e+38 -3.4e+38 -3.4e+38 -3.4e+38 -3.4e+38 -3.4e+38 -3.4e+38 -3.4e+38 -3.4e+38 -3.4e+38 -3.4e+38 -3.4e+38 -3.4e+38 -3.4e+38 -3.4e+38 0.297823995351791 0.298424601554871 0.305955111980438 0.321067899465561 0.335899204015732 0.351937502622604 0.34471321105957 0.326843589544296 0.318867892026901
0.147970393300056 0.161682099103928 0.167080298066139 0.178557902574539 0.190581798553467 0.198776304721832 0.216673702001572 0.22209370136261 0.23466069996357 0.243650004267693 0.252681791782379 0.260524898767471 0.260133892297745 0.246586099267006 0.234051406383514 0.223957702517509 0.208692595362663 -3.4e+38 -3.4e+38 -3.4e+38 -3.4e+38 -3.4e+38 -3.4e+38 -3.4e+38 -3.4e+38 -3.4e+38 -3.4e+38 -3.4e+38 -3.4e+38 -3.4e+38 -3.4e+38 -3.4e+38 -3.4e+38 -3.4e+38 -3.4e+38 0.30389279127121 0.297580301761627 0.299670100212097 0.306213110685349 0.31846758723259 0.336577087640762 0.36048549413681 0.384410798549652 0.390984803438187 0.386263698339462 0.363167405128479
0.160939693450928 0.173952400684357 0.17814989387989 0.187452405691147 0.197535499930382 0.206399500370026 0.217976093292236 0.231600403785706 0.236640498042107 0.243899494409561 0.257137894630432 0.268415212631226 0.266054302453995 0.248510003089905 0.227176606655121 0.208962693810463 0.19692899286747 0.198304995894432 -3.4e+38 -3.4e+38 -3.4e+38 -3.4e+38 -3.4e+38 -3.4e+38 -3.4e+38 -3.4e+38 -3.4e+38 -3.4e+38 -3.4e+38 -3.4e+38 -3.4e+38 -3.4e+38 -3.4e+38 -3.4e+38 0.308460295200348 0.30858188867569 0.306773990392685 0.308859914541245 0.313126713037491 0.325180888175964 0.341695606708527 0.372363597154617 0.389018505811691 0.400517791509628 0.399456411600113 0.388121098279953
0.176283299922943 0.18184369802475 0.188431993126869 0.193525895476341 0.204078793525696 0.214733496308327 0.222062900662422 0.233125895261765 0.243739306926727 0.248928397893906 0.256163686513901 0.261637300252914 0.257665306329727 0.240737706422806 0.221966505050659 0.201258406043053 0.185771495103836 0.181309804320335 -3.4e+38 -3.4e+38 -3.4e+38 -3.4e+38 -3.4e+38 -3.4e+38 -3.4e+38 -3.4e+38 -3.4e+38 -3.4e+38 -3.4e+38 -3.4e+38 -3.4e+38 -3.4e+38 -3.4e+38 -3.4e+38 -3.4e+38 -3.4e+38 -3.4e+38 0.309236198663712 0.314357310533524 0.320302814245224 0.338772803544998 0.36467769742012 0.383578985929489 0.389721512794495 0.390355587005615 0.383504211902618
0.191764906048775 0.193528294563293 0.199103698134422 0.20667490363121 0.212372094392776 0.215694695711136 0.227646693587303 0.232808798551559 0.239726096391678 0.247673705220222 0.252899497747421 0.257468789815903 0.25150129199028 0.237963795661926 0.221998006105423 0.200911402702332 0.186015903949738 -3.4e+38 -3.4e+38 -3.4e+38 -3.4e+38 -3.4e+38 -3.4e+38 -3.4e+38 -3.4e+38 -3.4e+38 -3.4e+38 -3.4e+38 -3.4e+38 -3.4e+38 -3.4e+38 -3.4e+38 -3.4e+38 -3.4e+38 -3.4e+38 -3.4e+38 -3.4e+38 -3.4e+38 -3.4e+38 -3.4e+38 0.342516899108887 0.357729494571686 0.369702011346817 0.370340794324875 0.367776393890381 0.363194495439529
0.205165296792984 0.203730404376984 0.207290306687355 0.211629599332809 0.217032104730606 0.222132802009583 0.226244196295738 0.230720907449722 0.238681092858315 0.244992107152939 0.249079197645187 0.24774070084095 0.245641499757767 0.233435094356537 0.225275501608849 0.212701097130775 0.200480401515961 -3.4e+38 -3.4e+38 -3.4e+38 -3.4e+38 -3.4e+38 -3.4e+38 -3.4e+38 -3.4e+38 -3.4e+38 -3.4e+38 -3.4e+38 -3.4e+38 -3.4e+38 -3.4e+38 -3.4e+38 -3.4e+38 -3.4e+38 -3.4e+38 -3.4e+38 -3.4e+38 -3.4e+38 -3.4e+38 -3.4e+38 0.349706500768661 0.35382279753685 0.355686813592911 0.35177931189537 0.344643592834473 0.3187255859375
0.218967393040657 0.213269606232643 0.214204400777817 0.215816006064415 0.217468798160553 0.222148597240448 0.227109506726265 0.235013604164124 0.240562498569489 0.243368297815323 0.242650404572487 0.245070695877075 0.241008102893829 0.236520305275917 -3.4e+38 -3.4e+38 -3.4e+38 -3.4e+38 -3.4e+38 -3.4e+38 -3.4e+38 -3.4e+38 -3.4e+38 -3.4e+38 -3.4e+38 -3.4e+38 -3.4e+38 -3.4e+38 -3.4e+38 -3.4e+38 -3.4e+38 -3.4e+38 -3.4e+38 -3.4e+38 -3.4e+38 -3.4e+38 -3.4e+38 -3.4e+38 -3.4e+38 -3.4e+38 0.357011288404465 0.359477192163467 0.351211994886398 0.339997500181198 0.312416911125183 0.326131403446198
