ENMTML/All_vars/Predictors/EUR_only/bio33.asc
NCOLS 440 
NROWS 275 
XLLCORNER -11.5 
YLLCORNER 25.4999999994691 
CELLSIZE 0.166666666666667 
NODATA_value -3.4e+38 
[rows 180 to 199 of 275, columns 276 to 321 of 440]
0.36311811208725 0.35177880525589 0.343836605548859 0.339801609516144 0.337403804063797 0.339703589677811 0.342497795820236 0.343888193368912 0.352711796760559 0.371058702468872 0.405845493078232 0.430511087179184 0.490702509880066 0.541248917579651 0.61415559053421 -3.4e+38 -3.4e+38 -3.4e+38 -3.4e+38 -3.4e+38 -3.4e+38 -3.4e+38 -3.4e+38 -3.4e+38 -3.4e+38 -3.4e+38 -3.4e+38 -3.4e+38 -3.4e+38 -3.4e+38 -3.4e+38 -3.4e+38 -3.4e+38 -3.4e+38 -3.4e+38 -3.4e+38 -3.4e+38 -3.4e+38 -3.4e+38 1.01843500137329 0.914280414581299 0.661687612533569 0.605106174945831 0.596397817134857 0.558299779891968 0.527792513370514
0.316051512956619 0.314971089363098 0.32317641377449 0.318243592977524 0.319495797157288 0.311394393444061 0.305109202861786 0.308952212333679 0.318437486886978 0.330074191093445 0.347169101238251 0.372786492109299 0.421356290578842 0.463193207979202 0.501155078411102 0.564895510673523 0.651263296604156 0.678991079330444 0.68831729888916 0.667742371559143 -3.4e+38 -3.4e+38 -3.4e+38 -3.4e+38 -3.4e+38 -3.4e+38 -3.4e+38 0.570657312870026 0.560575604438782 0.541640818119049 -3.4e+38 -3.4e+38 -3.4e+38 -3.4e+38 -3.4e+38 -3.4e+38 1.00307703018188 0.980876088142395 0.87588232755661 0.674471318721771 0.532421112060547 0.577279090881348 0.554570376873016 0.480579614639282 0.478039085865021 0.466000199317932
0.294777095317841 0.290844112634659 0.286039590835571 0.299269497394562 0.29132491350174 0.28971341252327 0.277298510074615 0.280444592237473 0.297812193632126 0.303074806928635 0.312601089477539 0.325740098953247 0.353750795125961 0.36337611079216 0.376882612705231 0.410711705684662 0.450980603694916 0.519984602928162 0.518348813056946 0.53635311126709 0.590733706951141 0.55542129278183 0.619613289833069 0.628041088581085 0.581910908222198 0.553735017776489 0.51924592256546 0.444183111190796 0.424710005521774 0.412431985139847 0.459206193685532 0.509444296360016 0.551709175109863 0.647564172744751 0.732906877994537 0.822395384311676 0.627941906452179 0.489332497119904 0.462666302919388 0.482608705759048 0.532407701015472 0.46208131313324 0.433253288269043 0.426756113767624 0.476693093776703 0.490150600671768
0.280742913484573 0.274749010801315 0.273296296596527 0.278246313333511 0.261556595563889 0.249164804816246 0.247005596756935 0.248388007283211 0.277287185192108 0.279169887304306 0.278252393007278 0.300033807754517 0.313744604587555 0.319726586341858 0.325892299413681 0.337113589048386 0.350335389375687 0.390803307294846 0.385744988918304 0.411088913679123 0.396427512168884 0.379950106143951 0.394882500171661 0.426336497068405 0.394026100635529 0.382266700267792 0.36814421415329 0.346352010965347 0.337901502847672 0.343112200498581 0.361501604318619 0.356884390115738 0.394716799259186 0.406185209751129 0.441566407680511 0.415110409259796 0.407860994338989 0.439035594463348 0.498022496700287 0.494933813810349 0.441340893507004 0.40790781378746 0.396425098180771 0.384290397167206 0.373176991939545 0.387921899557114
0.248402193188667 0.26152640581131 0.250318795442581 0.259332805871964 0.243835404515266 0.238670393824577 0.222343504428864 0.22331939637661 0.242015898227692 0.2489854991436 0.270259886980057 0.269501000642776 0.275454491376877 0.287841588258743 0.306495606899261 0.303243190050125 0.309319496154785 0.315547406673431 0.315572708845139 0.322673499584198 0.315254002809525 0.320979386568069 0.318201214075089 0.311607390642166 0.306175798177719 0.312072992324829 0.318837910890579 0.305388510227203 0.299810707569122 0.304697006940842 0.339423805475235 0.350895285606384 0.340607911348343 0.351132303476334 0.354475110769272 0.399560987949371 0.400951087474823 0.419865995645523 0.41192638874054 0.348970890045166 0.379211187362671 0.399250090122223 0.351012110710144 0.398943096399307 0.370087802410126 0.355584800243378
0.24864949285984 0.239281505346298 0.237782999873161 0.237949892878532 0.234663292765617 0.222335696220398 0.213036105036736 0.228495001792908 0.236010506749153 0.223322495818138 0.240061804652214 0.244515404105186 0.254373610019684 0.252332389354706 0.260720193386078 0.272473186254501 0.282408595085144 0.288494497537613 0.288998395204544 0.286741197109222 0.287692010402679 0.287637114524841 0.291924387216568 0.286754995584488 0.277091413736343 0.272408694028854 0.298088312149048 0.323251605033875 0.274382889270782 0.270980805158615 0.27018129825592 0.289210200309753 0.307712495326996 0.301087200641632 0.300586611032486 0.310155093669891 0.312953501939774 0.315333008766174 0.333014190196991 0.384216696023941 0.421337604522705 0.341386914253235 0.369091987609863 0.383572101593018 0.340807408094406 0.403459191322327
0.234175696969032 0.236438199877739 0.22981770336628 0.232109099626541 0.221048593521118 0.214437797665596 0.218100801110268 0.219742506742477 0.211185693740845 0.212296903133392 0.215933993458748 0.227554306387901 0.232510104775429 0.244282007217407 0.254716485738754 0.258882194757462 0.260539591312408 0.260550707578659 0.263304889202118 0.267454504966736 0.266414612531662 0.264065206050873 0.262357085943222 0.251945704221725 0.248142898082733 0.251623809337616 0.247574806213379 0.25031578540802 0.25085860490799 0.256657212972641 0.257528096437454 0.262563586235046 0.258587807416916 0.261817991733551 0.269303411245346 0.290529489517212 0.313372492790222 0.32458370923996 0.345394194126129 0.360022991895676 0.409450799226761 0.362325400114059 0.366315811872482 0.375547587871552 0.356190592050552 0.399308502674103
0.220545798540115 0.232026502490044 0.219448402523994 0.23235909640789 0.229415103793144 0.219318494200706 0.212521895766258 0.218602195382118 0.225434094667435 0.221371799707413 0.22092080116272 0.217955395579338 0.229408696293831 0.236099496483803 0.241526499390602 0.25062820315361 0.245906993746758 0.250659197568893 0.24926470220089 0.242055103182793 0.263457089662552 0.236379504203796 0.237713396549225 0.230277806520462 0.223992198705673 0.223471596837044 0.231034502387047 0.232578992843628 0.226838499307632 0.229122802615166 0.23065659403801 0.247132897377014 0.251371800899506 0.26393848657608 0.286134898662567 0.29013329744339 0.300109505653381 0.306560307741165 0.320387899875641 0.317910611629486 0.327471107244492 0.327209889888763 0.359114408493042 0.339924514293671 0.339275896549225 0.291587203741074
0.225971296429634 0.236482098698616 0.231205806136131 0.226872101426125 0.229797497391701 0.222612500190735 0.204220801591873 0.203390002250671 0.206624895334244 0.208408400416374 0.218473494052887 0.22455470263958 0.226432904601097 0.222546100616455 0.225713893771172 0.233904898166656 0.230213493108749 0.223062202334404 0.226349502801895 0.224215894937515 0.220860600471497 0.215569898486137 0.219377398490906 0.232106000185013 0.21586050093174 0.213425502181053 0.225619003176689 0.246669605374336 0.245152905583382 0.232829198241234 0.244605496525764 0.250633805990219 0.236576199531555 0.22755329310894 0.24232380092144 0.258603990077972 0.25403419137001 0.259410589933395 0.276521593332291 0.274478912353516 0.286417007446289 0.311085194349289 0.296287089586258 0.283108502626419 0.278570204973221 0.303497314453125
0.195463106036186 0.222942695021629 0.226842001080513 0.216384798288345 0.210161507129669 0.211822703480721 0.21204000711441 0.205896899104118 0.212728396058083 0.218623206019402 0.219756692647934 0.227877199649811 0.223022595047951 0.205360606312752 0.215745806694031 0.205390602350235 0.210837095975876 0.210988998413086 0.209897696971893 0.206880196928978 0.207900494337082 0.199478194117546 0.193230897188187 0.194395795464516 0.196702599525452 0.209304004907608 0.202246800065041 0.211478799581528 0.22133369743824 0.188192397356033 0.210777103900909 0.263988107442856 0.257499188184738 0.227688297629356 0.209444805979729 0.220671594142914 0.247125804424286 0.275295913219452 0.287391096353531 0.284497499465942 0.339769810438156 0.308734804391861 0.314973205327988 0.304259687662125 0.31658148765564 0.342765808105469
0.193275302648544 0.207920104265213 0.204401597380638 0.202849194407463 0.207722201943398 0.20663920044899 0.211709499359131 0.227711901068687 0.23438349366188 0.241636201739311 0.224185794591904 0.204720601439476 0.202613204717636 0.213194906711578 0.212423905730247 0.204221799969673 0.205198705196381 0.211941599845886 0.208368092775345 0.195379704236984 0.189806804060936 0.17920209467411 0.177263095974922 0.174158796668053 0.174856498837471 0.181832894682884 0.182504206895828 0.200770795345306 0.20453080534935 0.232759594917297 0.217964798212051 0.210828199982643 0.213087201118469 0.221801593899727 0.218127205967903 0.241801500320435 0.240733101963997 0.251647710800171 0.247134298086166 0.292295306921005 0.284800797700882 0.277363300323486 0.283614307641983 0.277673214673996 0.293679505586624 0.292931288480759
0.195662707090378 0.192249000072479 0.199382394552231 0.205391302704811 0.211225405335426 0.206811293959618 0.214619293808937 0.232622906565666 0.237674698233604 0.236622795462608 0.213949501514435 0.20628459751606 0.211591303348541 0.210684403777122 0.210649102926254 0.209608405828476 0.214547693729401 0.209515005350113 0.194262102246284 0.17936010658741 0.168711498379707 0.165925204753876 0.161639302968979 0.165203303098679 0.169598206877708 0.185911506414413 0.240921899676323 0.244260594248772 0.205313801765442 0.213597401976585 0.243777096271515 0.215503796935081 0.208153396844864 0.228608205914497 0.211678504943848 0.205235406756401 0.227173805236816 0.236832305788994 0.256884694099426 0.255355685949326 0.27886500954628 0.305142611265182 0.270499914884567 0.247056901454926 0.268732607364655 0.251404494047165
0.193417906761169 0.191500499844551 0.193083003163338 0.201950401067734 0.202458500862122 0.206807494163513 0.215029895305634 0.233698099851608 0.209653198719025 0.196435794234276 0.209277406334877 0.212582096457481 0.221067205071449 0.217338904738426 0.219638496637344 0.214341506361961 0.207594498991966 0.201426401734352 0.186860606074333 0.181165605783463 0.175469294190407 0.163749903440475 0.15300540626049 0.162682995200157 0.161607801914215 0.189594402909279 0.201581105589867 0.178838595747948 0.189846307039261 0.186076894402504 0.205606400966644 0.19030000269413 0.199507504701614 0.187440305948257 0.17804180085659 0.180373296141624 0.204115197062492 0.230175197124481 0.229398801922798 0.218840599060059 0.225092694163322 0.255059510469437 0.254298806190491 0.23375029861927 0.245677307248116 0.227705493569374
0.188176795840263 0.195367693901062 0.196735799312592 0.194770202040672 0.200427502393723 0.206415802240372 0.211275801062584 0.208336800336838 0.194284498691559 0.203834503889084 0.2191202044487 0.227752700448036 0.221936896443367 0.223057299852371 0.220280095934868 0.211780294775963 0.199939906597137 0.196929603815079 0.189208596944809 0.171494901180267 0.184485197067261 0.181297898292542 0.156113803386688 0.15340730547905 0.144981205463409 0.142063200473785 0.154561802744865 0.166060894727707 0.182681202888489 0.165986597537994 0.159078702330589 0.170469105243683 0.153388500213623 0.159484595060349 0.18299600481987 0.179921299219131 0.193927794694901 0.188212499022484 0.219148501753807 0.226205393671989 0.224993795156479 0.206774994730949 0.20777739584446 0.22546049952507 0.21495920419693 0.211829304695129
0.189797401428223 0.194648295640945 0.199908003211021 0.196238800883293 0.19305819272995 0.197511404752731 0.20073689520359 0.204327702522278 0.208605200052261 0.227294996380806 0.242942199110985 0.233127102255821 0.223832696676254 0.224317103624344 0.222880393266678 0.218612805008888 0.204682797193527 0.188788697123528 0.174323797225952 0.161974295973778 0.154642894864082 0.1592777967453 0.147160798311234 0.143772393465042 0.137084200978279 0.124866403639317 0.12245500087738 0.126816898584366 0.140232399106026 0.161376997828484 0.13815949857235 0.142245694994926 0.135024607181549 0.14678430557251 0.172951102256775 0.157239496707916 0.14917179942131 0.155331403017044 0.15870289504528 0.178644597530365 0.17384859919548 0.17977200448513 0.189238205552101 0.208968505263329 0.211457997560501 0.213751196861267
0.17736080288887 0.180996507406235 0.184566304087639 0.190641596913338 0.190517500042915 0.186500206589699 0.189746797084808 0.218663901090622 0.223022505640984 0.222678199410439 0.235005497932434 0.232894793152809 0.236110895872116 0.244685798883438 0.220912799239159 0.20800469815731 0.190658301115036 0.177244305610657 0.170916900038719 0.162397593259811 0.147769898176193 0.133768498897552 0.126897603273392 0.12260989844799 0.124946802854538 0.128926604986191 0.129300102591515 0.124481096863747 0.128950402140617 0.128572404384613 0.125875398516655 0.132634803652763 0.123433597385883 0.136683493852615 0.143723502755165 0.140995800495148 0.133276894688606 0.161184296011925 0.199557095766068 0.175148397684097 0.171745896339417 0.180776298046112 0.172199502587318 0.174371793866158 0.188599199056625 0.216913104057312
0.183209002017975 0.18802210688591 0.18945649266243 0.195181399583817 0.187356397509575 0.244100093841553 0.229435294866562 0.215732902288437 0.219481900334358 0.220993801951408 0.229613199830055 0.239458501338959 0.235008105635643 0.224550500512123 0.209839895367622 0.209830403327942 0.194387197494507 0.166645601391792 0.149684906005859 0.157170504331589 0.142690896987915 0.122068099677563 0.114344500005245 0.114720799028873 0.124486997723579 0.138142794370651 0.139925301074982 0.122816301882267 0.117860302329063 0.119199000298977 0.129939794540405 0.119738802313805 0.132642492651939 0.144079104065895 0.12468010187149 0.117955401539803 0.130479201674461 0.137815207242966 0.148415505886078 0.150548502802849 0.173314094543457 0.187142506241798 0.191212698817253 0.177929505705833 0.181195199489594 0.186766996979713
0.183722004294395 0.188369497656822 0.19493180513382 0.183505803346634 0.176769405603409 0.199162006378174 0.206542804837227 0.209554493427277 0.214498102664948 0.22902350127697 0.243371993303299 0.231687903404236 0.235790193080902 0.214367896318436 0.181697994470596 0.180230095982552 0.168037101626396 0.167444497346878 0.1528529971838 0.143868803977966 0.135162994265556 0.114406801760197 0.111834198236465 0.111050300300121 0.110764198005199 0.117479301989079 0.123449102044106 0.130129501223564 0.139070197939873 0.131820201873779 0.125170096755028 0.11604580283165 0.100234001874924 0.101752698421478 0.102352701127529 0.103433400392532 0.105447500944138 0.106315203011036 0.110043101012707 0.115195497870445 0.128513693809509 0.145539402961731 0.17930780351162 0.162537306547165 0.181885406374931 0.196797102689743
0.185405001044273 0.176127806305885 0.183163896203041 0.1811792999506 0.174868896603584 0.181766495108604 0.199416905641556 0.204460695385933 0.217333003878593 0.23320460319519 0.214838907122612 0.224628701806068 0.237388104200363 0.204803302884102 0.166480004787445 0.157083794474602 0.147412493824959 0.149325802922249 0.154049396514893 0.167450204491615 0.130733594298363 0.125998392701149 0.127793595194817 0.141477197408676 0.129566594958305 0.126461803913116 0.116196997463703 0.11645569652319 0.116376899182796 0.114485003054142 0.0975624471902847 0.094677172601223 0.0938569232821465 0.0919803306460381 0.0933219864964485 0.0934592187404633 0.0958717465400696 0.103624299168587 0.107765398919582 0.105288997292519 0.10419850051403 0.120384201407433 0.129240199923515 0.136894300580025 0.154471695423126 0.165637597441673
0.217434003949165 0.173729702830315 0.184152096509933 0.192296102643013 0.210803002119064 0.194356307387352 0.204038500785828 0.22333849966526 0.222279697656631 0.216672599315643 0.214770495891571 0.217711701989174 0.199522495269775 0.189805597066879 0.17977100610733 0.150267496705055 0.158318504691124 0.172642201185226 0.160248205065727 0.143186196684837 0.125487893819809 0.148568898439407 0.136471197009087 0.133193701505661 0.118787497282028 0.118105001747608 0.121505901217461 0.1060781031847 0.100986503064632 0.0938973277807236 0.0923079773783684 0.0888133272528648 0.0813605263829231 0.0823963731527328 0.0814976096153259 0.0816673934459686 0.0821077898144722 0.0838963985443115 0.0878188610076904 0.0912841409444809 0.0930163264274597 0.0904336869716644 0.0963839516043663 0.096487358212471 0.103551097214222 0.12619249522686
