ENMTML/All_vars/Predictors/EUR_only/bio32.asc
NCOLS 440 
NROWS 275 
XLLCORNER -11.5 
YLLCORNER 25.4999999994691 
CELLSIZE 0.166666666666667 
NODATA_value -3.4e+38 
[rows 140 to 159 of 275, columns 184 to 229 of 440]
0.979936599731445 0.973349928855896 0.953582286834717 0.937934875488281 0.975291311740875 0.892660617828369 0.83928120136261 0.854102313518524 0.844148218631744 0.830173909664154 0.843107521533966 0.879927515983582 0.918640375137329 0.957180976867676 0.978086471557617 0.986937403678894 0.99201887845993 0.996709823608398 0.999073386192322 0.994259417057037 0.993091523647308 0.991071224212646 0.993510723114014 1.00671398639679 1.02444303035736 1.03958094120026 1.04604804515839 1.04146099090576 1.02775895595551 1.02548897266388 1.03731298446655 1.07856202125549 1.08865797519684 1.09200096130371 1.06619298458099 1.05589497089386 1.05019700527191 1.03620600700378 0.993179619312286 0.919509172439575 0.875059127807617 0.849422514438629 0.810172915458679 0.749957919120789 0.720558226108551 0.706721723079681
0.963985025882721 0.937957525253296 0.898883521556854 0.881668925285339 0.864512205123901 0.832692921161652 0.824544787406921 0.821209311485291 0.816060125827789 0.833037316799164 0.851512372493744 0.880180716514587 0.910953104496002 0.938099384307861 0.970661282539368 0.979638576507568 0.988263070583344 0.993692219257355 0.990598976612091 0.986379086971283 0.983541071414948 0.98038512468338 0.983994901180267 1.00241601467133 1.01981496810913 1.04069495201111 1.04573702812195 1.04175794124603 1.03179895877838 1.02277195453644 1.01265203952789 1.01853895187378 1.05221903324127 1.08072996139526 1.10316801071167 1.08387196063995 1.06559097766876 1.04941403865814 1.03950703144073 1.00495398044586 0.87163907289505 0.837075412273407 0.832095921039581 0.772666275501251 0.724001228809357 0.691128373146057
0.958704471588135 0.933908224105835 0.884258210659027 0.865542411804199 0.839970290660858 0.834818482398987 0.829127728939056 0.822638809680939 0.828277826309204 0.840397775173187 0.856513977050781 0.879580080509186 0.903278827667236 0.928043782711029 0.951076090335846 0.968372881412506 0.980890274047852 0.985195219516754 0.985141575336456 0.980997800827026 0.976610720157623 0.975114822387695 0.988914370536804 1.01045596599579 1.01635801792145 1.02552199363708 1.0376570224762 1.03303599357605 1.02667498588562 1.02731001377106 1.03205394744873 1.01851201057434 1.08094394207001 1.09155905246735 1.10911595821381 1.08297598361969 1.06552398204803 1.05001699924469 1.01759099960327 1.00526094436646 0.918384671211243 0.839788615703583 0.795787215232849 0.771399915218353 0.742570221424103 0.731962203979492
0.917884528636932 0.918912827968597 0.892298698425293 0.863954126834869 0.850101113319397 0.838418483734131 0.838279902935028 0.833882510662079 0.839139997959137 0.852053821086884 0.862371027469635 0.880900621414185 0.899531126022339 0.913391828536987 0.928386092185974 0.962001383304596 0.974714517593384 0.979859471321106 0.982540190219879 0.980615973472595 0.98379248380661 0.984554409980774 0.987642884254456 0.995281219482422 1.00146996974945 1.01689302921295 1.01876699924469 1.01661396026611 1.01198399066925 1.01006996631622 1.01247203350067 1.00654399394989 1.03764200210571 1.0207200050354 1.03667104244232 1.06167900562286 1.05719602108002 1.06183302402496 1.05752503871918 1.02260494232178 0.995659470558167 0.876828610897064 0.792777001857758 0.774430811405182 0.752556025981903 0.766126871109009
0.907082974910736 0.90280669927597 0.903425872325897 0.873496770858765 0.859413385391235 0.847859084606171 0.847831726074219 0.845848917961121 0.849689483642578 0.85552042722702 0.870626986026764 0.882967472076416 0.902501225471497 0.920892119407654 0.937562704086304 0.968540072441101 0.980610013008118 0.981037020683289 0.982781708240509 0.986680686473846 0.980643570423126 0.981586515903473 0.977691173553467 0.981968104839325 0.981239974498749 0.988181710243225 0.990177810192108 0.988243877887726 0.988600313663483 0.978610277175903 0.975528120994568 0.97703218460083 0.97905707359314 0.994295418262482 1.0405809879303 1.06060802936554 1.07402801513672 1.06760394573212 1.06656301021576 1.03884196281433 1.03774499893188 0.990400671958923 0.855714678764343 0.752192378044128 0.736068785190582 0.70486181974411
0.908388316631317 0.906715929508209 0.89885538816452 0.883861184120178 0.870183825492859 0.858640074729919 0.854273974895477 0.853471219539642 0.858173608779907 0.867130398750305 0.876593112945557 0.890858590602875 0.908742010593414 0.92371541261673 0.94905561208725 0.972822725772858 0.983857572078705 0.987730622291565 0.986111283302307 1.00257098674774 1.00500500202179 0.994617223739624 0.984094083309174 0.974376976490021 0.940812110900879 0.943291187286377 0.933249294757843 0.927257478237152 0.905682921409607 0.943661510944366 0.9331915974617 0.948184072971344 0.94426029920578 1.03095304965973 1.06671094894409 1.0766429901123 1.10125994682312 1.06267297267914 1.05954802036285 1.05974400043488 0.986507415771484 0.996229112148285 0.942646324634552 0.783828377723694 0.725687384605408 0.689239978790283
0.914968609809875 0.911578297615051 0.911945283412933 0.898368418216705 0.889558792114258 0.87291431427002 0.863013923168182 0.861442625522614 0.867885112762451 0.875371873378754 0.883918821811676 0.897085011005402 0.91402792930603 0.927606880664825 0.949043691158295 0.971401214599609 0.985747277736664 0.990439713001251 0.991500079631805 1.01269495487213 1.00769197940826 1.01429796218872 0.995008885860443 0.946742117404938 0.907996475696564 0.883331298828125 0.847987473011017 0.817785382270813 0.837063014507294 0.86525970697403 0.886956572532654 0.893225610256195 0.899828016757965 0.887033879756927 0.956594586372375 1.02593898773193 1.04011702537537 0.998081088066101 1.04619598388672 1.03352200984955 1.02650499343872 0.946767508983612 0.883254289627075 0.749813675880432 0.715894818305969 0.699818313121796
0.925677895545959 0.917893171310425 0.917406618595123 0.915348827838898 0.898895919322968 0.887080609798431 0.871219873428345 0.858576774597168 0.866090476512909 0.877198576927185 0.89191722869873 0.908381104469299 0.922855913639069 0.932478189468384 0.947583079338074 0.96381002664566 0.972259700298309 0.972870290279388 0.972735583782196 0.984327673912048 1.03492701053619 1.08291101455688 1.02798902988434 1.01307594776154 0.977902293205261 0.839180529117584 0.807273089885712 0.775847315788269 0.793890476226807 0.813368797302246 0.830579876899719 0.837857604026794 0.830082297325134 0.819020509719849 0.84826648235321 1.03474605083466 1.06967496871948 0.976353228092194 1.01789402961731 1.06714200973511 1.03930795192719 1.03806102275848 1.0149519443512 0.823766112327576 0.685876309871674 0.694575011730194
0.93765127658844 0.931421875953674 0.922154486179352 0.914949715137482 0.903903424739838 0.889577329158783 0.865196228027344 0.865788877010345 0.872862219810486 0.886006772518158 0.899586915969849 0.910560727119446 0.927250385284424 0.94090062379837 0.950409471988678 0.950809001922607 0.966398775577545 0.992516100406647 1.01447296142578 0.975317716598511 1.01493000984192 1.08611905574799 1.07873702049255 1.09366500377655 1.0828230381012 0.979200124740601 0.824216485023499 0.760710179805756 0.750159382820129 0.765360474586487 0.78192937374115 0.782774388790131 0.780699372291565 0.77911639213562 0.812338829040527 0.902044415473938 1.03863799571991 1.04492402076721 1.0299299955368 0.982061326503754 1.04362404346466 1.04109799861908 1.03551304340363 0.946241080760956 0.735520422458649 0.715290784835815
0.954852402210236 0.946839690208435 0.93349951505661 0.91264271736145 0.898741722106934 0.861476480960846 0.853711724281311 0.863881170749664 0.87021279335022 0.887455821037292 0.899651527404785 0.917818188667297 0.933594822883606 0.946721315383911 0.952535629272461 0.950821280479431 0.959838688373566 0.966185510158539 0.994396924972534 1.00180196762085 1.00902497768402 1.06873500347137 1.03065896034241 1.04693698883057 1.04455804824829 0.979779779911041 0.880387425422668 0.741889178752899 0.729643225669861 0.736904978752136 0.747820615768433 0.748314082622528 0.756924688816071 0.751854419708252 0.777675628662109 0.831568121910095 0.936157584190369 0.925783514976501 1.06553900241852 0.911115407943726 1.01917397975922 1.04745805263519 1.0084480047226 0.837232828140259 0.778200924396515 0.718845129013062
0.970364212989807 0.95501708984375 0.936209380626678 0.907667577266693 0.873460471630096 0.828638017177582 0.836698472499847 0.853665292263031 0.877454519271851 0.898863315582275 0.913611829280853 0.930107474327087 0.944647371768951 0.952411770820618 0.964049518108368 0.987048983573914 0.983891606330872 0.994114816188812 0.981792271137238 0.990034699440002 0.954515278339386 0.987086117267609 0.99530827999115 1.00127398967743 1.04292702674866 1.01303100585938 0.797052621841431 0.721000075340271 0.723627209663391 0.722768008708954 0.725342273712158 0.738508403301239 0.740792214870453 0.75272011756897 0.761554718017578 0.807704985141754 0.818695306777954 0.859330475330353 0.9564288854599 1.03656995296478 0.903992176055908 1.00370705127716 1.04436099529266 0.938766777515411 0.751617789268494 0.682664513587952
0.980238974094391 0.968409895896912 0.9476637840271 0.922687590122223 0.882791996002197 0.846904993057251 0.858561217784882 0.869268000125885 0.886789083480835 0.900503277778625 0.923632085323334 0.942908585071564 0.956794917583466 0.966775178909302 0.973513782024384 0.983478188514709 0.983357489109039 0.979765176773071 0.989557921886444 0.984447002410889 0.992321789264679 0.955298125743866 0.946175813674927 0.965642988681793 0.941737592220306 0.878016829490662 0.743544816970825 0.736454129219055 0.719832003116608 0.719571471214294 0.738490998744965 0.75962108373642 0.800615787506104 0.798447608947754 0.828314483165741 0.831520617008209 0.787769615650177 0.820745587348938 0.799207210540771 0.893930077552795 0.995460271835327 0.917112827301025 0.922925770282745 1.01124501228333 0.933627486228943 0.785024881362915
0.989438116550446 0.981590270996094 0.958494424819946 0.932298600673676 0.904009819030762 0.887526214122772 0.883381009101868 0.88609790802002 0.901627480983734 0.917624175548553 0.927790999412537 0.945167899131775 0.965526223182678 0.974885582923889 0.982507586479187 0.979668080806732 0.977798581123352 0.972943305969238 0.956993401050568 0.969011127948761 0.943684577941895 0.935871779918671 0.875394225120544 0.897714972496033 0.819690823554993 0.794485688209534 0.779773592948914 0.748829126358032 0.752063274383545 0.754512071609497 0.793365716934204 0.78662371635437 0.789130091667175 0.80396431684494 0.810783088207245 0.792251110076904 0.787404417991638 0.916151285171509 0.820517599582672 0.914708912372589 0.877367973327637 0.802397310733795 0.972247183322906 1.04683101177216 0.995627582073212 0.787082672119141
0.996787428855896 0.989033579826355 0.973993122577667 0.948719680309296 0.931071400642395 0.910357177257538 0.906754791736603 0.910379409790039 0.921362280845642 0.929449379444122 0.938855886459351 0.957292675971985 0.963590919971466 0.969975411891937 0.974565505981445 0.971224725246429 0.974606513977051 0.977872729301453 1.00186097621918 1.02501499652863 1.04197800159454 1.00792002677917 0.895754873752594 0.869817614555359 0.938977479934692 1.02698600292206 1.0382399559021 1.04950094223022 0.978513777256012 0.824305772781372 0.765516519546509 0.770080983638763 0.800918817520142 0.831207275390625 0.824001610279083 0.84211677312851 0.866493999958038 0.869908392429352 0.783373177051544 0.801860988140106 0.893693387508392 0.91102147102356 1.04394996166229 1.07868599891663 1.03402805328369 0.855025112628937
1.0044230222702 0.9942706823349 0.984488189220428 0.975696682929993 0.953894019126892 0.942318916320801 0.930879473686218 0.936571478843689 0.936495780944824 0.94550222158432 0.951999008655548 0.964650213718414 0.971288084983826 0.973516225814819 0.982166290283203 0.986702620983124 0.984688580036163 0.982065320014954 1.01846504211426 1.02493298053741 1.02679395675659 1.00739097595215 0.954042315483093 0.986128926277161 1.04900801181793 1.11053502559662 1.11181998252869 1.13691401481628 1.11963796615601 1.0835599899292 0.969975113868713 1.07383394241333 1.12928605079651 1.15091001987457 1.13683795928955 1.1076580286026 1.06021201610565 0.971731185913086 1.04103004932404 1.02977502346039 1.05323100090027 1.03291702270508 1.04135894775391 1.04462599754333 1.02466297149658 0.908898174762726
1.01200699806213 1.00175297260284 0.994565010070801 0.984997510910034 0.977090120315552 0.972165286540985 0.96013218164444 0.954750180244446 0.964300990104675 0.968261480331421 0.969578683376312 0.972509384155273 0.97814017534256 0.982182621955872 0.986509919166565 0.996113717556 0.99677187204361 1.00076496601105 0.989500820636749 1.03384101390839 1.09966897964478 1.10993504524231 1.12054097652435 1.05867302417755 1.02561604976654 1.03691399097443 1.13261604309082 1.12912797927856 1.06865799427032 1.04573404788971 0.956846415996552 1.0237250328064 1.06395304203033 1.077712059021 1.10278105735779 1.08157396316528 1.0805150270462 1.13595199584961 1.09774303436279 1.08954799175262 1.07227194309235 1.03675198554993 0.964644312858582 0.916755080223083 0.857670485973358 0.808197915554047
1.01960802078247 1.00899505615234 1.00031304359436 0.997693300247192 0.992671072483063 0.988571882247925 0.985104620456696 0.978607475757599 0.977159798145294 0.97784161567688 0.975756525993347 0.976529777050018 0.980595886707306 0.985168218612671 0.994817793369293 1.00830101966858 1.02042102813721 1.04851698875427 1.02727997303009 1.04540002346039 1.15497303009033 1.12692701816559 1.1057790517807 1.0636990070343 1.05765604972839 1.02263998985291 1.05852699279785 1.06054103374481 1.07134997844696 1.0506500005722 0.936526894569397 0.886602580547333 0.898714482784271 0.914507210254669 0.924546003341675 0.954854309558868 1.0475150346756 1.05396699905396 1.02722799777985 1.01209902763367 0.964603006839752 0.893007576465607 0.859213471412659 0.843704998493195 0.80074417591095 0.773544073104858
1.02385699748993 1.01462197303772 1.00871205329895 1.00904500484467 1.00648498535156 1.00186598300934 0.997714698314667 0.99100387096405 0.9873988032341 0.98967319726944 0.988101422786713 0.98422372341156 0.98809278011322 0.995086312294006 0.993553221225739 1.02118098735809 1.04038596153259 1.07276904582977 1.02719402313232 1.04685997962952 1.07510304450989 1.02386903762817 1.00877797603607 0.970522403717041 0.911054611206055 0.899374783039093 0.887381315231323 0.894912719726562 0.890060484409332 0.853273212909698 0.825852870941162 0.826319396495819 0.861563622951508 0.868183076381683 0.854966223239899 0.896872818470001 0.898236274719238 0.882461726665497 0.880230486392975 0.879574120044708 0.837509989738464 0.822927415370941 0.822929382324219 0.826748907566071 0.806347489356995 0.758763611316681
1.02896797657013 1.02066504955292 1.011598944664 1.00979995727539 1.00962197780609 1.00820899009705 1.0066009759903 1.00194704532623 0.995193123817444 0.993633270263672 0.99620658159256 0.998187899589539 0.993026614189148 0.993195772171021 1.00172603130341 1.0220799446106 1.03020000457764 1.02280104160309 1.03574395179749 1.02589094638824 1.02646899223328 1.00648605823517 0.975261926651001 0.942067086696625 0.916340708732605 0.914015471935272 0.905778706073761 0.897655785083771 0.880158126354218 0.866594016551971 0.833849608898163 0.856050789356232 0.884085595607758 0.857360780239105 0.849596798419952 0.866647481918335 0.863981127738953 0.84270852804184 0.839186072349548 0.835570514202118 0.831545829772949 0.810977697372437 0.810337781906128 0.794690072536469 0.785541474819183 0.776537418365479
1.0365469455719 1.02965199947357 1.02437603473663 1.01825797557831 1.0158109664917 1.01612102985382 1.01550698280334 1.01709794998169 1.00915205478668 0.998432099819183 0.995048582553864 0.992090702056885 0.9936882853508 1.00174701213837 1.00264799594879 1.02240002155304 1.02215695381165 1.0357780456543 1.03455698490143 1.00372505187988 1.00798904895782 0.996953010559082 0.982923924922943 0.974092900753021 0.942571580410004 0.929129779338837 0.915548205375671 0.919088006019592 0.896032214164734 0.892818987369537 0.853911995887756 0.871698379516602 0.86985832452774 0.871116697788239 0.848829686641693 0.847109615802765 0.846039295196533 0.851926624774933 0.851957082748413 0.846687078475952 0.846569716930389 0.847645282745361 0.827752411365509 0.820878326892853 0.802400827407837 0.797774374485016
