ENMTML/All_vars/Predictors/EUR_only/bio35.asc
NCOLS 440 
NROWS 275 
XLLCORNER -11.5 
YLLCORNER 25.4999999994691 
CELLSIZE 0.166666666666667 
NODATA_value -3.4e+38 
[rows 0 to 19 of 275, columns 184 to 229 of 440]
-3.4e+38 -3.4e+38 -3.4e+38 -3.4e+38 -3.4e+38 -3.4e+38 -3.4e+38 -3.4e+38 -3.4e+38 -3.4e+38 -3.4e+38 -3.4e+38 -3.4e+38 -3.4e+38 -3.4e+38 -3.4e+38 -3.4e+38 -3.4e+38 -3.4e+38 -3.4e+38 -3.4e+38 -3.4e+38 -3.4e+38 -3.4e+38 -3.4e+38 -3.4e+38 -3.4e+38 -3.4e+38 -3.4e+38 -3.4e+38 -3.4e+38 -3.4e+38 -3.4e+38 -3.4e+38 -3.4e+38 -3.4e+38 -3.4e+38 -3.4e+38 -3.4e+38 -3.4e+38 -3.4e+38 -3.4e+38 -3.4e+38 -3.4e+38 -3.4e+38 -3.4e+38
-3.4e+38 -3.4e+38 -3.4e+38 -3.4e+38 -3.4e+38 -3.4e+38 -3.4e+38 -3.4e+38 -3.4e+38 -3.4e+38 -3.4e+38 -3.4e+38 -3.4e+38 -3.4e+38 -3.4e+38 -3.4e+38 -3.4e+38 -3.4e+38 -3.4e+38 -3.4e+38 -3.4e+38 -3.4e+38 -3.4e+38 -3.4e+38 -3.4e+38 -3.4e+38 -3.4e+38 -3.4e+38 -3.4e+38 -3.4e+38 -3.4e+38 -3.4e+38 -3.4e+38 1.03381395339966 -3.4e+38 -3.4e+38 -3.4e+38 1.00648999214172 0.999014019966125 0.986605584621429 0.967212796211243 -3.4e+38 -3.4e+38 -3.4e+38 -3.4e+38 -3.4e+38
-3.4e+38 -3.4e+38 -3.4e+38 -3.4e+38 -3.4e+38 -3.4e+38 -3.4e+38 -3.4e+38 -3.4e+38 -3.4e+38 -3.4e+38 -3.4e+38 -3.4e+38 -3.4e+38 -3.4e+38 -3.4e+38 -3.4e+38 -3.4e+38 -3.4e+38 -3.4e+38 -3.4e+38 -3.4e+38 -3.4e+38 -3.4e+38 -3.4e+38 -3.4e+38 -3.4e+38 -3.4e+38 -3.4e+38 1.06619203090668 -3.4e+38 -3.4e+38 1.0368150472641 1.02985405921936 1.0197069644928 1.01202297210693 -3.4e+38 0.993655979633331 0.986576616764069 0.955463528633118 -3.4e+38 -3.4e+38 -3.4e+38 0.919598281383514 0.914070308208466 -3.4e+38
-3.4e+38 -3.4e+38 -3.4e+38 -3.4e+38 -3.4e+38 -3.4e+38 -3.4e+38 -3.4e+38 -3.4e+38 -3.4e+38 -3.4e+38 -3.4e+38 -3.4e+38 -3.4e+38 -3.4e+38 -3.4e+38 -3.4e+38 -3.4e+38 -3.4e+38 -3.4e+38 -3.4e+38 1.04160797595978 -3.4e+38 1.04520702362061 1.04863798618317 1.05235803127289 -3.4e+38 1.0523339509964 1.04998004436493 -3.4e+38 -3.4e+38 1.03907096385956 1.02780199050903 1.02343797683716 1.01800799369812 1.00956797599792 0.999009013175964 0.977856278419495 0.960295796394348 0.930778920650482 -3.4e+38 0.899548470973969 0.910498917102814 0.902093112468719 0.896690487861633 -3.4e+38
-3.4e+38 -3.4e+38 -3.4e+38 -3.4e+38 -3.4e+38 -3.4e+38 -3.4e+38 -3.4e+38 -3.4e+38 -3.4e+38 -3.4e+38 -3.4e+38 -3.4e+38 -3.4e+38 -3.4e+38 -3.4e+38 -3.4e+38 1.03088903427124 1.03106594085693 1.03475296497345 1.03402900695801 1.03593802452087 1.0392199754715 1.03990197181702 -3.4e+38 1.04164695739746 1.04101204872131 1.04680299758911 1.04580402374268 1.04085505008698 1.03642404079437 1.03232002258301 1.02137899398804 1.01386404037476 1.00713300704956 0.9982870221138 0.983621180057526 -3.4e+38 -3.4e+38 -3.4e+38 0.870791614055634 0.881479918956757 0.871071875095367 0.872722327709198 0.853861212730408 -3.4e+38
-3.4e+38 -3.4e+38 -3.4e+38 -3.4e+38 -3.4e+38 -3.4e+38 -3.4e+38 -3.4e+38 -3.4e+38 -3.4e+38 -3.4e+38 -3.4e+38 -3.4e+38 -3.4e+38 -3.4e+38 -3.4e+38 -3.4e+38 -3.4e+38 -3.4e+38 -3.4e+38 1.02769494056702 -3.4e+38 1.03317105770111 1.03910005092621 1.03894996643066 1.03822600841522 1.03601205348969 1.03482699394226 1.03540396690369 1.03282797336578 1.02593600749969 1.02067494392395 1.01372396945953 1.00704097747803 0.991878926753998 0.960699915885925 -3.4e+38 -3.4e+38 0.859563827514648 0.861497223377228 0.850265920162201 0.862575829029083 0.857488989830017 0.828966319561005 0.789490580558777 0.814874172210693
-3.4e+38 -3.4e+38 1.08835303783417 1.08127498626709 -3.4e+38 -3.4e+38 -3.4e+38 -3.4e+38 1.04367697238922 1.04098999500275 -3.4e+38 -3.4e+38 1.0269490480423 1.02696001529694 1.02453196048737 1.0234489440918 1.02670705318451 1.02589094638824 1.02239000797272 1.02619004249573 1.02742600440979 1.02718901634216 1.02520596981049 -3.4e+38 1.02886700630188 1.02512300014496 1.02898800373077 1.03008604049683 1.02623903751373 1.02098405361176 1.01853704452515 1.01357197761536 1.0066579580307 0.990885496139526 0.952282726764679 0.919678688049316 -3.4e+38 0.866934180259705 0.856673717498779 0.860202074050903 0.837964773178101 0.82738208770752 0.820043087005615 0.832669794559479 0.813823819160461 0.80709981918335
1.10971796512604 1.09728801250458 -3.4e+38 1.07757496833801 1.06884300708771 -3.4e+38 -3.4e+38 1.04729294776917 1.04257905483246 1.0365229845047 1.03084099292755 -3.4e+38 -3.4e+38 1.0219019651413 1.02183103561401 1.02460503578186 1.02243494987488 1.02128601074219 1.01847195625305 1.01964294910431 1.02144300937653 1.02190804481506 1.01706600189209 -3.4e+38 1.01794397830963 1.01980602741241 1.01940202713013 1.02115797996521 1.01942694187164 1.01417803764343 1.00812494754791 1.00375294685364 0.995359599590302 0.957567870616913 0.907087922096252 0.851897299289703 0.864873111248016 0.877261877059937 0.852223217487335 0.830682992935181 0.841040790081024 0.828686118125916 0.84538322687149 0.836679399013519 0.801385581493378 0.796774625778198
1.10488498210907 1.09564197063446 1.08335304260254 1.07471096515656 -3.4e+38 1.05211699008942 1.04925501346588 -3.4e+38 1.03316295146942 1.02971696853638 1.02479302883148 1.01793801784515 1.01815295219421 1.01824498176575 1.01484000682831 1.00959503650665 1.01056396961212 1.01258599758148 1.01573503017426 1.01748502254486 1.0186380147934 1.01725602149963 1.01501500606537 1.00998497009277 1.0059939622879 1.00755405426025 1.0110889673233 1.01135802268982 1.01013898849487 1.00424802303314 0.996482372283936 0.993808209896088 0.983822107315063 0.953812777996063 0.877851009368896 0.823612987995148 0.831058621406555 0.826060175895691 0.799993574619293 0.813353002071381 0.819833099842072 0.803216874599457 0.79372251033783 0.756214320659637 0.771840214729309 0.740824520587921
1.10069704055786 1.08564400672913 1.07497096061707 1.06981205940247 1.05751895904541 1.05190396308899 1.0453519821167 -3.4e+38 1.03191494941711 1.02524900436401 1.02287995815277 1.01433598995209 1.01343297958374 1.01857995986938 1.01687896251678 1.0105060338974 1.0083179473877 1.00488805770874 1.0067880153656 1.00998103618622 1.01126801967621 1.00960302352905 1.00900495052338 1.00586605072021 1.00498497486115 1.00521600246429 1.00452494621277 1.00020396709442 0.997078478336334 0.989483177661896 0.969093084335327 0.951141893863678 0.933771371841431 0.897251307964325 0.844569683074951 0.791880488395691 0.752457916736603 0.730751514434814 0.721871912479401 0.718949377536774 0.707835912704468 0.72208970785141 0.72511488199234 0.741530895233154 0.739798128604889 0.72132009267807
1.08704900741577 1.07431399822235 1.06973600387573 1.05910801887512 1.05245900154114 1.04445600509644 1.03487503528595 1.02661299705505 1.0232629776001 1.02337598800659 1.02101004123688 1.01586294174194 1.00787603855133 1.01040005683899 1.01421499252319 1.01051998138428 1.01305902004242 1.01048696041107 1.00745904445648 0.999726712703705 0.999777913093567 0.999162018299103 1.00283694267273 1.00088596343994 0.993103682994843 0.988954901695251 0.984342694282532 0.977025389671326 0.970601797103882 0.94820648431778 0.935670614242554 0.914642572402954 0.891210377216339 0.86970329284668 0.830525875091553 0.777044296264648 0.731220781803131 0.693206787109375 0.675128519535065 0.656228303909302 0.67066752910614 0.70335990190506 0.719010889530182 0.740508377552032 0.72260582447052 0.72003960609436
1.07291197776794 1.06414699554443 1.05835998058319 1.0500750541687 1.0444860458374 1.03620100021362 1.02439796924591 1.0265439748764 1.02048194408417 1.02223896980286 1.01294994354248 1.01247501373291 1.00728297233582 1.00332498550415 0.999413013458252 0.995992600917816 0.993881225585938 0.99303138256073 0.991948008537292 0.98063588142395 0.966347873210907 0.974771916866302 0.982697486877441 0.964962184429169 0.964302182197571 0.963383793830872 0.952329397201538 0.950120508670807 0.937958180904388 0.925811171531677 0.902393817901611 0.882655382156372 0.862102329730988 0.83525937795639 0.78866982460022 0.734145820140839 0.693499624729156 0.66809868812561 0.644778072834015 0.6363924741745 0.661639273166656 0.682759821414948 0.690148115158081 0.702834784984589 0.703173995018005 0.706215381622314
1.06202805042267 1.05135405063629 1.04559397697449 1.03862798213959 1.0314519405365 1.02912199497223 1.02525997161865 1.01725900173187 1.01217603683472 1.01142299175262 1.01154899597168 1.00783002376556 1.00681900978088 1.0009880065918 0.988915622234344 0.974783778190613 0.956725478172302 0.948972582817078 0.948928415775299 0.940118789672852 0.933404684066772 0.928746998310089 0.943427681922913 0.938545703887939 0.931783080101013 0.930888414382935 0.919863879680634 0.918203294277191 0.911983072757721 0.90319412946701 0.884930312633514 0.863859295845032 0.844813823699951 0.806356728076935 0.77448970079422 0.744998216629028 0.719801187515259 0.681923389434814 0.645753383636475 0.638802170753479 0.667133510112762 0.690760910511017 0.690546870231628 0.690312683582306 0.688579618930817 0.681924402713776
1.044468998909 1.03811705112457 1.03380799293518 1.02882897853851 1.02627801895142 1.02038598060608 1.01538801193237 1.0105220079422 1.00706994533539 0.991302490234375 0.994597792625427 0.99635237455368 0.989902019500732 0.961954772472382 0.947173178195953 0.936874091625214 0.929766595363617 0.920492470264435 0.91115939617157 0.910190224647522 0.908568620681763 0.899824023246765 0.900312602519989 0.903969407081604 0.902340471744537 0.911166787147522 0.909518003463745 0.899924278259277 0.895224928855896 0.88628101348877 0.864329993724823 0.851232171058655 0.831763684749603 0.811440825462341 0.797303974628448 0.748746693134308 0.708968281745911 0.681792914867401 0.656530201435089 0.647467374801636 0.667518377304077 0.691096007823944 0.692945003509521 0.694661796092987 0.690826177597046 0.685671389102936
1.02859401702881 1.02559494972229 1.02023196220398 1.01761400699615 1.01623499393463 1.01336395740509 1.00793302059174 1.00325405597687 0.992151916027069 0.969969570636749 0.950670599937439 0.953783929347992 0.951175212860107 0.940689206123352 0.935019671916962 0.915286600589752 0.899897873401642 0.887411594390869 0.878117978572845 0.875956475734711 0.877973616123199 0.877602517604828 0.873529613018036 0.876445472240448 0.886606216430664 0.890123724937439 0.894258320331573 0.89265251159668 0.88001948595047 0.867946922779083 0.858812928199768 0.845551490783691 0.829791486263275 0.815592885017395 0.780672073364258 0.752554893493652 0.72489982843399 0.691751778125763 0.672434508800507 0.662390291690826 0.664808571338654 0.671017706394196 0.671427071094513 0.665584683418274 0.663073182106018 0.663500726222992
1.0185010433197 1.01416301727295 1.01250302791595 1.00688397884369 1.0071849822998 1.00522196292877 1.00217401981354 0.984455406665802 0.971802115440369 0.958799779415131 0.952746272087097 0.932880818843842 0.916401207447052 0.906211316585541 0.905953228473663 0.899210810661316 0.887611389160156 0.875688910484314 0.854423224925995 0.85377699136734 0.854007124900818 0.858883380889893 0.860693216323853 0.865233480930328 0.864850878715515 0.869770109653473 0.873166620731354 0.876146078109741 0.87022602558136 0.867972373962402 0.859874486923218 0.84862220287323 0.835496127605438 0.817620575428009 0.797024309635162 0.754685997962952 0.73737770318985 0.716905176639557 0.706151783466339 0.72206699848175 0.712689518928528 0.698419988155365 0.688880324363708 0.683905124664307 0.69941782951355 0.701362609863281
0.999159216880798 1.00101804733276 1.00332903862 0.99184787273407 0.98346620798111 0.985821723937988 0.97376161813736 0.959122002124786 0.93830418586731 0.930789887905121 0.917653203010559 0.907084584236145 0.906440675258636 0.900231599807739 0.88454931974411 0.868452906608582 0.855203926563263 0.844191610813141 0.814099490642548 0.817414581775665 0.821421086788177 0.83172482252121 0.839403510093689 0.850445210933685 0.849837183952332 0.852810323238373 0.858886480331421 0.868683695793152 0.860371172428131 0.853679597377777 0.85026079416275 0.839136183261871 0.830351829528809 0.822194218635559 0.808586895465851 0.778145015239716 0.756190478801727 0.753065824508667 0.738420486450195 0.73975682258606 0.74202561378479 0.738094627857208 0.732469975948334 0.733687222003937 0.733205676078796 0.729368388652802
0.959816873073578 0.985675990581512 0.961421728134155 0.942722380161285 0.949661374092102 0.941469013690948 0.935372412204742 0.932853579521179 0.924428582191467 0.911636173725128 0.900762915611267 0.890379786491394 0.889285087585449 0.870570600032806 0.86761862039566 0.861283183097839 0.841740012168884 0.814963519573212 0.803451180458069 0.790767073631287 0.79621559381485 0.811386525630951 0.822249829769135 0.832254588603973 0.842485010623932 0.845845520496368 0.85100269317627 0.849666476249695 0.849016487598419 0.841067373752594 0.839335918426514 0.833346009254456 0.828528821468353 0.818308770656586 0.813785672187805 0.799090027809143 0.783179521560669 0.762635827064514 0.759617328643799 0.759864389896393 0.744427919387817 0.744812607765198 0.746167421340942 0.743610382080078 0.733681976795197 0.737183392047882
0.936159610748291 0.921282827854156 0.906801521778107 0.906457304954529 0.903476476669312 0.90030300617218 0.901742219924927 0.90759938955307 0.902353525161743 0.894043207168579 0.892438471317291 0.885520398616791 0.869796991348267 0.850645005702972 0.844113826751709 0.844694316387177 0.825403690338135 0.817904770374298 0.817485511302948 0.811102271080017 0.81113189458847 0.807483673095703 0.823373913764954 0.819848716259003 0.834446728229523 0.844478726387024 0.846516489982605 0.863389611244202 0.856260120868683 0.844357311725616 0.843576312065125 0.842217624187469 0.834471821784973 0.828012824058533 0.816425383090973 0.817858219146729 0.801677525043488 0.793200314044952 0.788395524024963 0.78473037481308 0.768316924571991 0.768249273300171 0.769763171672821 0.775718092918396 0.766612887382507 0.758952617645264
0.919573485851288 0.918564975261688 0.907217085361481 0.892669081687927 0.883184909820557 0.878906905651093 0.872203707695007 0.869303822517395 0.869907319545746 0.864850699901581 0.86657840013504 0.863118827342987 0.867578685283661 0.848272681236267 0.830763220787048 0.824451088905334 0.829022407531738 0.824832916259766 0.826607525348663 0.821307182312012 0.827929079532623 0.828146576881409 0.827543973922729 0.833320379257202 0.838459074497223 0.836611092090607 0.845219671726227 0.845450818538666 0.855984210968018 0.860271990299225 0.849201917648315 0.842805922031403 0.835191428661346 0.824824512004852 0.826263010501862 0.820447683334351 0.810508787631989 0.812803626060486 0.809688687324524 0.813880383968353 0.803398787975311 0.797919988632202 0.798608779907227 0.798071324825287 0.798569619655609 0.792378485202789
