ENMTML/All_vars/Predictors/EUR_only/bio30.asc
NCOLS 440 
NROWS 275 
XLLCORNER -11.5 
YLLCORNER 25.4999999994691 
CELLSIZE 0.166666666666667 
NODATA_value -3.4e+38 
[rows 180 to 199 of 275, columns 184 to 229 of 440]
-3.4e+38 -3.4e+38 0.324551999568939 0.344199001789093 0.367626011371613 0.422821998596191 0.396681010723114 0.482823997735977 0.455794006586075 0.396802008152008 0.421061992645264 0.405057996511459 0.357657998800278 0.321837991476059 0.34349599480629 0.331034004688263 0.328054010868073 0.340801000595093 0.354061990976334 0.282025992870331 0.272527992725372 0.285888999700546 0.294892996549606 0.296214014291763 0.280640006065369 0.285925000905991 0.346803992986679 0.348392009735107 0.311556994915009 0.338943004608154 0.306329011917114 0.294472008943558 0.295864999294281 0.317782014608383 0.295567989349365 0.279486000537872 0.297515004873276 0.28771498799324 0.278216987848282 0.290444999933243 0.296074986457825 0.256381005048752 0.243325993418694 0.23709799349308 0.239958003163338 0.240668997168541
-3.4e+38 0.303222000598907 0.307172000408173 0.33076399564743 0.340404987335205 0.341098010540009 0.420540988445282 0.416586011648178 0.398452997207642 0.366151988506317 0.421938985586166 0.394993990659714 0.369293004274368 0.315802991390228 0.337170988321304 0.341973006725311 0.375963002443314 0.33517000079155 0.3350850045681 0.288563013076782 0.259460002183914 0.262010008096695 0.278335005044937 0.29543799161911 0.263062000274658 0.250445991754532 0.259595990180969 0.286917001008987 0.268108010292053 0.240679994225502 0.242621004581451 0.291662007570267 0.286718010902405 0.252689987421036 0.234064996242523 0.230996996164322 0.228039994835854 0.224781006574631 0.223717004060745 0.241239994764328 0.27989798784256 0.251807987689972 0.227036997675896 0.226346001029015 0.232222005724907 0.240182995796204
-3.4e+38 0.284821003675461 0.296041011810303 0.306944996118546 0.31453600525856 0.340409994125366 0.373410999774933 0.445403009653091 0.408760994672775 0.386821001768112 0.403403013944626 0.378836989402771 0.441992998123169 0.317663997411728 0.322275996208191 0.405526995658875 0.323469012975693 0.264326989650726 0.29925999045372 0.27844500541687 0.247216999530792 0.254040986299515 0.259669989347458 0.283531010150909 0.288318991661072 0.263599008321762 0.246312007308006 0.237280994653702 0.24898000061512 0.287726998329163 0.237681999802589 0.23845200240612 0.223269000649452 0.220295995473862 0.219891995191574 -3.4e+38 0.216514006257057 0.220146998763084 0.228063002228737 0.2309789955616 0.219732001423836 0.216850996017456 0.211669996380806 0.217418998479843 0.224898993968964 0.233455002307892
-3.4e+38 0.275076001882553 0.281969010829926 0.296817988157272 0.311794996261597 0.362302988767624 0.36157101392746 0.432220011949539 0.410205990076065 0.371877998113632 0.392915010452271 0.377207010984421 0.406603991985321 0.345411986112595 0.319563001394272 0.308398008346558 0.312763005495071 0.257281988859177 0.237327992916107 0.238946005702019 0.240205004811287 0.243485003709793 0.253666996955872 0.250373005867004 0.264358997344971 0.26315900683403 0.269134998321533 0.256954997777939 0.2411729991436 0.240125000476837 -3.4e+38 -3.4e+38 0.242732003331184 0.243364006280899 -3.4e+38 -3.4e+38 -3.4e+38 -3.4e+38 -3.4e+38 -3.4e+38 -3.4e+38 0.204194992780685 0.208745002746582 0.211767002940178 0.218480005860329 0.22723799943924
-3.4e+38 0.264146000146866 0.277781993150711 0.304116994142532 0.338398993015289 0.339780002832413 0.399134010076523 0.442261010408401 0.423005998134613 0.380676001310349 0.381134003400803 0.370357006788254 0.344720005989075 0.364928990602493 0.307130008935928 0.30145400762558 0.381662011146545 0.290800005197525 0.231431007385254 0.23190900683403 0.229488998651505 0.232005998492241 0.241233006119728 0.2569540143013 0.259086012840271 0.242963999509811 0.249773994088173 0.256312996149063 -3.4e+38 -3.4e+38 -3.4e+38 -3.4e+38 0.227185994386673 -3.4e+38 -3.4e+38 -3.4e+38 -3.4e+38 -3.4e+38 -3.4e+38 -3.4e+38 -3.4e+38 -3.4e+38 0.201017007231712 0.207274004817009 0.212053000926971 0.210363000631332
-3.4e+38 0.282880991697311 0.288991004228592 0.309841006994247 0.306506991386414 0.343602985143661 0.346341013908386 0.375678986310959 0.385482013225555 0.429755002260208 0.402337998151779 0.352169990539551 0.3143669962883 0.325284987688065 0.340422987937927 0.302718997001648 0.312613010406494 0.315266013145447 0.270227998495102 0.243662998080254 0.228438004851341 -3.4e+38 0.236477002501488 0.235201001167297 0.25068798661232 0.263132989406586 0.25976100564003 0.242171004414558 -3.4e+38 0.217500999569893 -3.4e+38 -3.4e+38 -3.4e+38 -3.4e+38 -3.4e+38 -3.4e+38 -3.4e+38 -3.4e+38 0.256182998418808 -3.4e+38 -3.4e+38 -3.4e+38 -3.4e+38 0.20320899784565 0.205632001161575 0.20218700170517
-3.4e+38 0.292755007743835 0.350724995136261 0.332401990890503 0.375963002443314 0.327390998601913 0.339828014373779 0.336558014154434 0.363139003515244 0.397168010473251 0.378313004970551 0.364957988262177 0.315766006708145 0.292187005281448 0.316276997327805 0.290197998285294 0.256716996431351 0.294916987419128 0.300711005926132 0.226083993911743 0.215633004903793 -3.4e+38 -3.4e+38 -3.4e+38 0.224441006779671 0.22851100564003 0.226701006293297 0.223123997449875 -3.4e+38 -3.4e+38 0.233811005949974 -3.4e+38 -3.4e+38 -3.4e+38 -3.4e+38 -3.4e+38 -3.4e+38 -3.4e+38 -3.4e+38 -3.4e+38 0.213070005178452 -3.4e+38 0.19938500225544 0.196813002228737 0.197824001312256 0.210023000836372
-3.4e+38 -3.4e+38 -3.4e+38 0.29892298579216 0.327587991952896 0.31631401181221 0.325304001569748 0.371015012264252 0.315398991107941 0.3279629945755 0.38672000169754 0.378838986158371 0.321458011865616 0.279653012752533 0.273003995418549 0.275938987731934 0.277797996997833 0.282169997692108 0.307868987321854 0.331676989793777 0.221607998013496 -3.4e+38 -3.4e+38 -3.4e+38 -3.4e+38 0.214604005217552 -3.4e+38 -3.4e+38 0.232187002897263 -3.4e+38 -3.4e+38 -3.4e+38 -3.4e+38 -3.4e+38 -3.4e+38 -3.4e+38 -3.4e+38 -3.4e+38 -3.4e+38 0.219835996627808 -3.4e+38 -3.4e+38 0.197849005460739 0.193541005253792 0.202654004096985 0.215130999684334
-3.4e+38 -3.4e+38 -3.4e+38 -3.4e+38 0.253596007823944 0.248031005263329 0.294615000486374 0.298404008150101 0.295285999774933 0.367493987083435 0.364822000265121 0.379458993673325 0.339074999094009 0.286206007003784 0.259250998497009 0.270559012889862 0.272673010826111 0.230572998523712 0.246407002210617 0.260948002338409 0.236420005559921 0.212087005376816 -3.4e+38 -3.4e+38 -3.4e+38 -3.4e+38 0.214239999651909 -3.4e+38 -3.4e+38 -3.4e+38 -3.4e+38 -3.4e+38 -3.4e+38 -3.4e+38 -3.4e+38 0.201146006584167 0.203170001506805 0.205443993210793 -3.4e+38 -3.4e+38 -3.4e+38 -3.4e+38 0.196167007088661 0.198871999979019 0.195627003908157 0.193880006670952
-3.4e+38 -3.4e+38 -3.4e+38 0.221967995166779 0.235414996743202 0.21909399330616 0.275258004665375 0.276418000459671 0.264319986104965 0.295394986867905 0.30130198597908 0.337482005357742 0.349312990903854 0.288428992033005 0.23633599281311 0.246131002902985 0.266350001096725 0.212953999638557 0.207001000642776 0.195595994591713 0.219374001026154 0.243644997477531 -3.4e+38 -3.4e+38 -3.4e+38 -3.4e+38 -3.4e+38 -3.4e+38 -3.4e+38 -3.4e+38 -3.4e+38 -3.4e+38 -3.4e+38 -3.4e+38 -3.4e+38 -3.4e+38 -3.4e+38 -3.4e+38 -3.4e+38 -3.4e+38 -3.4e+38 -3.4e+38 0.201149001717567 0.174324005842209 0.187094002962112 0.211324006319046
-3.4e+38 -3.4e+38 -3.4e+38 -3.4e+38 0.201590999960899 -3.4e+38 0.216836005449295 0.241524994373322 0.2622329890728 0.28608700633049 0.272316008806229 0.31912100315094 0.345241010189056 0.336171001195908 0.243704006075859 0.193552002310753 0.199793994426727 0.19488300383091 0.192524001002312 0.188878998160362 0.186966001987457 0.207052007317543 0.221490994095802 -3.4e+38 -3.4e+38 -3.4e+38 -3.4e+38 -3.4e+38 -3.4e+38 -3.4e+38 -3.4e+38 -3.4e+38 -3.4e+38 -3.4e+38 -3.4e+38 -3.4e+38 -3.4e+38 -3.4e+38 -3.4e+38 -3.4e+38 -3.4e+38 0.183246999979019 0.191761001944542 0.180720999836922 0.183235004544258 0.205935999751091
-3.4e+38 -3.4e+38 -3.4e+38 -3.4e+38 -3.4e+38 -3.4e+38 0.206938996911049 0.228796005249023 0.263855010271072 0.271847993135452 0.277639001607895 0.277994990348816 0.305720001459122 0.304244011640549 0.256686002016068 0.204824000597 0.18554499745369 0.181087002158165 0.187169998884201 0.189631000161171 0.200538992881775 0.191028997302055 0.204067006707191 0.240924000740051 -3.4e+38 -3.4e+38 -3.4e+38 -3.4e+38 -3.4e+38 -3.4e+38 -3.4e+38 -3.4e+38 -3.4e+38 -3.4e+38 -3.4e+38 -3.4e+38 -3.4e+38 -3.4e+38 -3.4e+38 -3.4e+38 -3.4e+38 -3.4e+38 0.172643005847931 -3.4e+38 -3.4e+38 -3.4e+38
-3.4e+38 -3.4e+38 -3.4e+38 -3.4e+38 -3.4e+38 -3.4e+38 -3.4e+38 0.215160995721817 0.211335003376007 0.225400000810623 0.225406005978584 0.221410006284714 0.259766012430191 0.262326002120972 0.316442996263504 0.265343010425568 0.203362002968788 0.186243996024132 0.183118999004364 0.202141001820564 0.194683998823166 0.18087700009346 -3.4e+38 -3.4e+38 0.197647005319595 -3.4e+38 -3.4e+38 -3.4e+38 0.20244899392128 -3.4e+38 -3.4e+38 -3.4e+38 -3.4e+38 -3.4e+38 -3.4e+38 -3.4e+38 -3.4e+38 -3.4e+38 -3.4e+38 -3.4e+38 0.174834996461868 0.177342996001244 0.160673007369041 0.145509004592896 -3.4e+38 0.133202001452446
-3.4e+38 -3.4e+38 -3.4e+38 -3.4e+38 -3.4e+38 -3.4e+38 -3.4e+38 -3.4e+38 -3.4e+38 0.191128998994827 0.189416006207466 0.202246993780136 0.253437995910645 0.246325001120567 0.266158014535904 0.267598003149033 0.265879988670349 0.222442001104355 0.207764998078346 0.209459006786346 0.243136003613472 0.219570994377136 0.183299005031586 -3.4e+38 0.180065006017685 -3.4e+38 -3.4e+38 0.195443004369736 -3.4e+38 -3.4e+38 -3.4e+38 -3.4e+38 -3.4e+38 -3.4e+38 -3.4e+38 -3.4e+38 -3.4e+38 -3.4e+38 -3.4e+38 -3.4e+38 -3.4e+38 0.156136006116867 0.14971199631691 0.146702006459236 0.126379996538162 -3.4e+38
-3.4e+38 -3.4e+38 -3.4e+38 -3.4e+38 -3.4e+38 -3.4e+38 -3.4e+38 -3.4e+38 -3.4e+38 0.182886004447937 0.19310699403286 0.194690003991127 0.214100003242493 0.217666000127792 0.225589007139206 0.264818012714386 0.252288997173309 0.204199001193047 0.196876004338264 0.186895996332169 0.194112002849579 0.200926005840302 0.177251994609833 0.177278995513916 0.195072993636131 0.183360993862152 -3.4e+38 -3.4e+38 -3.4e+38 -3.4e+38 -3.4e+38 -3.4e+38 0.2014250010252 -3.4e+38 -3.4e+38 -3.4e+38 -3.4e+38 -3.4e+38 -3.4e+38 -3.4e+38 -3.4e+38 -3.4e+38 -3.4e+38 -3.4e+38 -3.4e+38 -3.4e+38
-3.4e+38 -3.4e+38 -3.4e+38 -3.4e+38 -3.4e+38 -3.4e+38 -3.4e+38 -3.4e+38 0.22290700674057 0.192660003900528 0.22375600039959 0.214078992605209 0.20218600332737 0.202438995242119 0.257261008024216 0.26638200879097 0.268956989049911 0.270285993814468 0.279168993234634 0.204520002007484 0.194558992981911 0.185109004378319 0.176782995462418 -3.4e+38 -3.4e+38 0.178687006235123 0.183989003300667 0.193718999624252 -3.4e+38 -3.4e+38 -3.4e+38 -3.4e+38 0.197117999196053 -3.4e+38 -3.4e+38 -3.4e+38 -3.4e+38 -3.4e+38 -3.4e+38 -3.4e+38 -3.4e+38 -3.4e+38 -3.4e+38 -3.4e+38 -3.4e+38 0.113540001213551
-3.4e+38 -3.4e+38 -3.4e+38 -3.4e+38 -3.4e+38 -3.4e+38 -3.4e+38 -3.4e+38 0.18911400437355 -3.4e+38 -3.4e+38 0.192957997322083 0.178656995296478 0.181141003966331 0.192619994282722 0.21747300028801 0.243430003523827 0.23701199889183 0.271073013544083 0.224163994193077 0.245306000113487 0.176786005496979 0.175473004579544 0.166664004325867 0.16473799943924 -3.4e+38 0.169589996337891 0.174948006868362 0.199756994843483 0.177580997347832 -3.4e+38 -3.4e+38 -3.4e+38 -3.4e+38 -3.4e+38 -3.4e+38 -3.4e+38 -3.4e+38 -3.4e+38 -3.4e+38 0.150286003947258 0.149415999650955 -3.4e+38 0.131270006299019 0.135032996535301 -3.4e+38
-3.4e+38 -3.4e+38 -3.4e+38 -3.4e+38 -3.4e+38 -3.4e+38 -3.4e+38 -3.4e+38 0.18699599802494 -3.4e+38 -3.4e+38 0.162985995411873 0.161997005343437 0.186514005064964 0.179217994213104 0.195996999740601 0.186278998851776 0.211912006139755 0.207635998725891 0.17365600168705 0.202600002288818 0.192248001694679 0.173876002430916 0.15489000082016 0.153136998414993 0.155507996678352 0.147712007164955 0.157297998666763 0.169287994503975 0.154311001300812 -3.4e+38 -3.4e+38 -3.4e+38 -3.4e+38 -3.4e+38 -3.4e+38 -3.4e+38 -3.4e+38 -3.4e+38 -3.4e+38 0.137492001056671 0.143388003110886 -3.4e+38 0.118867002427578 0.117329999804497 0.106349997222424
-3.4e+38 -3.4e+38 -3.4e+38 -3.4e+38 -3.4e+38 -3.4e+38 -3.4e+38 0.172856003046036 0.199851006269455 0.187443003058434 -3.4e+38 -3.4e+38 -3.4e+38 -3.4e+38 -3.4e+38 0.172664001584053 0.213784992694855 0.168665006756783 -3.4e+38 -3.4e+38 -3.4e+38 0.186428993940353 0.187011003494263 0.17213399708271 0.162137001752853 0.160144999623299 0.153164997696877 0.15693399310112 0.151270002126694 0.143289998173714 0.14842900633812 -3.4e+38 -3.4e+38 -3.4e+38 -3.4e+38 -3.4e+38 -3.4e+38 -3.4e+38 -3.4e+38 -3.4e+38 0.125854998826981 0.125038996338844 -3.4e+38 0.113411001861095 0.118040002882481 0.102760002017021
-3.4e+38 -3.4e+38 -3.4e+38 -3.4e+38 -3.4e+38 -3.4e+38 -3.4e+38 -3.4e+38 0.18868100643158 0.188118994235992 -3.4e+38 -3.4e+38 -3.4e+38 0.143353998661041 0.154646992683411 0.181103006005287 0.223037004470825 0.223304003477097 0.222648993134499 0.20066100358963 0.169598996639252 -3.4e+38 0.155948996543884 0.166278004646301 0.157170996069908 0.149439007043839 0.140674993395805 0.144236996769905 0.140315994620323 -3.4e+38 0.143026992678642 0.15387199819088 0.153946995735168 -3.4e+38 -3.4e+38 -3.4e+38 -3.4e+38 -3.4e+38 -3.4e+38 -3.4e+38 -3.4e+38 -3.4e+38 -3.4e+38 -3.4e+38 -3.4e+38 -3.4e+38
