ENMTML/All_vars/Predictors/EUR_only/bio31.asc
NCOLS 411 
NROWS 214 
XLLCORNER -11.5 
YLLCORNER 35.666666666112 
CELLSIZE 0.166666666666667 
NODATA_value -3.4e+38 
[rows 120 to 139 of 214, columns 46 to 91 of 411]
0.0825865715742111 0.0784026309847832 -3.4e+38 -3.4e+38 0.115010596811771 0.124006599187851 0.117543503642082 0.116542398929596 0.135395601391792 0.161057397723198 0.170285403728485 0.181514903903008 0.197818994522095 0.19315630197525 0.189742594957352 0.182463198900223 0.185584202408791 0.192938104271889 0.201057404279709 0.216438204050064 0.216122299432755 0.220355704426765 0.223796099424362 0.220378398895264 0.221038103103638 0.227714195847511 0.209913894534111 0.19980700314045 0.199960097670555 0.195561602711678 0.203870698809624 0.207751095294952 -3.4e+38 -3.4e+38 -3.4e+38 -3.4e+38 -3.4e+38 -3.4e+38 -3.4e+38 -3.4e+38 0.128476798534393 0.117429800331593 0.112765602767467 0.117477998137474 0.121459200978279 0.130149900913239
0.0825344771146774 0.0812694430351257 0.0786270797252655 0.0891514420509338 0.108033902943134 0.129949793219566 0.140367701649666 0.146938905119896 0.141751602292061 0.15202459692955 0.167117103934288 0.188667595386505 0.203156799077988 0.204779803752899 0.198702692985535 0.193181604146957 0.17768070101738 0.180894494056702 0.183078199625015 0.205210506916046 0.216500103473663 0.216294795274734 0.218340992927551 0.217063203454018 0.220039799809456 0.222212001681328 0.2226233035326 0.218144506216049 0.206666201353073 0.186136201024055 0.182148605585098 -3.4e+38 -3.4e+38 -3.4e+38 -3.4e+38 -3.4e+38 -3.4e+38 0.155579596757889 0.138386994600296 0.136043399572372 0.135442197322845 0.121996901929379 0.119630597531796 0.126283094286919 0.135301604866982 0.141620993614197
0.0900095477700233 0.0887868627905846 0.100900202989578 0.100483596324921 0.103684902191162 0.126149401068687 0.139614000916481 0.145732700824738 0.154733896255493 0.164519295096397 0.174927398562431 0.195845693349838 0.203741401433945 0.208532601594925 0.210795700550079 0.20118160545826 0.190807998180389 0.183148592710495 0.186560496687889 0.204016804695129 0.214221894741058 0.223541498184204 0.217508792877197 0.233406096696854 0.231195792555809 0.228558599948883 0.222626999020576 0.221771001815796 0.21509200334549 -3.4e+38 -3.4e+38 -3.4e+38 -3.4e+38 0.187466204166412 0.192835405468941 0.185825601220131 0.17436209321022 0.162275493144989 0.152478098869324 0.149887904524803 0.146278902888298 0.139335095882416 0.142300501465797 0.14474929869175 0.146835297346115 0.147489905357361
0.100457303225994 0.121446199715137 0.138056501746178 0.125299096107483 0.127573996782303 0.128876894712448 0.140712201595306 0.136711195111275 0.15263520181179 0.17331799864769 0.192374899983406 0.20381860435009 0.209483295679092 0.206926599144936 0.202080398797989 0.196500897407532 0.204244405031204 -3.4e+38 0.205258294939995 -3.4e+38 -3.4e+38 -3.4e+38 -3.4e+38 0.22590060532093 0.230202093720436 -3.4e+38 -3.4e+38 -3.4e+38 -3.4e+38 -3.4e+38 -3.4e+38 -3.4e+38 0.202364400029182 0.192085802555084 0.170146703720093 0.168939396739006 0.176624700427055 0.169635906815529 0.16452419757843 0.161929205060005 0.161722406744957 0.162999302148819 0.159680306911469 0.158196195960045 0.152524799108505 0.154127806425095
0.10089959949255 0.131793305277824 0.153965801000595 -3.4e+38 -3.4e+38 -3.4e+38 -3.4e+38 -3.4e+38 0.165344402194023 -3.4e+38 0.182218298316002 -3.4e+38 -3.4e+38 -3.4e+38 -3.4e+38 0.184273198246956 -3.4e+38 -3.4e+38 -3.4e+38 -3.4e+38 -3.4e+38 -3.4e+38 -3.4e+38 -3.4e+38 -3.4e+38 -3.4e+38 -3.4e+38 -3.4e+38 -3.4e+38 -3.4e+38 -3.4e+38 -3.4e+38 0.205399498343468 0.194955393671989 0.173046693205833 0.171042293310165 0.172537699341774 0.18080860376358 0.185364603996277 0.182951301336288 0.183320701122284 0.182698503136635 0.176316097378731 0.174951806664467 0.16785229742527 0.166402503848076
0.122604101896286 0.142544105648994 -3.4e+38 -3.4e+38 -3.4e+38 -3.4e+38 -3.4e+38 -3.4e+38 -3.4e+38 -3.4e+38 -3.4e+38 -3.4e+38 -3.4e+38 -3.4e+38 -3.4e+38 -3.4e+38 -3.4e+38 -3.4e+38 -3.4e+38 -3.4e+38 -3.4e+38 -3.4e+38 -3.4e+38 -3.4e+38 -3.4e+38 -3.4e+38 -3.4e+38 -3.4e+38 -3.4e+38 -3.4e+38 -3.4e+38 -3.4e+38 0.226571097970009 0.21550889313221 0.199880003929138 0.190556794404984 0.182927906513214 0.172073498368263 0.177874892950058 0.18533019721508 0.195591598749161 0.19911490380764 0.195317894220352 0.191116899251938 0.187002792954445 0.1753790974617
0.130862101912498 -3.4e+38 -3.4e+38 -3.4e+38 -3.4e+38 -3.4e+38 -3.4e+38 -3.4e+38 -3.4e+38 -3.4e+38 -3.4e+38 -3.4e+38 -3.4e+38 -3.4e+38 -3.4e+38 -3.4e+38 -3.4e+38 -3.4e+38 -3.4e+38 -3.4e+38 -3.4e+38 -3.4e+38 -3.4e+38 -3.4e+38 -3.4e+38 -3.4e+38 -3.4e+38 -3.4e+38 -3.4e+38 -3.4e+38 -3.4e+38 -3.4e+38 0.235954493284225 0.226664796471596 0.213861003518105 0.203785702586174 0.197222903370857 0.185769006609917 0.184226006269455 0.19641849398613 0.197433397173882 0.20374870300293 0.198999002575874 0.193294003605843 0.178815901279449 0.164079397916794
-3.4e+38 -3.4e+38 -3.4e+38 -3.4e+38 -3.4e+38 -3.4e+38 -3.4e+38 -3.4e+38 -3.4e+38 -3.4e+38 -3.4e+38 -3.4e+38 -3.4e+38 -3.4e+38 -3.4e+38 -3.4e+38 -3.4e+38 -3.4e+38 -3.4e+38 -3.4e+38 -3.4e+38 -3.4e+38 -3.4e+38 -3.4e+38 -3.4e+38 -3.4e+38 -3.4e+38 -3.4e+38 -3.4e+38 -3.4e+38 -3.4e+38 0.229023292660713 0.226101905107498 0.227651998400688 0.225330695509911 0.215169593691826 0.205285400152206 0.204339206218719 0.197983905673027 0.198522999882698 0.199008494615555 0.200009703636169 0.199140399694443 0.186146199703217 0.179318100214005 0.168105199933052
-3.4e+38 -3.4e+38 -3.4e+38 -3.4e+38 -3.4e+38 -3.4e+38 -3.4e+38 -3.4e+38 -3.4e+38 -3.4e+38 -3.4e+38 -3.4e+38 -3.4e+38 -3.4e+38 -3.4e+38 -3.4e+38 -3.4e+38 -3.4e+38 -3.4e+38 -3.4e+38 -3.4e+38 -3.4e+38 -3.4e+38 -3.4e+38 -3.4e+38 -3.4e+38 -3.4e+38 0.237733796238899 0.241501897573471 0.235028401017189 0.227606400847435 0.219243705272675 0.215327203273773 0.217395201325417 0.224010393023491 0.229093596339226 0.229034602642059 0.226808905601501 0.222765102982521 0.222260296344757 0.221290394663811 0.213066697120667 0.209290206432343 0.202123194932938 0.194471299648285 0.179699793457985
-3.4e+38 -3.4e+38 -3.4e+38 -3.4e+38 -3.4e+38 -3.4e+38 -3.4e+38 -3.4e+38 -3.4e+38 -3.4e+38 -3.4e+38 -3.4e+38 -3.4e+38 -3.4e+38 -3.4e+38 -3.4e+38 -3.4e+38 -3.4e+38 -3.4e+38 -3.4e+38 -3.4e+38 -3.4e+38 -3.4e+38 -3.4e+38 0.220964893698692 0.225109100341797 0.224459901452065 0.226801201701164 0.228426694869995 0.226223602890968 0.223258495330811 0.223383501172066 0.207476302981377 0.209142997860909 0.212006106972694 0.223808199167252 0.228917598724365 0.232837900519371 0.23094730079174 0.231628105044365 0.230836197733879 0.229352504014969 0.226061195135117 0.22533230483532 0.219566807150841 0.210971802473068
-3.4e+38 -3.4e+38 -3.4e+38 -3.4e+38 -3.4e+38 -3.4e+38 -3.4e+38 -3.4e+38 -3.4e+38 -3.4e+38 -3.4e+38 -3.4e+38 0.167836293578148 0.157964497804642 0.159427106380463 0.175892800092697 -3.4e+38 -3.4e+38 -3.4e+38 -3.4e+38 -3.4e+38 -3.4e+38 -3.4e+38 0.220953807234764 0.222077801823616 0.221679896116257 0.226166799664497 0.233125492930412 0.232295393943787 0.229131296277046 0.225711107254028 0.223141297698021 0.227327898144722 0.22123509645462 0.225429803133011 0.228517398238182 0.229606300592422 0.231369704008102 0.237930104136467 0.23964649438858 0.238218799233437 0.239987701177597 0.241043195128441 0.228605002164841 0.235989704728127 0.228746697306633
-3.4e+38 -3.4e+38 -3.4e+38 -3.4e+38 -3.4e+38 -3.4e+38 -3.4e+38 0.203053399920464 -3.4e+38 -3.4e+38 -3.4e+38 -3.4e+38 0.185515403747559 0.18352960050106 0.18633459508419 0.190685003995895 0.197038397192955 0.195503994822502 -3.4e+38 -3.4e+38 -3.4e+38 -3.4e+38 -3.4e+38 0.230957195162773 0.23280830681324 0.244862094521523 0.245135992765427 0.247682303190231 0.254539906978607 0.252851605415344 0.240250304341316 0.242332696914673 0.234360903501511 0.239915996789932 0.236295893788338 0.249850496649742 0.252712100744247 0.245798602700233 0.25023278594017 0.251433193683624 0.251504689455032 0.24070380628109 0.241219997406006 0.239741206169128 0.237999692559242 0.237716197967529
-3.4e+38 -3.4e+38 -3.4e+38 -3.4e+38 -3.4e+38 -3.4e+38 -3.4e+38 -3.4e+38 -3.4e+38 -3.4e+38 0.227900505065918 -3.4e+38 -3.4e+38 0.197460606694221 0.194457501173019 0.20143960416317 0.200820103287697 0.199697196483612 0.200696006417274 0.208569392561913 0.215188696980476 0.229451805353165 0.232304707169533 0.225889906287193 0.231576099991798 0.225775703787804 0.235286995768547 0.242098897695541 0.242242693901062 0.255031108856201 0.264792710542679 0.252197206020355 0.25353279709816 0.256655603647232 0.249816402792931 0.24368779361248 0.250694185495377 0.259815394878387 0.257477700710297 0.253651887178421 0.245650604367256 0.239654794335365 0.240390196442604 0.241072595119476 0.236435502767563 0.234298005700111
-3.4e+38 -3.4e+38 -3.4e+38 -3.4e+38 -3.4e+38 -3.4e+38 -3.4e+38 -3.4e+38 -3.4e+38 -3.4e+38 -3.4e+38 -3.4e+38 -3.4e+38 0.206290796399117 0.19381220638752 0.193661198019981 0.195023000240326 0.187975496053696 0.186040699481964 0.197965800762177 0.214398801326752 0.225329697132111 0.241630107164383 0.233376696705818 0.229691401124001 0.226643607020378 0.232775896787643 0.244760796427727 0.246022701263428 0.25435209274292 0.257878005504608 0.260955214500427 0.26395520567894 0.254465788602829 0.256857007741928 0.262374490499496 0.259824991226196 0.258971691131592 0.255775511264801 0.253745287656784 0.252803713083267 0.250391185283661 0.24127160012722 0.237443193793297 0.234178498387337 0.233099207282066
-3.4e+38 -3.4e+38 -3.4e+38 -3.4e+38 -3.4e+38 -3.4e+38 -3.4e+38 -3.4e+38 -3.4e+38 -3.4e+38 -3.4e+38 -3.4e+38 -3.4e+38 0.211836695671082 0.202722296118736 0.192171797156334 0.192143797874451 0.197519600391388 0.184745296835899 0.196500301361084 0.205849304795265 0.210605695843697 0.236390203237534 0.22943389415741 0.223603293299675 0.219859704375267 0.228574499487877 0.237593799829483 0.245195493102074 0.252714514732361 0.256621509790421 0.263788193464279 0.258398592472076 0.261870712041855 0.260316699743271 0.263989895582199 0.270820289850235 0.271272987127304 0.26687479019165 0.262610405683517 0.261057287454605 0.254775911569595 0.2485091984272 0.238571599125862 0.236859500408173 0.226858794689178
-3.4e+38 0.186424806714058 0.190499305725098 0.205719903111458 0.216879695653915 0.216714799404144 -3.4e+38 -3.4e+38 -3.4e+38 -3.4e+38 -3.4e+38 -3.4e+38 -3.4e+38 0.210102096199989 0.206966802477837 0.199510499835014 0.190068796277046 0.180669695138931 0.187711596488953 0.200229898095131 0.205957695841789 0.212591499090195 0.223276898264885 0.232758700847626 0.22318559885025 0.215516895055771 0.22260120511055 0.238687694072723 0.249702602624893 0.253756493330002 0.260236710309982 0.265265107154846 0.262528389692307 0.25325420498848 0.250676214694977 0.247044995427132 0.256837487220764 0.27012699842453 0.263485014438629 0.260662108659744 0.259456396102905 0.25762140750885 0.252083390951157 0.245341598987579 0.241102606058121 0.247531995177269
0.165623903274536 0.167601495981216 0.177553102374077 0.183970794081688 0.199460297822952 0.205306604504585 0.207861796021461 0.203685596585274 0.195904403924942 0.194926500320435 0.186308100819588 0.202601507306099 0.213179096579552 0.220651105046272 0.224436298012733 0.216945692896843 0.21429580450058 0.210773393511772 0.214807897806168 0.217626005411148 0.21396179497242 0.212432101368904 0.210616499185562 0.223810702562332 0.242232799530029 0.242601096630096 0.234197795391083 0.238869696855545 0.240290805697441 0.251000702381134 0.253971010446548 0.262374699115753 0.266773998737335 0.258901208639145 0.25505319237709 0.25655260682106 0.264040887355804 0.265727013349533 0.266478687524796 0.266310602426529 0.262992799282074 0.258750408887863 0.257377207279205 0.257401794195175 0.257705599069595 0.267437994480133
0.148969203233719 0.156609103083611 0.160422906279564 0.161968901753426 0.170754194259644 0.177968204021454 0.186749398708344 0.197639092803001 0.193794593214989 0.192604392766953 0.192300200462341 0.206660196185112 0.209784805774689 0.218727394938469 0.222770601511002 0.21713650226593 0.215011402964592 0.213545203208923 0.226514905691147 0.237881496548653 0.226827800273895 0.226951196789742 0.23209810256958 0.25330638885498 0.252276808023453 0.259593188762665 0.257716804742813 0.259893000125885 0.256154298782349 0.248226404190063 0.261560291051865 0.268606513738632 0.269841998815536 0.263829708099365 0.262003690004349 0.259244412183762 0.260635286569595 0.265054285526276 0.265640199184418 0.267647087574005 0.266312897205353 0.270493507385254 0.272217214107513 0.267346411943436 0.262836694717407 0.262407600879669
0.158838301897049 0.162041306495667 0.16062830388546 0.165203899145126 0.170774593949318 0.175148501992226 0.177543699741364 0.174268692731857 0.182091698050499 0.196614503860474 0.205842599272728 0.211142301559448 0.225189298391342 0.232539996504784 0.235296607017517 0.238105803728104 0.235315397381783 0.237633794546127 0.245370596647263 0.250308096408844 0.246133998036385 0.2397391051054 0.257613509893417 0.273446500301361 0.278357714414597 0.277324795722961 0.270539313554764 0.268367111682892 0.258402198553085 0.261623293161392 0.268201500177383 0.274180889129639 0.271574586629868 0.270871490240097 0.268192112445831 0.267300993204117 0.263655096292496 0.265220701694489 0.266730487346649 0.268838196992874 0.264051407575607 0.260546296834946 0.267742514610291 0.257890909910202 0.256791889667511 0.250131487846375
0.147555500268936 0.157366201281548 0.161684706807137 0.165867805480957 0.176547393202782 0.188559204339981 0.193855404853821 0.196707606315613 0.201036006212234 0.205406993627548 0.214717999100685 0.234254196286201 0.254924088716507 0.254431813955307 0.250160306692123 0.25046381354332 0.249324694275856 0.252115786075592 0.265059798955917 0.267121911048889 0.268089085817337 0.262195289134979 0.273804098367691 0.277738898992538 0.287274599075317 0.286018908023834 0.280993014574051 0.27262070775032 0.263847589492798 0.267849892377853 0.273979187011719 0.277579009532928 0.276744514703751 0.276412487030029 0.273858100175858 0.270262390375137 0.266837686300278 0.267767786979675 0.273210108280182 0.26974418759346 0.262502998113632 0.255731701850891 0.264583796262741 0.25098529458046 0.247816801071167 0.251096606254578
