ENMTML/All_vars/Predictors/EUR_only/bio34.asc
NCOLS 440 
NROWS 275 
XLLCORNER -11.5 
YLLCORNER 25.4999999994691 
CELLSIZE 0.166666666666667 
NODATA_value -3.4e+38 
[rows 100 to 119 of 275, columns 322 to 367 of 440]
0.523846089839935 0.513038694858551 0.508457899093628 0.510710775852203 0.513275384902954 0.510504305362701 0.500071406364441 0.501079916954041 0.499496102333069 0.496625810861588 0.497341394424438 0.501078009605408 0.508440375328064 0.503080904483795 0.498925805091858 0.490033000707626 0.494474709033966 0.49284228682518 0.487260907888412 0.485044002532959 0.49561008810997 0.488662511110306 0.489352494478226 0.493966311216354 0.492708086967468 0.490031510591507 0.484056293964386 0.47893351316452 0.478064000606537 0.480973988771439 0.487256795167923 0.487555503845215 0.487358093261719 0.483020007610321 0.479549497365952 0.47511351108551 0.47431880235672 0.473383605480194 0.463035196065903 0.46278789639473 0.463043093681335 0.465530514717102 0.469127714633942 0.470160007476807 0.473194509744644 0.476541489362717
0.511866509914398 0.503583610057831 0.501325011253357 0.498937606811523 0.503459692001343 0.500608623027802 0.502840518951416 0.499768197536469 0.502161622047424 0.493547886610031 0.487795114517212 0.492247611284256 0.497794896364212 0.497383803129196 0.496252596378326 0.490069299936295 0.490401208400726 0.486812889575958 0.484078705310822 0.482841789722443 0.48893341422081 0.489049404859543 0.49517160654068 0.484573394060135 0.486468493938446 0.482991993427277 0.478396505117416 0.474204003810883 0.480218887329102 0.47404021024704 0.481575399637222 0.493136793375015 0.484265297651291 0.478564888238907 0.478851109743118 0.474537402391434 0.4682657122612 0.46308159828186 0.460525810718536 0.460927307605743 0.458910703659058 0.465502113103867 0.469316691160202 0.472346514463425 0.470459192991257 0.471355497837067
0.509195983409882 0.506067514419556 0.497411489486694 0.494130611419678 0.492439806461334 0.495281308889389 0.494411885738373 0.494591504335403 0.497826814651489 0.486639410257339 0.487601697444916 0.492421597242355 0.491129696369171 0.487951189279556 0.488283812999725 0.49185448884964 0.489668399095535 0.486469686031342 0.479286193847656 0.485699087381363 0.486725091934204 0.483428388834 0.478682607412338 0.473502397537231 0.47201880812645 0.47169241309166 0.474855005741119 0.479799091815948 0.476218491792679 0.480900913476944 0.476437985897064 0.482834011316299 0.482841610908508 0.473537087440491 0.471080511808395 0.470526188611984 0.465101808309555 0.455679804086685 0.457687109708786 0.457422107458115 0.456484496593475 0.461592495441437 0.465473294258118 0.464907914400101 0.460693389177322 0.457327902317047
0.498732805252075 0.500848114490509 0.489286810159683 0.491696387529373 0.48583659529686 0.487427085638046 0.491319388151169 0.491607785224915 0.491600096225739 0.485562801361084 0.480958491563797 0.481259196996689 0.487768709659576 0.488291889429092 0.491522610187531 0.486686110496521 0.482295602560043 0.477462291717529 0.480698198080063 0.482141405344009 0.488112390041351 0.479714512825012 0.470261603593826 0.473860204219818 0.47885000705719 0.48100408911705 0.488269001245499 0.47901839017868 0.471444189548492 0.474112898111343 0.469761610031128 0.4691301882267 0.477570503950119 0.475818902254105 0.468177407979965 0.462220907211304 0.465569406747818 0.462214410305023 0.455040812492371 0.449117004871368 0.454114109277725 0.455293089151382 0.452391803264618 0.448439210653305 0.45133849978447 0.453592985868454
0.49139991402626 0.490710914134979 0.487365901470184 0.483301490545273 0.483734607696533 0.48497611284256 0.486838191747665 0.48550620675087 0.483950793743134 0.479045808315277 0.481801211833954 0.483738094568253 0.481454789638519 0.481386095285416 0.484230190515518 0.481467485427856 0.482812911272049 0.479758113622665 0.479344308376312 0.476406186819077 0.476014912128448 0.466390311717987 0.475059002637863 0.473180890083313 0.472527086734772 0.473603993654251 0.478274285793304 0.481801897287369 0.478201597929001 0.471935600042343 0.470045387744904 0.468684285879135 0.465929299592972 0.466063112020493 0.458653807640076 0.462520211935043 0.466345191001892 0.47109380364418 0.474244087934494 0.455600500106812 0.445515602827072 0.442903101444244 0.443109214305878 0.44656428694725 0.452848613262177 0.455201089382172
0.483939498662949 0.478587001562119 0.481896191835403 0.477908402681351 0.479915291070938 0.482243597507477 0.486008912324905 0.481862902641296 0.479790806770325 0.475614100694656 0.483569204807281 0.485720485448837 0.483336895704269 0.48675400018692 0.479185909032822 0.480000406503677 0.480484485626221 0.473170608282089 0.47167581319809 0.464055001735687 0.467971801757812 0.477408200502396 0.474948287010193 0.475340694189072 0.468768805265427 0.464550197124481 0.471958190202713 0.474621385335922 0.475632905960083 0.463139414787292 0.468430399894714 0.466890096664429 0.46307560801506 0.458981186151505 0.455411612987518 0.460323303937912 0.460018187761307 0.456510812044144 0.456633001565933 0.450147092342377 0.43766251206398 0.439191788434982 0.437082499265671 0.441218703985214 0.446863889694214 0.452659696340561
0.484310388565063 0.475677609443665 0.469177007675171 0.473606497049332 0.474402010440826 0.47696641087532 0.480278998613358 0.477284789085388 0.475993990898132 0.471854895353317 0.472164690494537 0.475665509700775 0.475661486387253 0.475613504648209 0.480567693710327 0.471841514110565 0.471057504415512 0.468886196613312 0.462301909923553 0.46659380197525 0.467406809329987 0.467224389314651 0.466972291469574 0.470565497875214 0.470140099525452 0.465604305267334 0.463223189115524 0.468969792127609 0.467426508665085 0.465172499418259 0.46921569108963 0.465721994638443 0.462604492902756 0.458553194999695 0.458973586559296 0.453016191720963 0.446562111377716 0.440694808959961 0.445705503225327 0.448229104280472 0.432987987995148 0.434512197971344 0.433847904205322 0.435006886720657 0.439988613128662 0.447843194007874
0.47774350643158 0.471770793199539 0.467357099056244 0.464268714189529 0.468031495809555 0.472804993391037 0.479509890079498 0.474494189023972 0.472448199987411 0.471823990345001 0.469435811042786 0.474161505699158 0.473470002412796 0.471162706613541 0.472528487443924 0.471065610647202 0.469290196895599 0.462625801563263 0.464806407690048 0.464884012937546 0.467755705118179 0.466133505105972 0.46585550904274 0.46530020236969 0.462395191192627 0.46326270699501 0.465459197759628 0.468523800373077 0.467180788516998 0.459326207637787 0.454108089208603 0.452441513538361 0.458983093500137 0.448625504970551 0.447597801685333 0.448279291391373 0.452961802482605 0.441059499979019 0.430943697690964 0.435936212539673 0.433388888835907 0.428635209798813 0.428416699171066 0.43758949637413 0.440260887145996 0.447798788547516
0.468150705099106 0.469505995512009 0.465274095535278 0.461599498987198 0.464443385601044 0.464692801237106 0.467528194189072 0.469376385211945 0.472870796918869 0.468700796365738 0.465550392866135 0.470382004976273 0.474169909954071 0.471164911985397 0.469977885484695 0.468070596456528 0.465016394853592 0.455842912197113 0.459669709205627 0.461840093135834 0.462491810321808 0.458010494709015 0.460794985294342 0.454235285520554 0.453198194503784 0.454320192337036 0.456420689821243 0.457941800355911 0.459585905075073 0.450569212436676 0.449161112308502 0.440673500299454 0.447811812162399 0.44374281167984 0.435097187757492 0.436651408672333 0.437370210886002 0.427488714456558 0.424030214548111 0.424898087978363 0.423477590084076 0.420095503330231 0.421343803405762 0.429198712110519 0.433260202407837 0.434099495410919
0.462865501642227 0.464533895254135 0.462072014808655 0.460848808288574 0.461820393800735 0.461249709129333 0.458597093820572 0.463106602430344 0.464861303567886 0.467016398906708 0.463542908430099 0.465896606445312 0.466954290866852 0.465983986854553 0.462402611970901 0.459103286266327 0.45872101187706 0.457304090261459 0.458465486764908 0.452277511358261 0.449020892381668 0.448891490697861 0.446551889181137 0.444406807422638 0.451225101947784 0.449752807617188 0.450562089681625 0.455952495336533 0.454153805971146 0.44785150885582 0.442452698945999 0.436929106712341 0.435138493776321 0.435475796461105 0.433747887611389 0.42923229932785 0.421853810548782 0.415847510099411 0.410294502973557 0.411479502916336 0.41161060333252 0.411928087472916 0.412718206644058 0.410980105400085 0.411765605211258 0.415101796388626
0.460707992315292 0.461320012807846 0.458678007125854 0.455255597829819 0.452425807714462 0.452279508113861 0.451364010572433 0.454013407230377 0.457497388124466 0.458991497755051 0.459439814090729 0.460388094186783 0.460583209991455 0.459515810012817 0.455583393573761 0.458308309316635 0.459842592477798 0.457601010799408 0.448139607906342 0.446096986532211 0.4477519094944 0.446608394384384 0.446657687425613 0.441532611846924 0.440698713064194 0.441477596759796 0.443888813257217 0.445429503917694 0.450170010328293 0.45018869638443 0.450398296117783 0.441952586174011 0.433541893959045 0.428974896669388 0.429292798042297 0.430550694465637 0.431474596261978 0.416237413883209 0.40495839715004 0.406030088663101 0.405635803937912 0.406269311904907 0.408372312784195 0.409323185682297 0.408507406711578 0.411119610071182
0.455363512039185 0.455172896385193 0.451292604207993 0.448310911655426 0.447370499372482 0.451809406280518 0.451478600502014 0.452461987733841 0.453592091798782 0.455208510160446 0.456100702285767 0.450560510158539 0.453490912914276 0.449431896209717 0.452153205871582 0.450580596923828 0.449225813150406 0.44726100564003 0.444691210985184 0.442335695028305 0.437816113233566 0.436871498823166 0.43932780623436 0.439988195896149 0.442266792058945 0.439342200756073 0.435169994831085 0.438084810972214 0.443531006574631 0.442962199449539 0.436391294002533 0.43377560377121 0.428706407546997 0.427955806255341 0.422371089458466 0.414547801017761 0.415097206830978 0.400576114654541 0.39953538775444 0.401313304901123 0.402528613805771 0.407227993011475 0.404947102069855 0.403738498687744 0.406781286001205 0.410671591758728
0.453033596277237 0.451605886220932 0.443272888660431 0.441610902547836 0.444788992404938 0.446581214666367 0.448872298002243 0.449501186609268 0.449578791856766 0.449516296386719 0.446150600910187 0.445697396993637 0.445103704929352 0.445782512426376 0.446020096540451 0.447605490684509 0.445828914642334 0.442622512578964 0.439265787601471 0.436653405427933 0.432360112667084 0.428039610385895 0.427929192781448 0.426099896430969 0.432423502206802 0.432623893022537 0.428115487098694 0.429466605186462 0.432296812534332 0.431758493185043 0.43118080496788 0.416714310646057 0.41620460152626 0.411393910646439 0.414775788784027 0.411808401346207 0.397071301937103 0.395205497741699 0.395714491605759 0.397134810686111 0.394597798585892 0.394475013017654 0.397159188985825 0.397832602262497 0.400115013122559 0.401480913162231
0.44335600733757 0.445779412984848 0.437457203865051 0.435932189226151 0.439266413450241 0.441325902938843 0.442069888114929 0.442912608385086 0.437952905893326 0.438413798809052 0.441826701164246 0.442259192466736 0.441549301147461 0.43957531452179 0.439335495233536 0.438948810100555 0.435418695211411 0.436623096466064 0.433078199625015 0.430743604898453 0.427374690771103 0.42383998632431 0.420040190219879 0.42450800538063 0.42236989736557 0.422374099493027 0.421389997005463 0.413457810878754 0.411524802446365 0.413599193096161 0.413596898317337 0.409971803426743 0.411316901445389 0.412468194961548 0.417043298482895 0.402475506067276 0.389930814504623 0.390884011983871 0.390267193317413 0.39074918627739 0.391587495803833 0.39034378528595 0.392251014709473 0.393432110548019 0.390967190265656 0.389796495437622
0.437773704528809 0.433630585670471 0.432169914245605 0.435721695423126 0.436380714178085 0.437150508165359 0.437359511852264 0.433050692081451 0.434921413660049 0.436640501022339 0.439324587583542 0.440510809421539 0.438208907842636 0.435507297515869 0.431526809930801 0.429695010185242 0.429061114788055 0.428775489330292 0.421518802642822 0.417790204286575 0.41548889875412 0.411226809024811 0.410780102014542 0.414802104234695 0.413806706666946 0.402889490127563 0.403271704912186 0.400834202766418 0.404380708932877 0.401638090610504 0.402666300535202 0.414328396320343 0.407768905162811 0.400248497724533 0.394891500473022 0.383890807628632 0.383723706007004 0.383919596672058 0.381511509418488 0.378642112016678 0.378720700740814 0.379577398300171 0.380809187889099 0.381601512432098 0.378928899765015 0.373191803693771
0.430185914039612 0.428465306758881 0.43206650018692 0.43045100569725 0.432174891233444 0.432192087173462 0.430032193660736 0.427884995937347 0.430366486310959 0.432788908481598 0.432191789150238 0.434140890836716 0.434431910514832 0.429696410894394 0.43070849776268 0.42790961265564 0.422844499349594 0.417266398668289 0.416114389896393 0.415403008460999 0.41026309132576 0.399045497179031 0.394039303064346 0.394228994846344 0.391448199748993 0.384678602218628 0.385425209999084 0.387394100427628 0.38859748840332 0.398626506328583 0.407290905714035 0.402009785175323 0.390694499015808 0.385583192110062 0.38196650147438 0.379911005496979 0.377097100019455 0.376587003469467 0.374278694391251 0.374830603599548 0.370993196964264 0.367374390363693 0.365392088890076 0.365553200244904 0.36648228764534 0.366473585367203
0.426131397485733 0.422604709863663 0.427118808031082 0.425139486789703 0.421781092882156 0.423684597015381 0.42512458562851 0.421842694282532 0.421904802322388 0.423879206180573 0.427281409502029 0.427434295415878 0.427390098571777 0.424781501293182 0.421395003795624 0.420042514801025 0.415203392505646 0.40984570980072 0.410045087337494 0.411554306745529 0.408635407686234 0.394278198480606 0.382777094841003 0.372780293226242 0.373075693845749 0.381285607814789 0.374774396419525 0.377487808465958 0.388028204441071 0.385999292135239 0.381470710039139 0.381530195474625 0.377878785133362 0.375766307115555 0.372578114271164 0.370539903640747 0.367701590061188 0.364970803260803 0.365096390247345 0.360748589038849 0.361173808574677 0.362230807542801 0.359976887702942 0.356294512748718 0.357587695121765 0.357157588005066
0.420836001634598 0.4176265001297 0.420396894216537 0.419766187667847 0.417540609836578 0.419593006372452 0.419077485799789 0.418430596590042 0.420661389827728 0.422511488199234 0.421541512012482 0.42098268866539 0.419433802366257 0.418952196836472 0.413257986307144 0.411192506551743 0.4074786901474 0.406988114118576 0.405949890613556 0.405230104923248 0.397975891828537 0.382279306650162 0.364471197128296 0.360894292593002 0.357529014348984 0.358982712030411 0.360374510288239 0.366463989019394 0.368046194314957 0.370791107416153 0.373671799898148 0.373397409915924 0.370361506938934 0.36726900935173 0.363730490207672 0.359930902719498 0.361208111047745 0.360590785741806 0.358316212892532 0.359685212373734 0.360761702060699 0.356994986534119 0.350867688655853 0.347691714763641 0.346240907907486 0.346653997898102
0.412769198417664 0.413221895694733 0.41366970539093 0.412973701953888 0.412466794252396 0.413085401058197 0.41312700510025 0.415279805660248 0.415401011705399 0.414924710988998 0.414807498455048 0.411531209945679 0.411959707736969 0.409517198801041 0.409958302974701 0.403067111968994 0.399565994739532 0.399922698736191 0.397149711847305 0.394482403993607 0.389143198728561 0.375791996717453 0.363980889320374 0.350880801677704 0.348029911518097 0.350865811109543 0.354072511196136 0.357543110847473 0.360787689685822 0.36372908949852 0.365971505641937 0.367861092090607 0.366258203983307 0.364802896976471 0.356204211711884 0.354354411363602 0.355676293373108 0.354262888431549 0.352420210838318 0.350735187530518 0.350576996803284 0.347041398286819 0.341066807508469 0.339296787977219 0.341044992208481 0.33844780921936
0.408796399831772 0.409497201442719 0.409709393978119 0.413558512926102 0.411464214324951 0.411747187376022 0.411690205335617 0.411123514175415 0.408794701099396 0.407001912593842 0.405324906110764 0.405950307846069 0.404334485530853 0.404176503419876 0.397283494472504 0.395566791296005 0.392428785562515 0.395577698945999 0.390287488698959 0.386780887842178 0.381490409374237 0.372306108474731 0.348281294107437 0.344494998455048 0.346089988946915 0.347835302352905 0.351128190755844 0.353221893310547 0.353682786226273 0.355196297168732 0.355412006378174 0.356692492961884 0.355912089347839 0.355536013841629 0.350695192813873 0.350757986307144 0.348601907491684 0.346122205257416 0.341708302497864 0.341782212257385 0.339296489953995 0.336323797702789 0.334774494171143 0.33051010966301 0.330222100019455 0.329643398523331
