ENMTML/All_vars/Predictors/EUR_only/bio31.asc
NCOLS 411 
NROWS 214 
XLLCORNER -11.5 
YLLCORNER 35.666666666112 
CELLSIZE 0.166666666666667 
NODATA_value -3.4e+38 
[rows 120 to 139 of 214, columns 92 to 137 of 411]
0.140674695372581 0.151960298418999 0.161825492978096 0.169335305690765 0.170373901724815 0.166971802711487 0.160751804709435 0.153815701603889 0.143472895026207 0.141384303569794 0.140719801187515 0.143250599503517 0.145096406340599 0.143722593784332 0.143285393714905 0.151342302560806 0.164540201425552 0.171840697526932 0.139996200799942 0.101712197065353 0.0819538235664368 0.0671973824501038 0.0677910372614861 0.0677112266421318 0.0714301764965057 0.0625464916229248 0.0652307718992233 0.0621066689491272 0.061938151717186 0.0679484084248543 0.101914502680302 0.11327700316906 0.128651902079582 0.156020000576973 0.143281295895576 0.104940496385098 0.140584602952003 0.144718900322914 0.11737360060215 0.154024705290794 0.175258994102478 0.182064697146416 0.183563798666 0.163213402032852 0.157960996031761 0.166905298829079
0.154702693223953 0.162935793399811 0.176735401153564 0.185353696346283 0.186814904212952 0.180873602628708 0.168539598584175 0.156333193182945 0.141084000468254 0.129167005419731 0.128420501947403 0.139664694666862 0.14111790060997 0.140793606638908 0.136172205209732 0.14282500743866 0.153697893023491 0.16073539853096 0.158573001623154 0.124947302043438 0.0970139876008034 0.0860436782240868 0.0743065476417542 0.0618385300040245 0.0756771713495255 0.0682861730456352 0.0609783604741096 0.0620814003050327 0.0684758126735687 0.108618199825287 0.106222100555897 0.114229701459408 0.170678600668907 0.169926896691322 0.153314396739006 0.141735702753067 0.15975059568882 0.158782601356506 0.179727301001549 0.172795295715332 0.202797994017601 0.196817606687546 0.168228596448898 0.151007801294327 0.153293892741203 0.159548997879028
0.154961198568344 0.169944599270821 0.175494804978371 0.194001704454422 0.196375504136086 0.182393699884415 0.167466893792152 0.15721969306469 0.146153196692467 0.135196104645729 0.122779503464699 0.127597004175186 0.11733990162611 0.116861000657082 0.125428602099419 0.1375333070755 0.145431205630302 0.144310995936394 0.15600560605526 0.154774203896523 0.130204007029533 0.118414402008057 0.112899497151375 0.0960479229688644 0.100815698504448 0.0994508415460587 0.0664598271250725 0.0857556536793709 0.118110500276089 0.152345806360245 0.15698130428791 0.148614600300789 0.170606195926666 0.125196292996407 0.132692903280258 0.17403019964695 0.165364503860474 0.196591407060623 0.19086529314518 0.16618449985981 0.189972996711731 0.198647201061249 0.177145004272461 0.166740700602531 0.160067304968834 0.153110697865486
0.166211307048798 0.171031102538109 0.177006796002388 0.170609697699547 0.180181294679642 0.164880901575089 0.159909099340439 0.145975604653358 0.133182197809219 0.118947103619576 0.111621700227261 0.103096798062325 0.0789821073412895 0.0759034380316734 0.0690798535943031 0.0893095731735229 0.121734499931335 0.137190595269203 0.143591806292534 0.160440593957901 0.150954201817513 0.139731407165527 0.140070304274559 0.139413997530937 0.10791639983654 0.0861639529466629 0.121953703463078 0.117829501628876 0.156556203961372 0.187227800488472 0.179032504558563 0.166268795728683 0.159036800265312 0.143524393439293 0.170016393065453 0.171069100499153 0.179592102766037 0.170731604099274 0.200135499238968 0.190935298800468 0.124645702540874 0.123207196593285 0.164618298411369 0.165320307016373 0.160652905702591 0.164526805281639
0.165423601865768 0.162672594189644 0.162179097533226 0.159025996923447 0.160591498017311 0.146531105041504 0.135939493775368 0.127007901668549 0.117149196565151 0.0991765484213829 0.0961581394076347 0.0685250833630562 0.0536436289548874 0.0527629293501377 0.0522175207734108 0.0507711581885815 0.0625012069940567 0.0867326632142067 0.103949196636677 0.132913500070572 0.15734489262104 0.139943495392799 0.143065005540848 0.136992394924164 0.11176410317421 0.112486496567726 0.151316106319427 0.185629099607468 0.197945296764374 0.211865097284317 0.197280600667 0.163121193647385 0.108537100255489 0.151527494192123 0.170012906193733 0.173241302371025 0.14911650121212 0.142682805657387 0.189484402537346 0.215024203062057 0.193640604615211 0.133382901549339 0.0981514975428581 0.113210797309875 0.113289400935173 0.154070004820824
0.172307401895523 0.169184803962708 0.151720702648163 0.150490403175354 0.147924602031708 0.134633898735046 0.127063497900963 0.104699000716209 0.0884567573666573 0.0859495177865028 0.0823545828461647 0.0564217492938042 0.055151678621769 0.0552427284419537 0.0542517192661762 0.0522463992238045 0.0503528602421284 0.0587099604308605 0.078192837536335 0.0687245279550552 0.136761397123337 0.192215502262115 0.202898994088173 0.157618597149849 0.185488805174828 0.217129200696945 0.19871099293232 0.175736501812935 0.179452702403069 0.224650800228119 0.231104999780655 0.196163296699524 0.147112503647804 0.150979205965996 0.169358894228935 0.160224094986916 0.125804394483566 0.174184203147888 0.234661102294922 0.22942890226841 0.215910896658897 0.197777703404427 0.156330704689026 0.118533700704575 0.110145002603531 0.10161229968071
0.156145200133324 0.149020597338676 0.140160694718361 0.129756093025208 0.116824701428413 0.120575897395611 0.119935102760792 0.100652299821377 0.0958709195256233 0.0923648029565811 0.0651720836758614 0.0553661398589611 0.0557615607976913 0.0561961904168129 0.0548974983394146 0.0529650785028934 0.0589361190795898 0.0632106736302376 0.0734495222568512 0.0923167020082474 0.154219806194305 0.186208695173264 0.186526596546173 0.185738503932953 0.175726905465126 0.188500300049782 0.184101998806 0.128593504428864 0.18782439827919 0.237283304333687 0.234594598412514 0.225801795721054 0.202140301465988 0.185577794909477 0.18377360701561 0.183474898338318 0.187944203615189 0.234472900629044 0.242782697081566 0.234298005700111 0.222028806805611 0.21548530459404 0.208308398723602 0.194678500294685 0.186992198228836 0.151762500405312
0.158230006694794 0.143722996115685 0.12859320640564 0.124066799879074 0.124167196452618 0.126029998064041 0.10721729695797 0.105527497828007 0.0883088633418083 0.0610996186733246 0.0712165907025337 0.0701954066753387 0.0727337375283241 0.0821466892957687 0.0764113515615463 0.0926574766635895 0.0981299430131912 0.111183300614357 0.131246402859688 0.159077405929565 0.161375105381012 0.143338397145271 0.134946599602699 0.188637793064117 0.175896093249321 0.191206499934196 0.228990495204926 0.236898601055145 0.247327595949173 0.242313593626022 0.245134502649307 0.226315498352051 0.193581506609917 0.170041993260384 0.190451696515083 0.223232999444008 0.237112298607826 0.241665005683899 0.239322006702423 0.229535698890686 0.221524506807327 0.208117797970772 0.209735199809074 0.17657770216465 0.172294706106186 0.179621398448944
0.166248396039009 0.155754595994949 0.129375398159027 0.109567902982235 0.108773000538349 0.103231199085712 0.0929318815469742 0.0834830775856972 0.0748792365193367 0.0710766986012459 0.0720753893256187 0.0818217173218727 0.101296298205853 0.123920902609825 0.142454594373703 0.154141798615456 0.160881295800209 0.169830396771431 0.19798170030117 0.167708694934845 0.131156504154205 0.159462600946426 0.142914205789566 0.186486601829529 0.261160999536514 0.250156193971634 0.25499638915062 0.261676698923111 0.250101089477539 0.229347601532936 0.231701105833054 0.23250949382782 0.198523804545403 0.164870500564575 0.208375304937363 0.227651000022888 0.227481201291084 0.239429697394371 0.248766198754311 0.222533002495766 0.203065395355225 0.207542702555656 0.206545501947403 0.160798698663712 0.163742199540138 0.160006195306778
0.193377494812012 0.173635393381119 0.159919500350952 0.146902799606323 0.146661594510078 0.144964501261711 0.124948002398014 0.109828099608421 0.100824296474457 0.0955109670758247 0.0976331606507301 0.108465597033501 0.140756398439407 0.160710707306862 0.163297101855278 0.181507304310799 0.191654697060585 0.182841792702675 0.151545107364655 0.118748500943184 0.147762298583984 0.181268498301506 0.207131907343864 0.22180549800396 0.218881100416183 0.229913204908371 0.239910095930099 0.257578790187836 0.24226950109005 0.183106005191803 0.192855700850487 0.186976104974747 0.200139701366425 0.193891406059265 0.215433493256569 0.206958904862404 0.222750097513199 0.232390999794006 0.232273399829865 0.193924993276596 0.193242996931076 0.201635599136353 0.203723698854446 0.194787502288818 0.161336094141006 0.149798199534416
0.223858803510666 0.210393905639648 0.202453598380089 0.192678704857826 0.168896600604057 0.153103902935982 0.146080195903778 0.149942293763161 0.14055210351944 0.135666996240616 0.131567999720573 0.136156603693962 0.151901304721832 0.173448503017426 0.188772693276405 0.193845003843307 0.186103194952011 0.151036307215691 0.158717200160027 0.161553993821144 0.168347105383873 0.183797597885132 0.201257899403572 0.193075105547905 0.184890195727348 0.208738893270493 0.244035094976425 0.246616899967194 0.235445395112038 0.176645800471306 0.154918000102043 0.14877000451088 0.165658697485924 0.171634405851364 0.183553099632263 0.201354399323463 0.199175104498863 0.203769594430923 0.194031804800034 0.192663595080376 0.183015704154968 0.187244400382042 0.201296001672745 0.198041096329689 0.17439129948616 0.152938395738602
0.243692994117737 0.237689599394798 0.221253499388695 0.210051998496056 0.200002700090408 0.183176293969154 0.166296198964119 0.149149402976036 0.152391403913498 0.154707700014114 0.153228104114532 0.14837920665741 0.146347597241402 0.180465400218964 0.215880200266838 0.195248305797577 0.206370800733566 0.206008106470108 0.194592103362083 0.182239100337029 0.180133000016212 0.199224397540092 0.195925906300545 0.18782140314579 0.169504702091217 0.173250004649162 0.238458395004272 0.235054805874825 0.225428804755211 0.1745246052742 0.175594300031662 0.171084299683571 0.177762895822525 0.184240698814392 0.182381495833397 0.177940204739571 0.164770498871803 0.155590295791626 0.155368894338608 0.154853895306587 0.152451604604721 0.168290004134178 0.181187897920609 0.193781405687332 0.175195097923279 0.142484903335571
0.241815701127052 0.242993295192719 0.228611901402473 0.21803130209446 0.198893904685974 0.199292093515396 0.181032106280327 0.164921000599861 0.159424602985382 0.150720104575157 0.173569902777672 0.173710897564888 0.181818902492523 0.190298393368721 0.211056098341942 0.205657795071602 0.204745501279831 0.211199000477791 0.192008599638939 0.175881996750832 0.179490000009537 0.181768193840981 0.1734679043293 0.16249680519104 0.15992559492588 0.187644600868225 0.226876392960548 0.226239994168282 0.219935700297356 0.196546494960785 0.191692695021629 0.194074407219887 0.20170359313488 0.196116700768471 0.174409404397011 0.155742093920708 0.140127897262573 0.138446494936943 0.128135800361633 0.129148900508881 0.131033897399902 0.13847379386425 0.152468100190163 0.167269095778465 0.152072906494141 0.137006297707558
0.229784801602364 0.233564496040344 0.242225602269173 0.22885200381279 0.210475996136665 0.203516200184822 0.192773506045341 0.175709992647171 0.155869603157043 0.160531505942345 0.156862199306488 0.185245007276535 0.179928302764893 0.190449506044388 0.205364093184471 0.202349007129669 0.189225003123283 0.194446101784706 0.188756495714188 0.182698994874954 0.164127305150032 0.165324106812477 0.168811097741127 0.175449892878532 0.178394496440887 0.216536104679108 0.220961004495621 0.220923095941544 0.20108750462532 0.184390902519226 0.172818094491959 0.185241103172302 0.187741100788116 0.153480902314186 0.13040480017662 0.14148260653019 0.130537897348404 0.122103303670883 0.112362898886204 0.115851499140263 0.116421297192574 0.116900503635406 0.127470999956131 0.112035498023033 0.113083496689796 0.112744100391865
0.227825999259949 0.253328502178192 0.24740169942379 0.240601792931557 0.220489695668221 0.206949606537819 0.204592704772949 0.189422905445099 0.163487702608109 0.161779493093491 0.159852102398872 0.178290799260139 0.169704601168633 0.194364503026009 0.198947697877884 0.191352695226669 0.19507959485054 0.193925097584724 0.194092705845833 0.178918197751045 0.16434819996357 0.171595692634583 0.182902306318283 0.192255899310112 0.206402093172073 0.21080270409584 0.213068902492523 0.176260903477669 0.162514999508858 0.146989107131958 0.151403799653053 0.161573693156242 0.165511593222618 0.150971606373787 0.122425198554993 0.110776796936989 0.114285200834274 0.104492202401161 0.0849204063415527 0.10025080293417 0.114015899598598 0.0875481367111206 0.0910530164837837 0.0839869379997253 0.0913424268364906 0.0928221568465233
0.254453390836716 0.246118605136871 0.236563295125961 0.233017399907112 0.238102197647095 0.230331793427467 0.213655903935432 0.190709605813026 0.162933498620987 0.152823403477669 0.167397603392601 0.171215698122978 0.185343503952026 0.175128296017647 0.183682799339294 0.191001996397972 0.194379404187202 0.194528505206108 0.181168302893639 0.172110095620155 0.155410200357437 0.184540405869484 0.190032094717026 0.199562400579453 0.206276401877403 0.204058304429054 0.144194796681404 0.0800860896706581 0.0705486834049225 0.0992603003978729 0.110887497663498 0.116061300039291 0.13046969473362 0.130083799362183 0.12714110314846 0.114265203475952 0.0638955011963844 0.0599705688655376 0.0595750398933887 0.0688322186470032 0.0845377072691917 0.0883332416415215 0.0873878672719002 0.0896706730127335 0.102632001042366 0.106916598975658
0.264364898204803 0.258155703544617 0.248147398233414 0.239136695861816 0.238804399967194 0.232955798506737 0.218683704733849 0.192667201161385 0.165075898170471 0.154674395918846 0.148423299193382 0.157394394278526 0.166892200708389 0.164768397808075 0.17930069565773 0.185710206627846 0.186714395880699 0.179672107100487 0.162962093949318 0.117679201066494 0.084582731127739 0.164842203259468 0.190271198749542 0.193557694554329 0.192468002438545 0.155092105269432 0.0428484715521336 0.0525612495839596 0.074380598962307 0.093609906733036 0.101087100803852 0.0997936576604843 0.108818702399731 0.0873539671301842 0.0509589612483978 0.0460402108728886 0.0476993806660175 0.0636323168873787 0.0786796435713768 0.0833161994814873 0.0844946280121803 0.0764118507504463 0.0732850283384323 0.0708619579672813 0.0731698274612427 0.0653296783566475
0.261017292737961 0.253720194101334 0.245877996087074 0.248036995530128 0.241134896874428 0.229291006922722 0.204459801316261 0.182747095823288 0.163600698113441 0.144686698913574 0.139109000563622 0.152730405330658 0.140478506684303 0.158774599432945 0.16690319776535 0.163661301136017 0.16975000500679 0.160371199250221 0.13668429851532 0.0723329931497574 0.0628813207149506 0.131976500153542 0.18758650124073 0.180898800492287 0.159142896533012 0.101700201630592 0.0526375882327557 0.0565270595252514 0.0801418572664261 0.0961309671401978 0.0938179567456245 0.0669703036546707 0.0377525798976421 0.0269109196960926 0.022087449207902 0.0320222601294518 0.0575445294380188 0.0740610435605049 0.0676834136247635 0.0566872507333755 0.0492469482123852 0.0443009808659554 0.0480556301772594 0.0391535684466362 0.0317255593836308 0.0336807183921337
0.242049098014832 0.25777280330658 0.251677691936493 0.240022301673889 0.221020102500916 0.2057736068964 0.182312399148941 0.176144003868103 0.16537369787693 0.145581901073456 0.138683393597603 0.141200006008148 0.143518701195717 0.151748895645142 0.149420201778412 0.153162494301796 0.146454095840454 0.120665900409222 0.114326700568199 0.0641416609287262 0.0754750072956085 0.184531897306442 0.18113200366497 0.163953602313995 0.0992933437228203 0.0805168896913528 0.0562099888920784 0.0550491102039814 0.0669557526707649 0.0626241117715836 0.0410268604755402 0.030003959313035 0.0263617001473904 0.0239988006651402 0.0306343901902437 0.0452891997992992 0.0506330691277981 0.045746210962534 0.0365083292126656 0.0300736296921968 0.0225712899118662 0.0203888695687056 0.0205166004598141 0.0185496993362904 0.0191557593643665 0.0207525007426739
0.251080095767975 0.248800903558731 0.235251903533936 0.223964497447014 0.2049241065979 0.198962897062302 0.195307105779648 0.174427106976509 0.150818601250648 0.134529694914818 0.143885403871536 0.131678402423859 0.14276160299778 0.141834497451782 0.137304395437241 0.118592903017998 0.110099598765373 0.0686281099915504 0.0480993911623955 0.044121790677309 0.122340902686119 0.184429705142975 0.163641095161438 0.13507279753685 0.0839166417717934 0.0351849012076855 0.0355911105871201 0.0383127592504025 0.0459779314696789 0.0394252017140388 0.0330596007406712 0.0287998393177986 0.02708924934268 0.0265440307557583 0.0215526297688484 0.0204250402748585 0.0193558093160391 0.0197282005101442 0.0179689396172762 0.0166071094572544 0.0154838301241398 0.0149416197091341 0.0142964804545045 0.0151741402223706 0.0143843600526452 0.0150012699887156
