ENMTML/All_vars/Predictors/EUR_only/bio34.asc
NCOLS 440 
NROWS 275 
XLLCORNER -11.5 
YLLCORNER 25.4999999994691 
CELLSIZE 0.166666666666667 
NODATA_value -3.4e+38 
[rows 40 to 59 of 275, columns 322 to 367 of 440]
0.66288560628891 0.657210886478424 0.653428316116333 0.663938522338867 0.670788586139679 0.67388242483139 0.669089674949646 0.653636515140533 0.653543770313263 0.656785070896149 0.659059882164001 0.658679783344269 0.660534620285034 0.655575573444366 0.653363227844238 0.65281730890274 0.653616309165955 0.655704319477081 0.652700126171112 0.648208379745483 0.647724688053131 0.636433005332947 0.631992816925049 0.626586616039276 0.630492091178894 0.637679576873779 0.648634076118469 0.659266293048859 0.67910099029541 0.674240529537201 0.669255912303925 0.662157297134399 0.650878429412842 0.637691915035248 0.627714097499847 0.627069711685181 0.637045919895172 0.639628827571869 0.6380255818367 0.627709627151489 0.626934826374054 0.633068978786469 0.638354301452637 0.647708415985107 0.665790915489197 0.676369905471802
0.648127794265747 0.648654580116272 0.648438215255737 0.649811625480652 0.647934973239899 0.648552298545837 0.65151447057724 0.655098676681519 0.658226072788239 0.662487924098969 0.654816210269928 0.653384327888489 0.65275377035141 0.652811527252197 0.647571384906769 0.654018521308899 0.659038782119751 0.662781476974487 0.652784287929535 0.648119390010834 0.646117091178894 0.64167332649231 0.635488927364349 0.628207683563232 0.624924600124359 0.631746709346771 0.635029375553131 0.644068479537964 0.665580272674561 0.67229151725769 0.665044128894806 0.673730790615082 0.661948621273041 0.661387324333191 0.650173783302307 0.643993020057678 0.632123470306396 0.634520411491394 0.624035894870758 0.618145406246185 0.622679710388184 0.620371103286743 0.630906701087952 0.643588304519653 0.653009176254272 0.652472376823425
0.629822373390198 0.635011613368988 0.638074398040771 0.639060914516449 0.64669007062912 0.65184497833252 0.658612370491028 0.662275314331055 0.662380576133728 0.66314959526062 0.66174328327179 0.659278094768524 0.647807896137238 0.650778770446777 0.645868420600891 0.645420074462891 0.649036884307861 0.652423620223999 0.647635817527771 0.637073814868927 0.640795290470123 0.641334176063538 0.639006614685059 0.635384023189545 0.620818316936493 0.623389899730682 0.627023875713348 0.630553007125854 0.640501618385315 0.65689617395401 0.668769776821136 0.667177081108093 0.661499917507172 0.655846297740936 0.653563916683197 0.652712821960449 0.644135594367981 0.643517076969147 0.633528709411621 0.620388627052307 0.614668011665344 0.6297287940979 0.633417010307312 0.644454598426819 0.634218990802765 0.640771389007568
0.628104388713837 0.633996486663818 0.648482382297516 0.652393221855164 0.670297920703888 0.672712981700897 0.669068098068237 0.662914216518402 0.661597728729248 0.661082684993744 0.653956174850464 0.650927186012268 0.649528384208679 0.646353781223297 0.643183410167694 0.642567992210388 0.657324910163879 0.661144971847534 0.673865675926208 0.671981990337372 0.661225914955139 0.646756887435913 0.650295615196228 0.663333475589752 0.647638916969299 0.636041820049286 0.632203578948975 0.622237324714661 0.625526785850525 0.630627512931824 0.638403594493866 0.648243129253387 0.646106600761414 0.649135589599609 0.654184818267822 0.646219313144684 0.637373924255371 0.629792511463165 0.621692478656769 0.621681272983551 0.635036528110504 0.636997222900391 0.633957028388977 0.637785375118256 0.641921699047089 0.64028000831604
0.632546722888947 0.644637227058411 0.650166094303131 0.648616373538971 0.659274816513062 0.662211418151855 0.658403813838959 0.655917286872864 0.65598851442337 0.651014626026154 0.649250388145447 0.649647116661072 0.644589602947235 0.64058530330658 0.637840211391449 0.637248575687408 0.644629120826721 0.649138391017914 0.659839391708374 0.66789847612381 0.66220098733902 0.65837562084198 0.662603914737701 0.666561424732208 0.662698984146118 0.66406911611557 0.646097183227539 0.637900829315186 0.641705811023712 0.626484572887421 0.621055126190186 0.62238472700119 0.63867062330246 0.645353317260742 0.658897519111633 0.644215226173401 0.641874313354492 0.627658188343048 0.624134480953217 0.640337407588959 0.634448170661926 0.629152178764343 0.625562489032745 0.634064376354218 0.638732373714447 0.637681305408478
0.623542726039886 0.63145387172699 0.638820588588715 0.642609775066376 0.64933967590332 0.654403924942017 0.669036388397217 0.666501700878143 0.66485869884491 0.675715386867523 0.667909383773804 0.661562025547028 0.656317472457886 0.650436103343964 0.641276776790619 0.637486696243286 0.633195698261261 0.633137226104736 0.640920221805573 0.638672113418579 0.644514322280884 0.656282901763916 0.656171023845673 0.667484879493713 0.658399224281311 0.658591210842133 0.650909721851349 0.651780426502228 0.649606704711914 0.638208627700806 0.634897887706757 0.632716476917267 0.620107889175415 0.622649788856506 0.637090623378754 0.632340610027313 0.62988692522049 0.624389410018921 0.616994678974152 0.634957611560822 0.636582791805267 0.636064827442169 0.623355329036713 0.629623174667358 0.639054179191589 0.642522573471069
0.623245418071747 0.633771598339081 0.643611371517181 0.655121028423309 0.664706289768219 0.670639216899872 0.681621313095093 0.672217488288879 0.679815828800201 0.687033414840698 0.697422087192535 0.685857772827148 0.66777229309082 0.668000876903534 0.658727288246155 0.662625312805176 0.659486889839172 0.656558513641357 0.643711686134338 0.636136472225189 0.629149317741394 0.634289622306824 0.651912987232208 0.662869870662689 0.655607283115387 0.645277619361877 0.648206293582916 0.657215416431427 0.659379422664642 0.650443315505981 0.633306622505188 0.630026817321777 0.623925924301147 0.616123676300049 0.61857807636261 0.622741997241974 0.626200318336487 0.627747416496277 0.62535959482193 0.625620484352112 0.631936073303223 0.628010392189026 0.625055074691772 0.618752121925354 0.62164968252182 0.629288911819458
0.626499772071838 0.648454308509827 0.660094916820526 0.66897851228714 0.672682881355286 0.666235685348511 0.660284101963043 0.667432308197021 0.674479126930237 0.691560626029968 0.706459522247314 0.693614780902863 0.666216671466827 0.665098905563354 0.681025922298431 0.674094319343567 0.671277821063995 0.661184787750244 0.659730911254883 0.657152473926544 0.656149685382843 0.644733488559723 0.631278872489929 0.635867774486542 0.640007376670837 0.6329705119133 0.632011771202087 0.646972894668579 0.644238829612732 0.651621878147125 0.644060671329498 0.623791217803955 0.624083578586578 0.620614171028137 0.610425293445587 0.619548618793488 0.627981185913086 0.636130273342133 0.624104201793671 0.60833728313446 0.612409770488739 0.609857678413391 0.612748086452484 0.612377226352692 0.615064918994904 0.621347784996033
0.627298593521118 0.634891986846924 0.659857213497162 0.671262621879578 0.659043073654175 0.654848873615265 0.662285983562469 0.668483972549438 0.671640872955322 0.682490408420563 0.6927570104599 0.672869980335236 0.672041416168213 0.66730260848999 0.656764090061188 0.670226216316223 0.666624784469604 0.660434007644653 0.65893691778183 0.661940515041351 0.656927525997162 0.654906094074249 0.640527129173279 0.638453781604767 0.648745179176331 0.649813771247864 0.631361901760101 0.628416478633881 0.643934428691864 0.635919690132141 0.633480489253998 0.626293420791626 0.620518624782562 0.619102001190186 0.604080319404602 0.602026224136353 0.615580916404724 0.622455775737762 0.618470788002014 0.618912816047668 0.627292513847351 0.618577182292938 0.609292924404144 0.607023775577545 0.615022718906403 0.6211758852005
0.627418994903564 0.627367317676544 0.631678521633148 0.646388411521912 0.652249991893768 0.653788387775421 0.65938812494278 0.654061377048492 0.666850686073303 0.689418375492096 0.68193107843399 0.678215086460114 0.671702206134796 0.662005186080933 0.656462073326111 0.655288577079773 0.654064416885376 0.658985018730164 0.663016974925995 0.656339585781097 0.645370781421661 0.639136075973511 0.638760924339294 0.633265674114227 0.639391779899597 0.63707971572876 0.630582511425018 0.616079211235046 0.625224173069 0.626877307891846 0.630681216716766 0.630775928497314 0.630111873149872 0.615443825721741 0.60637378692627 0.619373798370361 0.620012700557709 0.618578314781189 0.621569812297821 0.629301190376282 0.622131705284119 0.617277383804321 0.612268686294556 0.609863519668579 0.608575284481049 0.614380121231079
0.624335587024689 0.621405720710754 0.61889660358429 0.620319187641144 0.621500074863434 0.633648872375488 0.640560626983643 0.650422692298889 0.662637710571289 0.66937392950058 0.675614774227142 0.67948979139328 0.669791996479034 0.661539077758789 0.654979526996613 0.655559897422791 0.651355385780334 0.655584871768951 0.649056077003479 0.641465127468109 0.635117828845978 0.633660078048706 0.634989202022552 0.632391810417175 0.627422988414764 0.621706187725067 0.613591015338898 0.623207688331604 0.62851881980896 0.634212076663971 0.624798774719238 0.620438098907471 0.620393216609955 0.614152908325195 0.604863226413727 0.620602309703827 0.630641877651215 0.624932527542114 0.625887989997864 0.627773821353912 0.619437873363495 0.620890080928802 0.617375791072845 0.61674177646637 0.61475682258606 0.618055522441864
0.636434614658356 0.628897607326508 0.622182428836823 0.619982779026031 0.620051324367523 0.624474585056305 0.622762084007263 0.625826895236969 0.645957171916962 0.648679912090302 0.660988628864288 0.665592610836029 0.673560917377472 0.667233824729919 0.665250718593597 0.665077388286591 0.654093980789185 0.65310537815094 0.656568825244904 0.653967201709747 0.646907925605774 0.63650381565094 0.634591519832611 0.628185272216797 0.617163181304932 0.618607223033905 0.617904901504517 0.614914417266846 0.621318995952606 0.62922739982605 0.627630174160004 0.61889922618866 0.613506674766541 0.614297688007355 0.62220162153244 0.628685176372528 0.631886780261993 0.63587898015976 0.628947079181671 0.623983383178711 0.616548418998718 0.61227548122406 0.613950610160828 0.608486413955688 0.602766275405884 0.613564908504486
0.640851616859436 0.635559618473053 0.636881828308105 0.632096171379089 0.626076817512512 0.633682787418365 0.628811180591583 0.627533078193665 0.622673511505127 0.62904942035675 0.63645738363266 0.642543792724609 0.648317396640778 0.641963124275208 0.649874210357666 0.646224617958069 0.650986909866333 0.649706780910492 0.645458877086639 0.642584979534149 0.642386615276337 0.641765177249908 0.629572927951813 0.626028120517731 0.627856314182281 0.619263827800751 0.614082992076874 0.610836923122406 0.617695212364197 0.619924485683441 0.617485225200653 0.616317689418793 0.6150221824646 0.616691827774048 0.617936611175537 0.620138227939606 0.624774992465973 0.625184714794159 0.617254078388214 0.611617684364319 0.609965622425079 0.61025071144104 0.605716526508331 0.601569473743439 0.608158528804779 0.612338304519653
0.644926607608795 0.641374528408051 0.637610077857971 0.636174976825714 0.627780675888062 0.627356171607971 0.62385082244873 0.627584517002106 0.625214219093323 0.622821986675262 0.622410118579865 0.622788310050964 0.627383470535278 0.629364311695099 0.631135284900665 0.641035914421082 0.650111079216003 0.638461589813232 0.644260227680206 0.649558484554291 0.648383915424347 0.640700697898865 0.62922739982605 0.622197985649109 0.617562174797058 0.618905127048492 0.619361221790314 0.616504907608032 0.626870095729828 0.633321285247803 0.631982088088989 0.621334612369537 0.610311686992645 0.607428073883057 0.618195474147797 0.618151783943176 0.619673073291779 0.613680183887482 0.603859007358551 0.602835714817047 0.605000615119934 0.60461837053299 0.601420402526855 0.602766811847687 0.611032605171204 0.607819795608521
0.645123422145844 0.63915228843689 0.634032070636749 0.635252773761749 0.627784907817841 0.626848578453064 0.629534006118774 0.626264989376068 0.624350488185883 0.626843810081482 0.623389482498169 0.622218787670135 0.625109076499939 0.622463524341583 0.62444669008255 0.619309186935425 0.611576318740845 0.618733823299408 0.629920482635498 0.640672028064728 0.641197621822357 0.639189302921295 0.631245672702789 0.629216909408569 0.628125488758087 0.625805616378784 0.626353681087494 0.620051383972168 0.623266875743866 0.621399521827698 0.622779786586761 0.622253775596619 0.615449488162994 0.612413227558136 0.614113688468933 0.61755508184433 0.61772221326828 0.612926602363586 0.606605410575867 0.597981929779053 0.589450418949127 0.581046402454376 0.58568811416626 0.5847207903862 0.584253370761871 0.585968375205994
0.657122671604156 0.640599012374878 0.635649085044861 0.632494270801544 0.627415180206299 0.638214111328125 0.632474422454834 0.638860523700714 0.634617388248444 0.63440990447998 0.633985698223114 0.628592014312744 0.625923573970795 0.624923527240753 0.621305823326111 0.61887139081955 0.610054612159729 0.60580837726593 0.604132175445557 0.60355931520462 0.609700918197632 0.613436102867126 0.613145887851715 0.618389487266541 0.621387898921967 0.62082839012146 0.621186912059784 0.614934325218201 0.616975784301758 0.612470626831055 0.609468102455139 0.611485183238983 0.611161828041077 0.601471781730652 0.606612384319305 0.609825611114502 0.602716207504272 0.592633187770844 0.582677602767944 0.579123616218567 0.580251395702362 0.572444021701813 0.569814682006836 0.572848081588745 0.575121700763702 0.569355070590973
0.657382488250732 0.641147673130035 0.640425682067871 0.636232912540436 0.639622688293457 0.641773879528046 0.648230671882629 0.661263883113861 0.654362797737122 0.649883389472961 0.646483719348907 0.649941682815552 0.645425319671631 0.637813687324524 0.626640915870667 0.61885017156601 0.616263926029205 0.604596376419067 0.598474383354187 0.598948895931244 0.595311105251312 0.591186106204987 0.589665293693542 0.586237490177155 0.581401526927948 0.601829171180725 0.613196313381195 0.600956082344055 0.599276781082153 0.590427875518799 0.591311514377594 0.593073785305023 0.595935821533203 0.604751527309418 0.605120182037354 0.599237382411957 0.595076024532318 0.575411319732666 0.587178587913513 0.593745529651642 0.586991012096405 0.581242084503174 0.579949021339417 0.586062014102936 0.585957527160645 0.587013602256775
0.643302381038666 0.638742625713348 0.636058986186981 0.643085122108459 0.643834829330444 0.65963089466095 0.680871486663818 0.684833228588104 0.678435027599335 0.668664395809174 0.66731321811676 0.663815319538116 0.663230001926422 0.664584100246429 0.655907094478607 0.645168483257294 0.632910072803497 0.618390381336212 0.606579780578613 0.590567886829376 0.589449822902679 0.593198299407959 0.591434597969055 0.578950822353363 0.567328691482544 0.566361904144287 0.570660293102264 0.577921688556671 0.58657431602478 0.594403088092804 0.602388918399811 0.597982883453369 0.59761917591095 0.597541928291321 0.598062813282013 0.593981027603149 0.58009660243988 0.582159817218781 0.584814608097076 0.591101109981537 0.591270625591278 0.592919826507568 0.591643393039703 0.589249610900879 0.585744321346283 0.584185123443604
0.637634515762329 0.638772010803223 0.625320613384247 0.637211084365845 0.654729902744293 0.680304229259491 0.685724377632141 0.679657101631165 0.686199188232422 0.680883884429932 0.654670178890228 0.654966771602631 0.649663686752319 0.64951479434967 0.645503222942352 0.642054080963135 0.640986084938049 0.633552312850952 0.635185182094574 0.634160995483398 0.614879488945007 0.592997014522552 0.577579319477081 0.57161021232605 0.565174877643585 0.564369916915894 0.563914716243744 0.56444901227951 0.567836582660675 0.575052082538605 0.587038397789001 0.59717720746994 0.596963226795197 0.595893979072571 0.588266789913177 0.576303899288177 0.582612216472626 0.582545578479767 0.587292313575745 0.598134815692902 0.598985075950623 0.596445798873901 0.592196702957153 0.598011016845703 0.593364775180817 0.595895409584045
0.644469916820526 0.634893178939819 0.637023627758026 0.642013788223267 0.660445988178253 0.681482911109924 0.678233981132507 0.674612581729889 0.665816009044647 0.660573184490204 0.663043320178986 0.66395229101181 0.650987088680267 0.644956409931183 0.635599911212921 0.632448017597198 0.635624408721924 0.633307814598083 0.627248585224152 0.63016277551651 0.62809830904007 0.618227899074554 0.613510489463806 0.600177705287933 0.567776322364807 0.558534383773804 0.560680627822876 0.56138002872467 0.563824713230133 0.56775438785553 0.57026207447052 0.576123595237732 0.576987087726593 0.580894887447357 0.581005871295929 0.587567210197449 0.589243471622467 0.59779292345047 0.600314617156982 0.59858638048172 0.602457702159882 0.600212216377258 0.596301376819611 0.598523080348969 0.60014420747757 0.596821010112762
