ENMTML/All_vars/Predictors/EUR_only/bio31.asc
NCOLS 411 
NROWS 214 
XLLCORNER -11.5 
YLLCORNER 35.666666666112 
CELLSIZE 0.166666666666667 
NODATA_value -3.4e+38 
[rows 180 to 199 of 214, columns 46 to 91 of 411]
0.387305498123169 0.380344092845917 0.353081494569778 0.356393903493881 0.357592105865479 0.357324093580246 0.343345195055008 0.333459407091141 0.315417408943176 0.285874485969543 0.26330441236496 0.240073993802071 0.218795403838158 0.204610407352448 0.197213307023048 0.185941904783249 0.183232501149178 0.183659702539444 0.195360898971558 0.207819700241089 0.220431506633759 0.226736307144165 0.241690903902054 0.250541388988495 0.260951697826385 0.277955204248428 0.290492206811905 0.298128992319107 0.285835593938828 0.279969185590744 0.303369790315628 0.294655412435532 0.298271298408508 0.294454485177994 0.278898388147354 0.305424511432648 -3.4e+38 -3.4e+38 -3.4e+38 -3.4e+38 -3.4e+38 -3.4e+38 -3.4e+38 -3.4e+38 -3.4e+38 -3.4e+38
0.37280210852623 0.370783805847168 0.365665912628174 0.377435892820358 0.371725112199783 0.354691505432129 0.339365899562836 0.335216403007507 0.318655699491501 0.30894809961319 0.28583300113678 0.26089009642601 0.227737799286842 0.204570397734642 0.178718104958534 0.17792209982872 0.185857102274895 0.170428305864334 0.178676202893257 0.196449905633926 0.2088662981987 0.229358002543449 0.244143798947334 0.264864802360535 0.283773899078369 0.297760009765625 0.320672690868378 0.32576060295105 0.3197400867939 0.319853097200394 0.323029190301895 -3.4e+38 -3.4e+38 -3.4e+38 -3.4e+38 -3.4e+38 -3.4e+38 -3.4e+38 -3.4e+38 -3.4e+38 -3.4e+38 -3.4e+38 -3.4e+38 -3.4e+38 -3.4e+38 -3.4e+38
0.378793507814407 0.403023511171341 0.398105710744858 0.387649685144424 0.373823791742325 0.359329104423523 0.346688985824585 0.335944294929504 0.322367697954178 0.304361611604691 0.291839897632599 0.26099419593811 0.235248193144798 0.199676901102066 0.172235101461411 0.160029903054237 0.190343499183655 0.177507594227791 0.177186995744705 0.192160993814468 0.206393599510193 0.227440893650055 0.245840802788734 0.267156600952148 0.285913288593292 0.313847005367279 0.333569914102554 0.34786120057106 -3.4e+38 -3.4e+38 -3.4e+38 -3.4e+38 -3.4e+38 -3.4e+38 -3.4e+38 -3.4e+38 -3.4e+38 -3.4e+38 -3.4e+38 -3.4e+38 -3.4e+38 -3.4e+38 -3.4e+38 -3.4e+38 -3.4e+38 -3.4e+38
0.414351791143417 0.43265488743782 0.424462914466858 0.403329402208328 0.378393799066544 0.369828402996063 0.353072702884674 0.337105602025986 0.321706503629684 0.312833189964294 0.293762505054474 0.272525399923325 0.250209212303162 0.224647000432014 0.171626999974251 0.184573397040367 0.194283604621887 0.197220206260681 0.200720697641373 0.207315504550934 0.21143439412117 0.226929798722267 0.247100904583931 0.262621909379959 0.278983414173126 0.326915711164474 0.352181285619736 0.36510819196701 -3.4e+38 -3.4e+38 -3.4e+38 -3.4e+38 -3.4e+38 -3.4e+38 -3.4e+38 -3.4e+38 -3.4e+38 -3.4e+38 -3.4e+38 -3.4e+38 -3.4e+38 -3.4e+38 -3.4e+38 -3.4e+38 -3.4e+38 -3.4e+38
0.452842205762863 0.467461407184601 0.454883605241776 0.423613309860229 0.394884794950485 0.3779157102108 0.362977206707001 0.345116794109344 0.334055006504059 0.319820791482925 0.310129702091217 0.297064810991287 0.288374185562134 0.259617686271667 0.209176197648048 0.17377769947052 0.179518699645996 0.205024898052216 0.215315893292427 0.230465993285179 0.232399106025696 0.233979195356369 0.248432397842407 0.266655504703522 0.303831785917282 0.337961912155151 0.345771491527557 -3.4e+38 -3.4e+38 -3.4e+38 -3.4e+38 -3.4e+38 -3.4e+38 -3.4e+38 -3.4e+38 -3.4e+38 -3.4e+38 -3.4e+38 -3.4e+38 -3.4e+38 -3.4e+38 -3.4e+38 -3.4e+38 -3.4e+38 -3.4e+38 -3.4e+38
0.468124985694885 0.482818692922592 0.472337990999222 0.433658987283707 0.409960001707077 0.387918293476105 0.370278596878052 0.355354905128479 0.335117489099503 0.327621012926102 0.320799797773361 0.312600791454315 0.301777005195618 0.27118781208992 0.226857006549835 0.17719230055809 0.173688307404518 0.22035439312458 0.238976404070854 0.232903197407722 0.24761900305748 0.243118599057198 0.254240214824677 0.284192502498627 0.310931503772736 0.336452394723892 -3.4e+38 -3.4e+38 -3.4e+38 -3.4e+38 -3.4e+38 -3.4e+38 -3.4e+38 -3.4e+38 -3.4e+38 -3.4e+38 -3.4e+38 -3.4e+38 -3.4e+38 -3.4e+38 -3.4e+38 -3.4e+38 -3.4e+38 -3.4e+38 -3.4e+38 -3.4e+38
0.462120890617371 0.4693982899189 0.461326003074646 0.4416483938694 0.417763292789459 0.395819097757339 0.382838904857635 0.368440598249435 0.356108695268631 0.348387092351913 0.33205109834671 0.31901541352272 0.304661214351654 0.282343685626984 0.253227889537811 0.201059401035309 0.192313507199287 0.204861298203468 0.210287094116211 0.239635303616524 0.243857204914093 0.249839499592781 0.273527890443802 0.297120600938797 0.31586229801178 -3.4e+38 -3.4e+38 -3.4e+38 -3.4e+38 -3.4e+38 -3.4e+38 -3.4e+38 -3.4e+38 -3.4e+38 -3.4e+38 -3.4e+38 -3.4e+38 -3.4e+38 -3.4e+38 -3.4e+38 -3.4e+38 -3.4e+38 -3.4e+38 -3.4e+38 -3.4e+38 -3.4e+38
0.448611497879028 0.455123603343964 0.449620097875595 0.436489403247833 0.417951285839081 0.403517186641693 0.390415787696838 0.380299896001816 0.371345490217209 0.35893389582634 0.343538910150528 0.325338512659073 0.300297409296036 0.27202120423317 0.254659593105316 0.206766098737717 0.255799502134323 0.244129195809364 0.215512797236443 0.227058202028275 0.248321697115898 0.266651004552841 0.286954492330551 0.301111608743668 -3.4e+38 -3.4e+38 -3.4e+38 -3.4e+38 -3.4e+38 -3.4e+38 -3.4e+38 -3.4e+38 -3.4e+38 -3.4e+38 -3.4e+38 -3.4e+38 -3.4e+38 -3.4e+38 -3.4e+38 -3.4e+38 -3.4e+38 -3.4e+38 -3.4e+38 -3.4e+38 -3.4e+38 -3.4e+38
0.441744685173035 0.445544987916946 0.439719796180725 0.434357106685638 0.420107007026672 0.405924707651138 0.395359992980957 0.38242319226265 0.375430405139923 0.363215893507004 0.349304586648941 0.321229785680771 0.292307704687119 0.277957409620285 0.250589191913605 0.229416504502296 0.226226404309273 0.24850170314312 0.240450501441956 0.246229395270348 0.264941900968552 0.285357803106308 0.297116786241531 -3.4e+38 -3.4e+38 -3.4e+38 -3.4e+38 -3.4e+38 -3.4e+38 -3.4e+38 -3.4e+38 -3.4e+38 -3.4e+38 -3.4e+38 -3.4e+38 -3.4e+38 -3.4e+38 -3.4e+38 -3.4e+38 -3.4e+38 0.368807911872864 0.405203104019165 -3.4e+38 -3.4e+38 -3.4e+38 -3.4e+38
0.441021591424942 0.441535592079163 0.433999001979828 0.428907513618469 0.419990211725235 0.408262699842453 0.395679503679276 0.382124811410904 0.375059098005295 0.356367409229279 0.344362705945969 0.322748303413391 0.297103703022003 0.269159704446793 0.25872129201889 0.245465099811554 0.236176401376724 0.24568310379982 0.256204098463058 0.273920089006424 0.293084293603897 0.316835403442383 -3.4e+38 -3.4e+38 -3.4e+38 -3.4e+38 -3.4e+38 -3.4e+38 -3.4e+38 -3.4e+38 -3.4e+38 -3.4e+38 -3.4e+38 -3.4e+38 -3.4e+38 -3.4e+38 -3.4e+38 -3.4e+38 0.380887985229492 0.372686892747879 0.396238595247269 0.417638003826141 0.412494987249374 0.413243889808655 -3.4e+38 -3.4e+38
0.441238105297089 0.438607603311539 0.436524093151093 0.427890509366989 0.4148069024086 0.408029496669769 0.395511597394943 0.38121110200882 0.368484407663345 0.352911114692688 0.337515592575073 0.318040102720261 0.299003005027771 0.275849312543869 0.265465885400772 0.256106913089752 0.260148286819458 0.262900501489639 0.287300914525986 0.314187407493591 0.33182218670845 0.33710178732872 -3.4e+38 -3.4e+38 -3.4e+38 -3.4e+38 -3.4e+38 -3.4e+38 -3.4e+38 -3.4e+38 -3.4e+38 -3.4e+38 -3.4e+38 -3.4e+38 -3.4e+38 -3.4e+38 -3.4e+38 0.412779688835144 0.415706485509872 0.431104212999344 0.417044013738632 0.421961098909378 0.420709311962128 0.426568210124969 -3.4e+38 -3.4e+38
0.449398696422577 0.444106906652451 0.439116597175598 0.426310688257217 0.418334186077118 0.40776389837265 0.393983602523804 0.378668814897537 0.360977411270142 0.349903613328934 0.330354511737823 0.313421905040741 0.293530195951462 0.281956106424332 0.270404607057571 0.266400814056396 0.271029204130173 0.279492408037186 0.300256609916687 0.330149710178375 0.35396820306778 -3.4e+38 -3.4e+38 -3.4e+38 -3.4e+38 -3.4e+38 -3.4e+38 -3.4e+38 -3.4e+38 -3.4e+38 -3.4e+38 -3.4e+38 -3.4e+38 -3.4e+38 -3.4e+38 -3.4e+38 -3.4e+38 -3.4e+38 -3.4e+38 0.437408208847046 0.437544196844101 0.436048001050949 0.432549089193344 -3.4e+38 -3.4e+38 -3.4e+38
0.455307304859161 0.450679391622543 0.439736187458038 0.432007700204849 0.419712692499161 0.409374505281448 0.400203704833984 0.382659405469894 0.366459101438522 0.347885698080063 0.331774294376373 0.312832713127136 0.294316589832306 0.287544190883636 0.282975494861603 0.280980706214905 0.281951695680618 0.292581111192703 0.308410704135895 0.339421302080154 0.366280198097229 0.379206091165543 -3.4e+38 -3.4e+38 -3.4e+38 -3.4e+38 -3.4e+38 -3.4e+38 -3.4e+38 -3.4e+38 -3.4e+38 -3.4e+38 -3.4e+38 -3.4e+38 -3.4e+38 -3.4e+38 -3.4e+38 -3.4e+38 -3.4e+38 -3.4e+38 -3.4e+38 0.444596499204636 -3.4e+38 -3.4e+38 -3.4e+38 -3.4e+38
0.462979912757874 0.455179393291473 0.448228806257248 0.439474612474442 0.42738801240921 0.419439792633057 0.40681779384613 0.392453998327255 0.374209612607956 0.353046387434006 0.330366313457489 0.312431812286377 0.30266198515892 0.297625303268433 0.298319399356842 0.299317896366119 0.295632809400558 0.304261595010757 0.323065012693405 0.350165396928787 0.369408786296844 0.391502499580383 -3.4e+38 -3.4e+38 -3.4e+38 -3.4e+38 -3.4e+38 -3.4e+38 -3.4e+38 -3.4e+38 -3.4e+38 0.422204196453094 0.430227696895599 -3.4e+38 -3.4e+38 -3.4e+38 -3.4e+38 -3.4e+38 -3.4e+38 -3.4e+38 -3.4e+38 -3.4e+38 -3.4e+38 -3.4e+38 -3.4e+38 -3.4e+38
0.479410409927368 0.470211714506149 0.463033497333527 0.453181385993958 0.438735991716385 0.427768409252167 0.412898510694504 0.401945501565933 0.387416392564774 0.359708487987518 0.336131513118744 0.319066494703293 0.310752213001251 0.313925713300705 0.310797393321991 0.304770112037659 0.303777694702148 0.31237331032753 0.321487486362457 0.345588088035583 0.369939386844635 0.39218458533287 0.439117103815079 -3.4e+38 -3.4e+38 -3.4e+38 -3.4e+38 -3.4e+38 -3.4e+38 -3.4e+38 0.430099695920944 0.428508400917053 -3.4e+38 -3.4e+38 -3.4e+38 -3.4e+38 -3.4e+38 -3.4e+38 -3.4e+38 -3.4e+38 -3.4e+38 -3.4e+38 -3.4e+38 -3.4e+38 -3.4e+38 -3.4e+38
0.498264104127884 0.488361209630966 0.479406893253326 0.465531885623932 0.450964212417603 0.438152700662613 0.423757314682007 0.407645285129547 0.394428789615631 0.380324304103851 0.359848588705063 0.332854300737381 0.325146287679672 0.318253099918365 0.313427209854126 0.309195011854172 0.309889793395996 0.315867185592651 0.324903696775436 0.337248712778091 0.360105186700821 0.373302310705185 0.412338107824326 0.449047893285751 -3.4e+38 -3.4e+38 -3.4e+38 -3.4e+38 -3.4e+38 -3.4e+38 -3.4e+38 0.454204708337784 -3.4e+38 -3.4e+38 -3.4e+38 -3.4e+38 -3.4e+38 -3.4e+38 -3.4e+38 -3.4e+38 -3.4e+38 -3.4e+38 -3.4e+38 -3.4e+38 -3.4e+38 -3.4e+38
0.523431718349457 0.510809302330017 0.493577688932419 0.48023509979248 0.46266108751297 0.448306798934937 0.427114993333817 0.415057986974716 0.412461906671524 0.389376401901245 0.362330704927444 0.341470897197723 0.323442786931992 0.311945289373398 0.313827186822891 0.312986791133881 0.313228011131287 0.317481309175491 0.328523993492126 0.342124193906784 0.357736200094223 0.381790101528168 0.425346493721008 -3.4e+38 -3.4e+38 -3.4e+38 -3.4e+38 -3.4e+38 -3.4e+38 -3.4e+38 -3.4e+38 -3.4e+38 -3.4e+38 -3.4e+38 -3.4e+38 -3.4e+38 -3.4e+38 -3.4e+38 -3.4e+38 -3.4e+38 -3.4e+38 -3.4e+38 -3.4e+38 -3.4e+38 -3.4e+38 -3.4e+38
0.538308918476105 0.531961917877197 0.510972499847412 0.489482402801514 0.474094688892365 0.449312001466751 0.431192487478256 0.422596603631973 0.412885695695877 0.378141611814499 0.357579410076141 0.340662509202957 0.328517496585846 0.321717709302902 0.315283685922623 0.311528086662292 0.319792687892914 0.321586310863495 0.323663890361786 0.335254192352295 0.351353913545609 -3.4e+38 -3.4e+38 -3.4e+38 -3.4e+38 -3.4e+38 -3.4e+38 -3.4e+38 -3.4e+38 -3.4e+38 -3.4e+38 -3.4e+38 -3.4e+38 -3.4e+38 -3.4e+38 -3.4e+38 -3.4e+38 -3.4e+38 -3.4e+38 -3.4e+38 -3.4e+38 -3.4e+38 -3.4e+38 -3.4e+38 -3.4e+38 -3.4e+38
0.564180314540863 0.544505894184113 0.519425511360168 0.503455817699432 0.478766590356827 0.459665596485138 0.44479900598526 0.440996795892715 0.419165909290314 0.395363301038742 0.385623306035995 0.350726395845413 0.335291713476181 0.329814702272415 0.321049600839615 0.318219304084778 0.318006992340088 0.318506687879562 0.324887692928314 0.335101813077927 -3.4e+38 -3.4e+38 -3.4e+38 -3.4e+38 -3.4e+38 -3.4e+38 -3.4e+38 -3.4e+38 -3.4e+38 -3.4e+38 -3.4e+38 -3.4e+38 -3.4e+38 -3.4e+38 -3.4e+38 -3.4e+38 -3.4e+38 -3.4e+38 -3.4e+38 -3.4e+38 -3.4e+38 -3.4e+38 -3.4e+38 -3.4e+38 -3.4e+38 -3.4e+38
0.576739370822906 0.557015180587769 0.539831101894379 0.512211084365845 0.487771391868591 0.476328611373901 0.462246090173721 0.432659804821014 0.427845686674118 0.419095188379288 0.393295288085938 0.363041788339615 0.340061187744141 0.333147585391998 0.328216791152954 0.338414400815964 0.338647902011871 0.333066791296005 0.337609589099884 -3.4e+38 -3.4e+38 -3.4e+38 -3.4e+38 -3.4e+38 -3.4e+38 -3.4e+38 -3.4e+38 -3.4e+38 -3.4e+38 -3.4e+38 -3.4e+38 -3.4e+38 -3.4e+38 -3.4e+38 -3.4e+38 -3.4e+38 -3.4e+38 -3.4e+38 -3.4e+38 -3.4e+38 -3.4e+38 -3.4e+38 -3.4e+38 -3.4e+38 -3.4e+38 -3.4e+38
