ENMTML/All_vars/Predictors/EUR_only/bio3.asc
NCOLS 411 
NROWS 214 
XLLCORNER -11.5 
YLLCORNER 35.666666666112 
CELLSIZE 0.166666666666667 
NODATA_value -3.4e+38 
[rows 80 to 99 of 214, columns 184 to 229 of 411]
0.233639195561409 -3.4e+38 -3.4e+38 -3.4e+38 -3.4e+38 -3.4e+38 -3.4e+38 -3.4e+38 -3.4e+38 -3.4e+38 -3.4e+38 -3.4e+38 -3.4e+38 -3.4e+38 -3.4e+38 -3.4e+38 -3.4e+38 0.231100901961327 -3.4e+38 -3.4e+38 -3.4e+38 -3.4e+38 -3.4e+38 -3.4e+38 -3.4e+38 -3.4e+38 -3.4e+38 -3.4e+38 -3.4e+38 -3.4e+38 -3.4e+38 0.215609103441238 0.215847998857498 0.217086002230644 0.219167605042458 0.221509099006653 0.222718700766563 0.223838999867439 0.224464595317841 0.225184097886086 0.227185502648354 0.227812707424164 0.228965893387794 0.229779601097107 0.229177907109261 0.229725793004036
-3.4e+38 -3.4e+38 -3.4e+38 -3.4e+38 -3.4e+38 -3.4e+38 -3.4e+38 -3.4e+38 -3.4e+38 -3.4e+38 -3.4e+38 -3.4e+38 -3.4e+38 -3.4e+38 -3.4e+38 -3.4e+38 -3.4e+38 -3.4e+38 -3.4e+38 0.229723706841469 0.229492396116257 -3.4e+38 -3.4e+38 -3.4e+38 -3.4e+38 -3.4e+38 -3.4e+38 -3.4e+38 -3.4e+38 -3.4e+38 -3.4e+38 0.216336295008659 0.217793107032776 0.218117401003838 0.220376998186111 0.222536101937294 0.223835095763206 0.22492790222168 0.225861206650734 0.227643996477127 0.228832304477692 0.229441702365875 0.229700893163681 0.230864405632019 0.231515496969223 0.23065659403801
-3.4e+38 -3.4e+38 -3.4e+38 -3.4e+38 -3.4e+38 -3.4e+38 -3.4e+38 -3.4e+38 -3.4e+38 -3.4e+38 -3.4e+38 -3.4e+38 -3.4e+38 -3.4e+38 -3.4e+38 0.233362004160881 0.232245296239853 0.232398495078087 0.230994805693626 0.229854300618172 0.229795396327972 -3.4e+38 -3.4e+38 -3.4e+38 -3.4e+38 -3.4e+38 -3.4e+38 -3.4e+38 -3.4e+38 -3.4e+38 -3.4e+38 0.216521099209785 0.218262195587158 0.220840603113174 0.221803396940231 0.224137395620346 0.225246101617813 0.226618498563766 0.228332594037056 0.229696199297905 0.229923903942108 0.231272295117378 0.232768401503563 0.23253870010376 0.232331901788712 0.233067393302917
-3.4e+38 -3.4e+38 -3.4e+38 -3.4e+38 -3.4e+38 -3.4e+38 -3.4e+38 -3.4e+38 -3.4e+38 -3.4e+38 -3.4e+38 -3.4e+38 -3.4e+38 -3.4e+38 0.233896106481552 0.233982101082802 0.233025506138802 0.234075397253036 0.231546193361282 0.231085807085037 0.229808196425438 0.229273602366447 0.227625101804733 -3.4e+38 -3.4e+38 -3.4e+38 -3.4e+38 -3.4e+38 -3.4e+38 -3.4e+38 -3.4e+38 0.218603804707527 0.220343604683876 0.221700593829155 0.22507980465889 0.226092204451561 0.228688105940819 0.230327397584915 0.230728104710579 0.231344595551491 0.231753796339035 0.233173593878746 0.233780205249786 0.233839005231857 0.233950197696686 0.233458206057549
-3.4e+38 -3.4e+38 -3.4e+38 -3.4e+38 -3.4e+38 -3.4e+38 -3.4e+38 -3.4e+38 -3.4e+38 -3.4e+38 -3.4e+38 -3.4e+38 -3.4e+38 0.232731595635414 0.234514102339745 0.233243405818939 0.233381494879723 0.234991893172264 0.233285397291183 0.233661204576492 0.231332495808601 0.229788392782211 0.229051694273949 0.228432297706604 -3.4e+38 -3.4e+38 -3.4e+38 -3.4e+38 -3.4e+38 -3.4e+38 -3.4e+38 0.22072060406208 0.222451701760292 0.225020796060562 0.22717559337616 0.229580700397491 0.231498792767525 0.232178598642349 0.232297599315643 0.234653994441032 0.234380006790161 0.234814196825027 0.235268592834473 0.235508695244789 0.235137701034546 0.234526395797729
-3.4e+38 -3.4e+38 -3.4e+38 -3.4e+38 -3.4e+38 -3.4e+38 -3.4e+38 -3.4e+38 -3.4e+38 -3.4e+38 -3.4e+38 -3.4e+38 -3.4e+38 0.233704596757889 0.234267801046371 0.235286399722099 0.235100001096725 0.235062494874001 0.235138103365898 0.234735906124115 0.233345001935959 0.232634797692299 0.231965601444244 0.229338496923447 0.228632301092148 0.226037204265594 -3.4e+38 -3.4e+38 -3.4e+38 0.216512396931648 0.220097005367279 0.22370320558548 0.226568996906281 0.229025602340698 0.230353102087975 0.232956498861313 0.234283402562141 0.234404802322388 0.235975995659828 0.23648239672184 0.236558899283409 0.236296907067299 0.236346900463104 0.236978992819786 0.237202495336533 0.237104505300522
-3.4e+38 -3.4e+38 -3.4e+38 -3.4e+38 -3.4e+38 -3.4e+38 -3.4e+38 -3.4e+38 -3.4e+38 -3.4e+38 -3.4e+38 -3.4e+38 0.233509600162506 0.234268099069595 0.235990107059479 0.235350996255875 0.236702397465706 0.237490698695183 0.236980795860291 0.235416904091835 0.235778793692589 0.234981298446655 0.234573394060135 0.232113406062126 0.230618193745613 0.22849540412426 0.226708695292473 0.22373940050602 0.220459401607513 0.219272598624229 0.223048001527786 0.227678805589676 0.230200096964836 0.232673704624176 0.234772801399231 0.236374899744987 0.237311899662018 0.238331198692322 0.238641798496246 0.239097893238068 0.23883730173111 0.238941103219986 0.238559305667877 0.238851100206375 0.238645404577255 0.238442495465279
-3.4e+38 -3.4e+38 -3.4e+38 -3.4e+38 -3.4e+38 -3.4e+38 -3.4e+38 -3.4e+38 -3.4e+38 -3.4e+38 -3.4e+38 0.233885005116463 0.233379900455475 0.235242396593094 0.236053496599197 0.238322302699089 0.238377302885056 0.239093199372292 0.239191293716431 0.238956302404404 0.23840619623661 0.237098693847656 0.237332597374916 0.236283197999001 0.233957901597023 0.232541099190712 0.230724796652794 0.228068500757217 0.226806193590164 0.227541506290436 0.229632705450058 0.232683002948761 0.234742596745491 0.236987695097923 0.239328399300575 0.240890696644783 0.241756498813629 0.242451205849648 0.242314100265503 0.241904303431511 0.24169459939003 0.242421299219131 0.241478204727173 0.241190701723099 0.240598797798157 0.239864498376846
-3.4e+38 -3.4e+38 -3.4e+38 -3.4e+38 -3.4e+38 -3.4e+38 -3.4e+38 -3.4e+38 -3.4e+38 -3.4e+38 -3.4e+38 0.233245193958282 0.234030693769455 0.236094906926155 0.236690700054169 0.239000901579857 0.239978298544884 0.240664094686508 0.241667196154594 0.241251096129417 0.241026401519775 0.240940794348717 0.240515604615211 0.239663794636726 0.237380906939507 0.237277001142502 0.236678197979927 0.234387695789337 0.233513802289963 0.234009504318237 0.235584199428558 0.238122999668121 0.241069093346596 0.242853105068207 0.244941502809525 0.245657399296761 0.245761498808861 0.245592802762985 0.245616495609283 0.245146200060844 0.245167702436447 0.244153201580048 0.244387701153755 0.242977604269981 0.242465302348137 0.241528794169426
-3.4e+38 -3.4e+38 -3.4e+38 -3.4e+38 -3.4e+38 -3.4e+38 -3.4e+38 -3.4e+38 -3.4e+38 -3.4e+38 -3.4e+38 0.232285797595978 0.234362199902534 0.237984895706177 0.239833101630211 0.24162469804287 0.241569399833679 0.243180200457573 0.244258895516396 0.244408294558525 0.244163602590561 0.244069695472717 0.243827998638153 0.244157195091248 0.243765905499458 0.241568401455879 0.241453602910042 0.240907102823257 0.239772200584412 0.240248903632164 0.242582693696022 0.244474604725838 0.247063294053078 0.248035594820976 0.249252200126648 0.249065101146698 0.24934110045433 0.248078897595406 0.248361200094223 0.248151302337646 0.247425407171249 0.247556895017624 0.246363505721092 0.24504579603672 0.243826299905777 0.242779701948166
-3.4e+38 -3.4e+38 -3.4e+38 -3.4e+38 -3.4e+38 -3.4e+38 -3.4e+38 -3.4e+38 -3.4e+38 -3.4e+38 -3.4e+38 0.232365101575851 0.235917702317238 0.240234196186066 0.241741999983788 0.244345903396606 0.245273903012276 0.245843395590782 0.245725095272064 0.246836602687836 0.247274100780487 0.247584894299507 0.247975200414658 0.247972592711449 0.246933102607727 0.246950998902321 0.245966106653214 0.245886594057083 0.245170697569847 0.246423497796059 0.247312903404236 0.248854100704193 0.25110250711441 0.253233104944229 0.253480792045593 0.253757804632187 0.252737313508987 0.252704113721848 0.252436310052872 0.250807106494904 0.24990339577198 0.24836640059948 0.247789904475212 0.245985493063927 0.245401903986931 0.244461297988892
-3.4e+38 -3.4e+38 -3.4e+38 -3.4e+38 -3.4e+38 -3.4e+38 -3.4e+38 -3.4e+38 -3.4e+38 -3.4e+38 -3.4e+38 0.234511107206345 0.238460600376129 0.242131501436234 0.244608595967293 0.245230197906494 0.2473483979702 0.24801130592823 0.247834101319313 0.248765096068382 0.24915899336338 0.249946400523186 0.249946504831314 0.251674294471741 0.25079819560051 0.250507414340973 0.250500202178955 0.249834895133972 0.248805105686188 0.250144988298416 0.251639097929001 0.25359371304512 0.254801690578461 0.256323307752609 0.256549209356308 0.256826192140579 0.256786614656448 0.256217390298843 0.254210114479065 0.25312739610672 0.252036809921265 0.251494795084 0.249617904424667 0.248095601797104 0.246563896536827 0.245297595858574
-3.4e+38 -3.4e+38 -3.4e+38 -3.4e+38 -3.4e+38 -3.4e+38 -3.4e+38 -3.4e+38 -3.4e+38 -3.4e+38 -3.4e+38 0.236680895090103 0.239909395575523 0.244194701313972 0.247546896338463 0.249051302671432 0.250389903783798 0.249750092625618 0.250064790248871 0.25044509768486 0.251535713672638 0.252662807703018 0.253117293119431 0.253759890794754 0.254769593477249 0.254298210144043 0.253151714801788 0.252212405204773 0.253342002630234 0.253129988908768 0.254532396793365 0.255710989236832 0.257339090108871 0.258882999420166 0.259009391069412 0.258488804101944 0.258733212947845 0.257929503917694 0.256826400756836 0.256065189838409 0.254083007574081 0.2525514960289 0.251475602388382 0.249764695763588 0.247912496328354 0.246863901615143
-3.4e+38 -3.4e+38 -3.4e+38 -3.4e+38 -3.4e+38 -3.4e+38 -3.4e+38 -3.4e+38 -3.4e+38 -3.4e+38 -3.4e+38 0.236089393496513 0.241384103894234 0.247171804308891 0.24993659555912 0.2528176009655 0.253228396177292 0.253320813179016 0.252788096666336 0.252504199743271 0.253637790679932 0.253328889608383 0.25531730055809 0.255000293254852 0.256024688482285 0.255888193845749 0.256173610687256 0.256430894136429 0.255370795726776 0.25591629743576 0.257366508245468 0.258791297674179 0.259571194648743 0.260107308626175 0.260869085788727 0.260854601860046 0.261433094739914 0.260054290294647 0.259769290685654 0.257843792438507 0.255795985460281 0.253355801105499 0.252010196447372 0.250650197267532 0.248708099126816 0.247393101453781
-3.4e+38 -3.4e+38 -3.4e+38 -3.4e+38 -3.4e+38 -3.4e+38 -3.4e+38 -3.4e+38 -3.4e+38 -3.4e+38 -3.4e+38 -3.4e+38 0.242795094847679 0.250851511955261 0.255623400211334 0.25640469789505 0.256539702415466 0.255407989025116 0.255123406648636 0.255403310060501 0.255937397480011 0.25543001294136 0.257585197687149 0.256793588399887 0.257722795009613 0.257701486349106 0.257066696882248 0.257557600736618 0.258438795804977 0.259246587753296 0.259545385837555 0.260818988084793 0.262026190757751 0.26249098777771 0.26245328783989 0.261871695518494 0.262403786182404 0.261922985315323 0.261226207017899 0.25926411151886 0.256856709718704 0.254233211278915 0.253418892621994 0.251711010932922 0.250010102987289 0.248259395360947
-3.4e+38 -3.4e+38 -3.4e+38 -3.4e+38 -3.4e+38 -3.4e+38 -3.4e+38 -3.4e+38 -3.4e+38 -3.4e+38 -3.4e+38 0.22928349673748 0.246896207332611 0.256277114152908 0.259935796260834 0.260381400585175 0.258927404880524 0.258596301078796 0.258071005344391 0.258625090122223 0.258938908576965 0.259395807981491 0.258304685354233 0.258741497993469 0.258642196655273 0.259089112281799 0.259074211120605 0.258811503648758 0.260123610496521 0.26012909412384 0.261450588703156 0.261493504047394 0.263878613710403 0.263255208730698 0.2643061876297 0.263222187757492 0.262709110975266 0.262716710567474 0.260865300893784 0.258819401264191 0.25773561000824 0.255282312631607 0.253129899501801 0.252242594957352 0.250545889139175 0.249140202999115
-3.4e+38 -3.4e+38 -3.4e+38 -3.4e+38 -3.4e+38 -3.4e+38 -3.4e+38 -3.4e+38 -3.4e+38 -3.4e+38 -3.4e+38 -3.4e+38 0.24918769299984 0.257131904363632 0.261575311422348 0.262010812759399 0.26114821434021 0.260839700698853 0.261062294244766 0.261071711778641 0.261407792568207 0.262066096067429 0.26184219121933 0.260958105325699 0.26061150431633 0.260659605264664 0.260467797517776 0.259661287069321 0.261009007692337 0.262045711278915 0.263386398553848 0.264061897993088 0.264719903469086 0.265188902616501 0.264339596033096 0.263521611690521 0.262703597545624 0.261626094579697 0.26033890247345 0.259000390768051 0.25692018866539 0.254928588867188 0.25338551402092 0.251860111951828 0.250981211662292 0.249484002590179
-3.4e+38 -3.4e+38 -3.4e+38 -3.4e+38 -3.4e+38 -3.4e+38 -3.4e+38 -3.4e+38 -3.4e+38 -3.4e+38 -3.4e+38 -3.4e+38 0.248726204037666 0.256175488233566 0.259727209806442 0.261191785335541 0.261453896760941 0.262253195047379 0.262263208627701 0.262748509645462 0.263492286205292 0.263280689716339 0.264298886060715 0.263965100049973 0.261724889278412 0.262359797954559 0.261658906936646 0.26189661026001 0.262082487344742 0.263380289077759 0.264753788709641 0.266513794660568 0.266213208436966 0.266624093055725 0.265809297561646 0.263958185911179 0.261899411678314 0.26032680273056 0.260247588157654 0.257625907659531 0.256534814834595 0.254388093948364 0.252767503261566 0.25203138589859 0.251056611537933 0.250442713499069
-3.4e+38 -3.4e+38 -3.4e+38 -3.4e+38 -3.4e+38 0.249358907341957 0.251236110925674 0.254671990871429 0.255441397428513 0.253604590892792 0.249637395143509 0.249822601675987 0.251910805702209 0.255222707986832 0.258748590946198 0.260026186704636 0.260484606027603 0.261918395757675 0.26263040304184 0.263873398303986 0.264730602502823 0.265532493591309 0.266330301761627 0.265667498111725 0.264262288808823 0.263846009969711 0.263003587722778 0.262432903051376 0.263193309307098 0.264250695705414 0.266615003347397 0.267257899045944 0.26857128739357 0.267196089029312 0.264957398176193 0.262877911329269 0.261321187019348 0.260707914829254 0.258444488048553 0.257016509771347 0.256283789873123 0.255193889141083 0.253819286823273 0.252565294504166 0.2514927983284 0.249989494681358
-3.4e+38 -3.4e+38 -3.4e+38 -3.4e+38 -3.4e+38 0.251346498727798 0.253304809331894 0.257250010967255 0.261177003383636 0.257766485214233 0.25382000207901 0.252686500549316 0.252964287996292 0.255354911088943 0.257587194442749 0.258700400590897 0.260376393795013 0.261406987905502 0.262247085571289 0.264678210020065 0.265758097171783 0.267963409423828 0.267456710338593 0.267403990030289 0.266723901033401 0.265557110309601 0.265793591737747 0.265430808067322 0.266191810369492 0.266936808824539 0.268725901842117 0.270561903715134 0.270669788122177 0.268194794654846 0.265972495079041 0.263483911752701 0.260947108268738 0.259671896696091 0.258432000875473 0.257451802492142 0.255525201559067 0.254976093769073 0.253885596990585 0.252091586589813 0.250768214464188 0.250492811203003
