ENMTML/All_vars/Predictors/EUR_only/bio33.asc
NCOLS 440 
NROWS 275 
XLLCORNER -11.5 
YLLCORNER 25.4999999994691 
CELLSIZE 0.166666666666667 
NODATA_value -3.4e+38 
[rows 20 to 39 of 275, columns 138 to 183 of 440]
-3.4e+38 -3.4e+38 -3.4e+38 -3.4e+38 -3.4e+38 -3.4e+38 -3.4e+38 -3.4e+38 1.09172296524048 1.08198797702789 -3.4e+38 -3.4e+38 -3.4e+38 -3.4e+38 -3.4e+38 -3.4e+38 -3.4e+38 -3.4e+38 -3.4e+38 -3.4e+38 0.994831383228302 0.99913877248764 1.00517404079437 1.00829601287842 1.02043402194977 1.03020203113556 1.00203204154968 1.02447497844696 1.01633501052856 1.00822794437408 1.02730405330658 1.02831399440765 1.0217000246048 1.01647698879242 1.01445305347443 1.00895595550537 0.969197511672974 0.989451229572296 0.97588062286377 0.995216071605682 0.940444111824036 1.00512099266052 0.994320690631866 0.84071159362793 0.715016782283783 0.744122624397278
-3.4e+38 -3.4e+38 -3.4e+38 -3.4e+38 -3.4e+38 -3.4e+38 -3.4e+38 -3.4e+38 -3.4e+38 -3.4e+38 -3.4e+38 -3.4e+38 -3.4e+38 -3.4e+38 -3.4e+38 -3.4e+38 -3.4e+38 -3.4e+38 -3.4e+38 -3.4e+38 1.02190697193146 0.995345711708069 1.00542199611664 1.01450002193451 1.02499198913574 1.02181994915009 1.0221049785614 1.02604603767395 1.04059100151062 1.03046894073486 1.03247499465942 1.02761697769165 1.0190589427948 1.00589799880981 0.931169211864471 0.947582304477692 0.941497385501862 0.998687088489532 1.00594699382782 0.932504773139954 0.904168426990509 0.901020407676697 0.798457384109497 0.804624319076538 0.778968274593353 0.733515679836273
-3.4e+38 -3.4e+38 -3.4e+38 -3.4e+38 -3.4e+38 -3.4e+38 -3.4e+38 -3.4e+38 -3.4e+38 -3.4e+38 -3.4e+38 -3.4e+38 -3.4e+38 -3.4e+38 -3.4e+38 -3.4e+38 -3.4e+38 -3.4e+38 -3.4e+38 -3.4e+38 0.998403787612915 0.974115788936615 1.00072598457336 0.998496472835541 1.0152930021286 1.01705002784729 1.00478303432465 1.02925598621368 1.03327095508575 1.03512001037598 1.02294898033142 1.01529598236084 1.00979804992676 1.01034796237946 0.994812488555908 1.00372803211212 0.960254907608032 0.896080911159515 0.8986896276474 0.86503279209137 0.936231315135956 0.857296526432037 0.805880308151245 0.690020680427551 0.661309778690338 0.677192628383636
-3.4e+38 -3.4e+38 -3.4e+38 -3.4e+38 -3.4e+38 -3.4e+38 -3.4e+38 -3.4e+38 -3.4e+38 -3.4e+38 -3.4e+38 -3.4e+38 -3.4e+38 -3.4e+38 -3.4e+38 -3.4e+38 -3.4e+38 -3.4e+38 0.990569174289703 0.972479820251465 1.00871598720551 1.02358603477478 1.00228202342987 0.995862901210785 0.970006585121155 1.00710999965668 1.02824699878693 1.03800797462463 1.02819001674652 1.01204800605774 1.0062530040741 1.01337003707886 1.01539099216461 1.01217699050903 1.01618003845215 1.02404594421387 1.02306497097015 1.01422500610352 1.00625002384186 0.921779096126556 0.876926600933075 0.758045077323914 0.687341511249542 0.634506404399872 0.641498327255249 0.633249878883362
-3.4e+38 -3.4e+38 -3.4e+38 -3.4e+38 -3.4e+38 -3.4e+38 -3.4e+38 -3.4e+38 -3.4e+38 -3.4e+38 -3.4e+38 -3.4e+38 -3.4e+38 -3.4e+38 -3.4e+38 -3.4e+38 -3.4e+38 0.951275825500488 0.946902990341187 0.961453318595886 0.979495406150818 0.976373970508575 0.952721774578094 0.936305582523346 0.979257583618164 1.01665103435516 1.03485798835754 1.05215096473694 1.04426205158234 1.04098796844482 1.02828001976013 1.02702105045319 1.02632904052734 1.01337695121765 1.02202200889587 1.02632999420166 1.02607798576355 1.00820803642273 0.992270827293396 0.986532926559448 0.897873401641846 0.796934425830841 0.833029389381409 0.810267090797424 0.686825573444366 0.623194813728333
-3.4e+38 -3.4e+38 -3.4e+38 -3.4e+38 -3.4e+38 -3.4e+38 -3.4e+38 -3.4e+38 -3.4e+38 -3.4e+38 -3.4e+38 -3.4e+38 -3.4e+38 -3.4e+38 -3.4e+38 1.03644597530365 1.02543103694916 1.02287805080414 1.01945197582245 1.02797901630402 0.999248921871185 1.01025903224945 0.994382500648499 0.962627589702606 1.02320802211761 1.02772796154022 1.01536405086517 1.01242995262146 1.03516399860382 1.02936899662018 1.02022802829742 1.02716195583344 1.02284204959869 1.01116597652435 1.01004803180695 0.996155023574829 0.963334619998932 0.938968896865845 0.90341317653656 0.862201809883118 0.767716526985168 0.725548207759857 0.694743096828461 0.715267479419708 0.735316514968872 0.68019700050354
-3.4e+38 -3.4e+38 -3.4e+38 -3.4e+38 -3.4e+38 -3.4e+38 -3.4e+38 -3.4e+38 -3.4e+38 -3.4e+38 -3.4e+38 -3.4e+38 1.07304799556732 1.06919002532959 1.07803094387054 1.05694997310638 1.06201696395874 1.06318604946136 1.05534505844116 1.00459802150726 1.02130401134491 1.0236439704895 0.972318589687347 1.00140798091888 1.03561699390411 1.028156042099 1.02775096893311 1.02335596084595 1.01900696754456 0.992053508758545 0.981290280818939 0.999786496162415 1.00025105476379 1.01022303104401 1.01093196868896 0.969796121120453 0.861837089061737 0.800458014011383 0.78308779001236 0.775536179542542 0.718620717525482 0.683811724185944 0.641081213951111 0.642127871513367 0.629605710506439 0.609275877475739
-3.4e+38 -3.4e+38 -3.4e+38 -3.4e+38 -3.4e+38 -3.4e+38 -3.4e+38 -3.4e+38 -3.4e+38 -3.4e+38 -3.4e+38 1.10482895374298 1.09985196590424 1.09427797794342 1.10232603549957 1.08484697341919 1.07296001911163 1.08047699928284 1.0562549829483 1.05642700195312 1.03643894195557 1.03772795200348 1.04709100723267 0.997481286525726 1.01033997535706 1.01966202259064 1.02796602249146 1.01365303993225 1.02027201652527 1.02577102184296 1.01048898696899 1.017245054245 0.996893703937531 0.981504082679749 0.92331737279892 0.88994687795639 0.887831628322601 0.866827785968781 0.819769084453583 0.771194875240326 0.741735696792603 0.742272973060608 0.70641040802002 0.657749772071838 0.622064292430878 0.604892671108246
-3.4e+38 -3.4e+38 -3.4e+38 -3.4e+38 -3.4e+38 -3.4e+38 -3.4e+38 -3.4e+38 -3.4e+38 1.15723299980164 1.14792203903198 1.13899004459381 1.12644195556641 1.12845599651337 1.11107397079468 1.10393905639648 1.09316504001617 1.06024396419525 1.05859696865082 1.05216002464294 1.0277179479599 1.02704298496246 1.03218805789948 1.02065598964691 1.03415501117706 1.0260169506073 1.02544796466827 1.01405704021454 0.95017009973526 0.986052393913269 1.00431001186371 0.963998973369598 0.947393596172333 0.929525017738342 0.932452619075775 0.879109978675842 0.824735283851624 0.773463070392609 0.837142288684845 0.863899111747742 0.80719918012619 0.798072814941406 0.751423299312592 0.701656818389893 0.660268783569336 0.634671688079834
-3.4e+38 -3.4e+38 -3.4e+38 -3.4e+38 -3.4e+38 -3.4e+38 -3.4e+38 -3.4e+38 -3.4e+38 1.17512404918671 1.16771697998047 1.1484090089798 1.13694095611572 1.1129150390625 1.08013701438904 1.05737602710724 1.03341197967529 1.02846705913544 1.02739298343658 1.01775896549225 1.01391899585724 0.997404813766479 1.00037801265717 1.02235400676727 1.02534902095795 1.02303397655487 1.01813101768494 1.004026055336 0.971019089221954 0.936091423034668 0.921707510948181 0.904287695884705 0.881685316562653 0.850578129291534 0.817099511623383 0.825406074523926 0.820136725902557 0.785599529743195 0.75999790430069 0.753302872180939 0.754093527793884 0.729451775550842 0.709831774234772 0.718486905097961 0.704190790653229 0.682171225547791
-3.4e+38 -3.4e+38 -3.4e+38 -3.4e+38 -3.4e+38 -3.4e+38 -3.4e+38 1.15895295143127 1.16188895702362 1.16464602947235 1.16029798984528 1.13807702064514 1.10910499095917 1.08583104610443 1.07630801200867 1.05827701091766 1.04192304611206 1.03345000743866 1.0244950056076 1.02120697498322 1.01154804229736 1.01644599437714 0.98304808139801 0.978811502456665 0.974875628948212 1.00639700889587 1.00987601280212 1.00134694576263 0.988995671272278 0.934190273284912 0.912043988704681 0.886461317539215 0.856600403785706 0.82435929775238 0.790972828865051 0.774458825588226 0.789679229259491 0.789224088191986 0.757954478263855 0.739971518516541 0.749925971031189 0.710033893585205 0.670847773551941 0.675350308418274 0.690376818180084 0.698302924633026
-3.4e+38 -3.4e+38 -3.4e+38 -3.4e+38 -3.4e+38 1.13881003856659 1.13710200786591 1.15082800388336 1.1550760269165 1.15716600418091 1.1533830165863 1.13139402866364 1.10770094394684 1.08457505702972 1.07438397407532 1.07338500022888 1.06382203102112 1.04201900959015 1.02488601207733 1.00994098186493 0.993627607822418 0.972943782806396 1.01011395454407 0.952400982379913 0.970259010791779 1.00991296768188 0.998503088951111 0.932943105697632 0.964821100234985 0.969583511352539 0.942809581756592 0.907521307468414 0.879158675670624 0.834864616394043 0.786032021045685 0.766737818717957 0.760504722595215 0.729961216449738 0.728509783744812 0.723648011684418 0.729935705661774 0.729262888431549 0.702819526195526 0.661093175411224 0.661710977554321 0.6539666056633
-3.4e+38 -3.4e+38 -3.4e+38 -3.4e+38 -3.4e+38 1.12518799304962 1.14924299716949 1.14754199981689 1.1485550403595 1.14633500576019 1.12247097492218 1.10624802112579 1.11532998085022 1.08448004722595 1.07088303565979 1.0678950548172 1.05095601081848 1.0322060585022 1.02621102333069 1.01775705814362 1.01117503643036 0.984285891056061 1.02292096614838 0.930788278579712 0.912572979927063 0.922053694725037 0.947022020816803 0.933910012245178 0.869972407817841 0.852023005485535 0.855897128582001 0.869063019752502 0.849658727645874 0.814067184925079 0.792874872684479 0.777086675167084 0.746358215808868 0.720069527626038 0.719061315059662 0.719209611415863 0.732109308242798 0.71433299779892 0.692373812198639 0.660130381584167 0.657249391078949 0.650649785995483
-3.4e+38 -3.4e+38 1.10553801059723 -3.4e+38 -3.4e+38 1.12408804893494 1.13563895225525 1.14843797683716 1.14173805713654 1.13812899589539 1.10320603847504 1.11188399791718 1.09874296188354 1.08705103397369 1.05433094501495 1.03405499458313 1.040452003479 1.02019596099854 0.997381687164307 0.973902225494385 0.914355874061584 0.858987212181091 0.917074620723724 0.857184112071991 0.864331185817719 0.905359029769897 0.89663827419281 0.879381775856018 0.853601515293121 0.857725620269775 0.843313813209534 0.812696993350983 0.787134170532227 0.750394523143768 0.750952124595642 0.784565091133118 0.751793920993805 0.731194376945496 0.725917220115662 0.702315211296082 0.698505520820618 0.693544924259186 0.706641018390656 0.68116307258606 0.659745872020721 0.682907819747925
-3.4e+38 -3.4e+38 1.10824298858643 -3.4e+38 1.1075119972229 1.13948798179626 1.12961399555206 1.12752103805542 1.13623201847076 1.12082302570343 1.10843503475189 1.08428800106049 1.07635498046875 1.06079602241516 1.04223895072937 1.02292501926422 1.02562594413757 1.02640700340271 1.01503002643585 0.998516798019409 0.967953681945801 0.904950380325317 0.832988083362579 0.832098007202148 0.86641788482666 0.888225913047791 0.825306415557861 0.82232528924942 0.841649293899536 0.833061873912811 0.81144392490387 0.788775682449341 0.766437470912933 0.73815929889679 0.739989221096039 0.699360907077789 0.701852202415466 0.707663774490356 0.707445681095123 0.699071705341339 0.697056174278259 0.710355401039124 0.707390487194061 0.695139825344086 0.684210479259491 0.688004970550537
-3.4e+38 -3.4e+38 -3.4e+38 -3.4e+38 1.1032999753952 1.1084109544754 1.09680902957916 1.11875104904175 1.11823105812073 1.12353801727295 1.10265100002289 1.07740497589111 1.07121801376343 1.07586705684662 1.05331301689148 1.02808904647827 1.0244950056076 1.01927900314331 1.0066089630127 0.972119629383087 0.923384785652161 0.894109070301056 0.864163279533386 0.84401661157608 0.883152902126312 0.883609473705292 0.812688827514648 0.76212477684021 0.752418518066406 0.756260573863983 0.759203612804413 0.775004684925079 0.762023985385895 0.738428771495819 0.741384625434875 0.702021718025208 0.691784918308258 0.682116210460663 0.684381484985352 0.695793926715851 0.702804982662201 0.69328498840332 0.689275324344635 0.685279786586761 0.691098988056183 0.686263084411621
-3.4e+38 -3.4e+38 -3.4e+38 1.08959698677063 1.09374105930328 1.10040497779846 1.09701502323151 1.09665894508362 1.10734796524048 1.10322797298431 1.07408201694489 1.06546795368195 1.07224500179291 1.07427799701691 1.05259704589844 1.04267799854279 1.02940404415131 1.01215398311615 0.974184811115265 0.956248223781586 0.919302523136139 0.87798672914505 0.906507313251495 0.890421986579895 0.883387327194214 0.819869995117188 0.775474011898041 0.777912616729736 0.772479474544525 0.742145121097565 0.713300406932831 0.710178077220917 0.72548121213913 0.758790373802185 0.754186511039734 0.712480425834656 0.681902408599854 0.676945328712463 0.667039215564728 0.664335012435913 0.67145848274231 0.670987784862518 0.661022901535034 0.656929612159729 0.659290373325348 0.650532722473145
1.07785999774933 1.08084297180176 1.09314799308777 1.09431397914886 1.09514701366425 1.09127902984619 1.08443605899811 1.09510803222656 1.09432601928711 1.0871479511261 1.05492699146271 1.05577099323273 1.05247104167938 1.03387796878815 1.03607094287872 1.03608596324921 1.02457499504089 1.00342500209808 0.987474381923676 0.955700278282166 0.914213418960571 0.866521894931793 0.89781528711319 0.920641481876373 0.823963224887848 0.792829573154449 0.770130574703217 0.775327086448669 0.748901784420013 0.739488422870636 0.748953521251678 0.74167537689209 0.704935312271118 0.679502308368683 0.684644997119904 0.679177224636078 0.675233125686646 0.667935311794281 0.678118586540222 0.672932386398315 0.655075907707214 0.662993788719177 0.669865429401398 0.665452897548676 0.653629124164581 0.64697939157486
1.06614601612091 1.07494401931763 1.08434498310089 1.08563697338104 1.08623397350311 1.08300697803497 1.09641098976135 1.09240102767944 1.07472503185272 1.05228197574615 1.05334997177124 1.04726195335388 1.02761399745941 1.02796995639801 1.01519298553467 0.978204488754272 0.927246928215027 0.919060587882996 0.943370819091797 0.937345087528229 0.929995119571686 0.927190899848938 0.852575421333313 0.836325287818909 0.825955271720886 0.767455875873566 0.730974316596985 0.748474299907684 0.760325074195862 0.745665788650513 0.739530086517334 0.731834709644318 0.726744115352631 0.702295303344727 0.717225074768066 0.726948976516724 0.695301473140717 0.658455491065979 0.6546511054039 0.652641773223877 0.650802791118622 0.648650527000427 0.635543584823608 0.632104814052582 0.637649476528168 0.636832475662231
1.0521559715271 1.05916905403137 1.07168996334076 1.08438301086426 1.07348597049713 1.07043504714966 1.07212805747986 1.05285894870758 1.04427802562714 1.04729104042053 1.04387497901917 1.02440702915192 1.01295697689056 1.01280105113983 0.981579005718231 0.911499381065369 0.921538114547729 0.968117117881775 0.935741186141968 0.896197378635406 0.894199788570404 0.812228977680206 0.779428482055664 0.777985990047455 0.777032613754272 0.770024180412292 0.755049705505371 0.709332525730133 0.693390429019928 0.6852126121521 0.705089390277863 0.701074600219727 0.70152759552002 0.718372523784637 0.736206591129303 0.745696008205414 0.729414522647858 0.705901384353638 0.67584502696991 0.657829880714417 0.652353823184967 0.64556497335434 0.637205004692078 0.638246774673462 0.631296515464783 0.624582529067993
