ENMTML/All_vars/Predictors/EUR_only/bio34.asc
NCOLS 440 
NROWS 275 
XLLCORNER -11.5 
YLLCORNER 25.4999999994691 
CELLSIZE 0.166666666666667 
NODATA_value -3.4e+38 
[rows 20 to 39 of 275, columns 138 to 183 of 440]
-3.4e+38 -3.4e+38 -3.4e+38 -3.4e+38 -3.4e+38 -3.4e+38 -3.4e+38 -3.4e+38 1.15834200382233 1.14846205711365 -3.4e+38 -3.4e+38 -3.4e+38 -3.4e+38 -3.4e+38 -3.4e+38 -3.4e+38 -3.4e+38 -3.4e+38 -3.4e+38 1.03343403339386 1.03593003749847 1.04065203666687 1.04149699211121 1.05129396915436 1.06084895133972 1.0330970287323 1.05462205410004 1.04681897163391 1.03845202922821 1.05843305587769 1.06095695495605 1.05532598495483 1.05020403862 1.05034804344177 1.03936898708344 1.00114905834198 1.02350103855133 1.01354694366455 1.03293597698212 0.987484097480774 1.04417097568512 1.03155899047852 0.910825788974762 0.789539217948914 0.819221913814545
-3.4e+38 -3.4e+38 -3.4e+38 -3.4e+38 -3.4e+38 -3.4e+38 -3.4e+38 -3.4e+38 -3.4e+38 -3.4e+38 -3.4e+38 -3.4e+38 -3.4e+38 -3.4e+38 -3.4e+38 -3.4e+38 -3.4e+38 -3.4e+38 -3.4e+38 -3.4e+38 1.06017398834229 1.03198099136353 1.04088199138641 1.04857194423676 1.05689299106598 1.05284798145294 1.05228102207184 1.05653595924377 1.07168304920197 1.06135201454163 1.06446599960327 1.06149899959564 1.05382597446442 1.04094803333282 0.963586270809174 0.98134708404541 0.977524995803833 1.03466796875 1.04353594779968 0.977879226207733 0.956319272518158 0.957066476345062 0.869275510311127 0.885496318340302 0.864644706249237 0.815838575363159
-3.4e+38 -3.4e+38 -3.4e+38 -3.4e+38 -3.4e+38 -3.4e+38 -3.4e+38 -3.4e+38 -3.4e+38 -3.4e+38 -3.4e+38 -3.4e+38 -3.4e+38 -3.4e+38 -3.4e+38 -3.4e+38 -3.4e+38 -3.4e+38 -3.4e+38 -3.4e+38 1.03829503059387 1.01595604419708 1.03633105754852 1.03376698493958 1.04818201065063 1.04954695701599 1.03598594665527 1.05957102775574 1.06483399868011 1.06663703918457 1.0560439825058 1.04768300056458 1.0449470281601 1.03928899765015 1.02544605731964 1.03658902645111 0.995884478092194 0.940541088581085 0.947687983512878 0.92053097486496 0.986372172832489 0.92003870010376 0.878893077373505 0.768894374370575 0.740599572658539 0.76154237985611
-3.4e+38 -3.4e+38 -3.4e+38 -3.4e+38 -3.4e+38 -3.4e+38 -3.4e+38 -3.4e+38 -3.4e+38 -3.4e+38 -3.4e+38 -3.4e+38 -3.4e+38 -3.4e+38 -3.4e+38 -3.4e+38 -3.4e+38 -3.4e+38 1.03753697872162 1.0189460515976 1.04933798313141 1.06248295307159 1.03866696357727 1.03290796279907 1.00880396366119 1.03832399845123 1.06031596660614 1.0708019733429 1.06157994270325 1.0427930355072 1.03758800029755 1.04089200496674 1.04381895065308 1.04337394237518 1.05084002017975 1.06368398666382 1.06392002105713 1.05627298355103 1.04683303833008 0.972357392311096 0.935105681419373 0.831647574901581 0.761261284351349 0.706158101558685 0.712355375289917 0.708295226097107
-3.4e+38 -3.4e+38 -3.4e+38 -3.4e+38 -3.4e+38 -3.4e+38 -3.4e+38 -3.4e+38 -3.4e+38 -3.4e+38 -3.4e+38 -3.4e+38 -3.4e+38 -3.4e+38 -3.4e+38 -3.4e+38 -3.4e+38 1.00625395774841 0.999851286411285 1.00987505912781 1.02398002147675 1.02077198028564 0.996895313262939 0.97927588224411 1.01731503009796 1.04984498023987 1.06872594356537 1.08954405784607 1.0817049741745 1.07160103321075 1.05782902240753 1.05833005905151 1.06006097793579 1.04616498947144 1.060142993927 1.06661796569824 1.06886398792267 1.0483490228653 1.03201603889465 1.02681803703308 0.95867258310318 0.872842013835907 0.91050797700882 0.893948912620544 0.763577103614807 0.694147706031799
-3.4e+38 -3.4e+38 -3.4e+38 -3.4e+38 -3.4e+38 -3.4e+38 -3.4e+38 -3.4e+38 -3.4e+38 -3.4e+38 -3.4e+38 -3.4e+38 -3.4e+38 -3.4e+38 -3.4e+38 1.08619701862335 1.07482302188873 1.07158601284027 1.06591594219208 1.07290804386139 1.0436999797821 1.05033600330353 1.03470802307129 1.00449001789093 1.05869996547699 1.06337797641754 1.04952895641327 1.03628301620483 1.0640070438385 1.05920803546906 1.04825794696808 1.06056594848633 1.05718195438385 1.0438539981842 1.04605197906494 1.03214800357819 1.00218105316162 0.986007571220398 0.955198526382446 0.922887802124023 0.834172129631042 0.79727429151535 0.768430888652802 0.7942755818367 0.815291225910187 0.753901422023773
-3.4e+38 -3.4e+38 -3.4e+38 -3.4e+38 -3.4e+38 -3.4e+38 -3.4e+38 -3.4e+38 -3.4e+38 -3.4e+38 -3.4e+38 -3.4e+38 1.12839901447296 1.1238100528717 1.13018894195557 1.10832095146179 1.11282002925873 1.11263298988342 1.10327398777008 1.05143797397614 1.06519305706024 1.06579303741455 1.01593995094299 1.04009997844696 1.0752489566803 1.06637799739838 1.05682003498077 1.05148804187775 1.04679501056671 1.01992905139923 1.01076400279999 1.02913498878479 1.03076899051666 1.04383194446564 1.04692804813385 1.0079710483551 0.911730825901031 0.856487810611725 0.842159807682037 0.839364171028137 0.784058690071106 0.74865448474884 0.707035303115845 0.709374487400055 0.697313010692596 0.675531089305878
-3.4e+38 -3.4e+38 -3.4e+38 -3.4e+38 -3.4e+38 -3.4e+38 -3.4e+38 -3.4e+38 -3.4e+38 -3.4e+38 -3.4e+38 1.16468799114227 1.15714800357819 1.14940905570984 1.15501999855042 1.13637900352478 1.12290596961975 1.13089799880981 1.1052839756012 1.10463500022888 1.08251595497131 1.08260202407837 1.0913360118866 1.03774404525757 1.03991901874542 1.05143296718597 1.05986094474792 1.04245698451996 1.05028998851776 1.06007194519043 1.04084098339081 1.05015695095062 1.02980494499207 1.01475405693054 0.96479457616806 0.936605215072632 0.936633586883545 0.922490000724792 0.88098680973053 0.833693027496338 0.803946614265442 0.810221374034882 0.770575821399689 0.721284925937653 0.683570683002472 0.663513481616974
-3.4e+38 -3.4e+38 -3.4e+38 -3.4e+38 -3.4e+38 -3.4e+38 -3.4e+38 -3.4e+38 -3.4e+38 1.2214150428772 1.2104389667511 1.1988240480423 1.18331503868103 1.18446004390717 1.16376304626465 1.15660095214844 1.14546203613281 1.11020600795746 1.10952794551849 1.10145497322083 1.07337498664856 1.07235097885132 1.07633197307587 1.05498695373535 1.07062995433807 1.0599730014801 1.05968999862671 1.04567205905914 0.981573224067688 1.01867496967316 1.03529798984528 0.997947096824646 0.984304010868073 0.96780401468277 0.972439885139465 0.926368772983551 0.875769317150116 0.825567901134491 0.894183874130249 0.921304523944855 0.873161911964417 0.863618314266205 0.818697929382324 0.764370322227478 0.71593177318573 0.690655887126923
-3.4e+38 -3.4e+38 -3.4e+38 -3.4e+38 -3.4e+38 -3.4e+38 -3.4e+38 -3.4e+38 -3.4e+38 1.23919200897217 1.23042500019073 1.20848202705383 1.19401001930237 1.16753494739532 1.13318002223969 1.10764300823212 1.08308100700378 1.07709395885468 1.07473397254944 1.0654000043869 1.06034398078918 1.0342789888382 1.03565895557404 1.05835902690887 1.061527967453 1.0590660572052 1.05295097827911 1.0367419719696 1.00367701053619 0.970518171787262 0.959151327610016 0.94212418794632 0.923412680625916 0.895485520362854 0.856102228164673 0.872639417648315 0.868443489074707 0.835651576519012 0.811970472335815 0.807424128055573 0.811209321022034 0.787770509719849 0.763690173625946 0.774899423122406 0.760428786277771 0.732364416122437
-3.4e+38 -3.4e+38 -3.4e+38 -3.4e+38 -3.4e+38 -3.4e+38 -3.4e+38 1.21908295154572 1.22420799732208 1.22774803638458 1.22279298305511 1.19837403297424 1.1673059463501 1.14230895042419 1.1298840045929 1.10947704315186 1.09178102016449 1.08293199539185 1.07284796237946 1.06886696815491 1.04863798618317 1.05507099628448 1.02100503444672 1.01577401161194 1.01036596298218 1.04119396209717 1.04379796981812 1.03490304946899 1.02271294593811 0.972755074501038 0.951058804988861 0.928650975227356 0.897355377674103 0.864935278892517 0.830746471881866 0.814521074295044 0.83485347032547 0.836196720600128 0.804369986057281 0.79002457857132 0.801253378391266 0.7601597905159 0.720219016075134 0.72501140832901 0.740495026111603 0.744648873806
-3.4e+38 -3.4e+38 -3.4e+38 -3.4e+38 -3.4e+38 1.21488904953003 1.21574401855469 1.20945703983307 1.21518099308014 1.21707904338837 1.21246600151062 1.18929898738861 1.16370296478271 1.13859903812408 1.12662303447723 1.1244330406189 1.11399698257446 1.09216296672821 1.07298195362091 1.04793500900269 1.03387200832367 1.01226902008057 1.04837894439697 0.992477893829346 1.00821495056152 1.04676604270935 1.03505396842957 0.971484184265137 1.00089395046234 1.0047789812088 0.981829583644867 0.952032089233398 0.922318518161774 0.876610398292542 0.823419511318207 0.806036591529846 0.803944826126099 0.771921217441559 0.770526528358459 0.768549978733063 0.773835778236389 0.778138518333435 0.747908413410187 0.702484607696533 0.704650819301605 0.693529188632965
-3.4e+38 -3.4e+38 -3.4e+38 -3.4e+38 -3.4e+38 1.19948196411133 1.22373497486115 1.20369005203247 1.20587801933289 1.20353305339813 1.17993605136871 1.1628760099411 1.16873002052307 1.13611495494843 1.12209594249725 1.11880898475647 1.10059404373169 1.08129298686981 1.06485795974731 1.0571540594101 1.05016100406647 1.02615404129028 1.06424295902252 0.975900113582611 0.958276629447937 0.965558111667633 0.988860070705414 0.97458291053772 0.915047109127045 0.897140383720398 0.900984883308411 0.915834188461304 0.894592523574829 0.85697740316391 0.831665694713593 0.815795481204987 0.783176124095917 0.759571075439453 0.757142424583435 0.757438480854034 0.772900104522705 0.751936376094818 0.730497479438782 0.69609147310257 0.694943487644196 0.68598747253418
-3.4e+38 -3.4e+38 1.17548394203186 -3.4e+38 -3.4e+38 1.19558203220367 1.18854796886444 1.20195698738098 1.19644796848297 1.19249594211578 1.15893697738647 1.16525995731354 1.15100204944611 1.13879096508026 1.10497903823853 1.08205497264862 1.08834004402161 1.05685603618622 1.03533804416656 1.01349103450775 0.960307121276855 0.912140727043152 0.965878784656525 0.908863186836243 0.914274990558624 0.951732277870178 0.944639205932617 0.925928771495819 0.899570882320404 0.904163777828217 0.887894570827484 0.853386402130127 0.825252175331116 0.785086989402771 0.787527024745941 0.82681792974472 0.790052175521851 0.767774522304535 0.763370513916016 0.737362384796143 0.734153687953949 0.729130327701569 0.741127610206604 0.714353680610657 0.692660689353943 0.713365614414215
-3.4e+38 -3.4e+38 1.17699599266052 -3.4e+38 1.17668604850769 1.19058096408844 1.18097496032715 1.17956602573395 1.18805396556854 1.1728390455246 1.1586879491806 1.13546895980835 1.1265389919281 1.11005699634552 1.09050595760345 1.06906795501709 1.06075501441956 1.06436002254486 1.05202400684357 1.03607702255249 1.00918304920197 0.953168988227844 0.883927881717682 0.881443917751312 0.915456891059875 0.936778724193573 0.871771812438965 0.869182586669922 0.889040410518646 0.879131078720093 0.85385137796402 0.828719317913055 0.802654385566711 0.773319125175476 0.776987910270691 0.735581874847412 0.736410796642303 0.740976274013519 0.740684270858765 0.73046487569809 0.730026125907898 0.7415531873703 0.7396280169487 0.725860893726349 0.71358847618103 0.715331375598907
-3.4e+38 -3.4e+38 -3.4e+38 -3.4e+38 1.17009103298187 1.15695703029633 1.14733099937439 1.16853904724121 1.16834902763367 1.17317700386047 1.15155494213104 1.12630200386047 1.11867296695709 1.12400102615356 1.09999203681946 1.07275998592377 1.05875599384308 1.05641400814056 1.04381203651428 1.01124703884125 0.967646718025208 0.943147778511047 0.915464997291565 0.893083512783051 0.934143006801605 0.934390127658844 0.858556270599365 0.797529816627502 0.788813292980194 0.792643070220947 0.795353889465332 0.813987910747528 0.801892518997192 0.776796817779541 0.781232178211212 0.736171007156372 0.722906410694122 0.710599780082703 0.712793827056885 0.723124086856842 0.732364475727081 0.721965372562408 0.713966906070709 0.711509525775909 0.715747117996216 0.71000611782074
-3.4e+38 -3.4e+38 -3.4e+38 1.13847696781158 1.14224398136139 1.14769101142883 1.14527702331543 1.14431798458099 1.1540060043335 1.15118598937988 1.12119698524475 1.1125260591507 1.11857497692108 1.12075805664062 1.09756004810333 1.07929301261902 1.06462800502777 1.04740595817566 1.01116394996643 0.995200872421265 0.964362382888794 0.925680875778198 0.954992711544037 0.940092980861664 0.934636414051056 0.866935312747955 0.815737783908844 0.816977083683014 0.809507071971893 0.776330173015594 0.746919512748718 0.745670914649963 0.765037477016449 0.801602780818939 0.794101774692535 0.74596118927002 0.710773229598999 0.702513098716736 0.688808619976044 0.6869757771492 0.694754004478455 0.694186091423035 0.683122515678406 0.678840517997742 0.681004583835602 0.671084702014923
1.12381100654602 1.12711894512177 1.13997197151184 1.14115405082703 1.14111995697021 1.13730001449585 1.12988495826721 1.14081001281738 1.13952100276947 1.13221096992493 1.09953200817108 1.09930694103241 1.09618496894836 1.07695400714874 1.07882905006409 1.07176899909973 1.0586199760437 1.03770303726196 1.02440595626831 0.993731319904327 0.957454919815063 0.914249420166016 0.944609820842743 0.967886388301849 0.871741771697998 0.83360481262207 0.809521913528442 0.813851594924927 0.78568422794342 0.774824321269989 0.786809921264648 0.781126916408539 0.742352783679962 0.718930721282959 0.722187578678131 0.709701776504517 0.700640678405762 0.688403725624084 0.698770821094513 0.693490326404572 0.676883101463318 0.685295283794403 0.690169513225555 0.684364676475525 0.672720372676849 0.664250671863556
1.11091601848602 1.1199539899826 1.13003504276276 1.13070797920227 1.13093900680542 1.12688505649567 1.14004695415497 1.1365259885788 1.11822605133057 1.09541702270508 1.09679901599884 1.08863997459412 1.06949102878571 1.06920599937439 1.04595804214478 1.01122605800629 0.962924480438232 0.957191586494446 0.980548679828644 0.976295471191406 0.971387207508087 0.970276117324829 0.900288701057434 0.883508086204529 0.87169361114502 0.805481374263763 0.764228105545044 0.787129521369934 0.797274589538574 0.783230304718018 0.775752484798431 0.768584311008453 0.766989171504974 0.741863787174225 0.754155278205872 0.758716523647308 0.722557902336121 0.678475975990295 0.673549711704254 0.671762526035309 0.668947815895081 0.666274607181549 0.653048515319824 0.647857010364532 0.654057085514069 0.6540846824646
1.09465098381042 1.10245001316071 1.11478805541992 1.1271790266037 1.11586999893188 1.11283099651337 1.11408805847168 1.09437596797943 1.08547902107239 1.08778405189514 1.08467495441437 1.06444895267487 1.05235505104065 1.04261302947998 1.01300895214081 0.945146083831787 0.956156373023987 1.00229704380035 0.974247217178345 0.936311185359955 0.937074184417725 0.849204480648041 0.815219223499298 0.815632104873657 0.814730226993561 0.807996511459351 0.789715886116028 0.743906378746033 0.725959181785583 0.71872478723526 0.739933788776398 0.735880613327026 0.737394511699677 0.753225684165955 0.770444929599762 0.77640038728714 0.754279911518097 0.727819919586182 0.693077683448792 0.674638211727142 0.66925847530365 0.661069989204407 0.653554081916809 0.653945088386536 0.64569878578186 0.638475298881531
