ENMTML/All_vars/Predictors/EUR_only/bio30.asc
NCOLS 440 
NROWS 275 
XLLCORNER -11.5 
YLLCORNER 25.4999999994691 
CELLSIZE 0.166666666666667 
NODATA_value -3.4e+38 
[rows 220 to 239 of 275, columns 368 to 413 of 440]
0.0560810007154942 0.0565967001020908 0.045592300593853 0.0474561005830765 0.0423964001238346 0.0411766991019249 0.0414699018001556 0.0405320003628731 0.0386922992765903 0.0382031016051769 0.0375846996903419 0.0359360985457897 0.0344250984489918 0.0343040004372597 0.034341998398304 0.0342614986002445 0.0344112999737263 0.0352167002856731 0.0372177995741367 0.043945200741291 0.0487393997609615 0.0488927997648716 0.0489979982376099 0.0494750998914242 0.0500749014317989 0.0502512007951736 0.0503485985100269 0.0513460002839565 0.0514839999377728 0.0506586991250515 0.0514504015445709 0.0514721013605595 0.0493556000292301 0.0472024008631706 0.0469915010035038 0.044335100799799 0.0367564000189304 0.0364703014492989 0.0363756008446217 0.0362076982855797 0.0359890013933182 0.031207699328661 0.0314568988978863 0.0326622016727924 0.0336963981389999 0.0312211997807026
0.0580549016594887 0.0529877990484238 0.0450108014047146 0.042577899992466 0.0414802990853786 0.036591999232769 0.0354463011026382 0.038475401699543 0.0368090011179447 0.0360299982130527 0.0350509993731976 0.0342244990170002 0.0342989005148411 0.0341838002204895 0.0341340005397797 0.0341950990259647 0.0342090018093586 0.0342584997415543 0.0350642018020153 0.0366735011339188 0.0368221998214722 0.0442593991756439 0.0438292995095253 0.0439531989395618 0.0481702983379364 0.0483061000704765 0.0484163984656334 0.0493173003196716 0.0493793003261089 0.0494883991777897 0.0494580008089542 0.0472167991101742 0.0464185997843742 0.0374308004975319 0.0362300984561443 0.0360201001167297 0.0358544997870922 0.0363925993442535 0.0354131013154984 0.0352972000837326 0.0307267997413874 0.0295311007648706 0.0297097004950047 0.0305608008056879 0.0328188017010689 0.0303879994899035
0.0559637993574142 0.0559220984578133 0.0448896996676922 0.0474602989852428 0.0464414991438389 0.0452305004000664 0.0450570993125439 0.0400790013372898 0.036761499941349 0.034418098628521 0.03420490026474 0.0340445004403591 0.0340957008302212 0.0340063013136387 0.0334626995027065 0.0334623008966446 0.0334565006196499 0.0339905992150307 0.0353415012359619 0.0362959988415241 0.0363751016557217 0.0374016985297203 0.0374195985496044 0.0366908013820648 0.0370461009442806 0.0444302000105381 0.0437798984348774 0.0360804013907909 0.0434033013880253 0.0361470989882946 0.0361333005130291 0.036175299435854 0.0359991006553173 0.0357954986393452 0.0363190993666649 0.0353548005223274 0.0351945012807846 0.0347971990704536 0.033457200974226 0.0295967999845743 0.031368799507618 0.02945869974792 0.0294355992227793 0.0306330993771553 0.0306407995522022 0.0297995992004871
0.0559679009020329 0.0570282004773617 0.0523244999349117 0.0432460010051727 0.0408993996679783 0.0433408990502357 0.0459899008274078 0.0404518991708755 0.0349964015185833 0.0380361005663872 0.0298855993896723 0.029789799824357 0.0300338994711637 0.0317022986710072 0.0302713997662067 0.0296513997018337 0.0297666992992163 0.0341322012245655 0.0333893001079559 0.0333423018455505 0.0333683006465435 0.0353953987360001 0.0354676991701126 0.0349656008183956 0.0350789986550808 0.0351966992020607 0.0364232994616032 0.0359123013913631 0.0361079014837742 0.0358797013759613 0.0362797006964684 0.0374005995690823 0.0362990014255047 0.034917701035738 0.0354798994958401 0.0352803990244865 0.033178698271513 0.028822299093008 0.0287555009126663 0.0294729992747307 0.0326780006289482 0.0297541003674269 0.0296353008598089 0.030892500653863 0.0295487008988857 0.029110899195075
0.0580287016928196 0.0551940985023975 0.0555327981710434 0.0448527000844479 0.0415127985179424 0.0414509996771812 0.0431279018521309 0.044148501008749 0.0378944016993046 0.0344339981675148 0.0332768000662327 0.029569499194622 0.0298378001898527 0.0311849992722273 0.0315252989530563 0.0311038997024298 0.0307813994586468 0.030825799331069 0.0305496007204056 0.0296688992530107 0.0334632992744446 0.033441100269556 0.033466499298811 0.0344287008047104 0.0348831005394459 0.0350647009909153 0.0360441990196705 0.03221770003438 0.0325530990958214 0.0320697017014027 0.0358341000974178 0.0351396016776562 0.035393800586462 0.0332270003855228 0.0330084003508091 0.0331193991005421 0.0282927993685007 0.0281863007694483 0.0284266006201506 0.0294851996004581 0.0302495993673801 0.0284944996237755 0.0302887000143528 0.0322634987533092 0.0299322996288538 0.0288855992257595
0.0591042004525661 0.0566896013915539 0.0557808987796307 0.0482636988162994 0.0440840981900692 0.0443462990224361 0.0421826988458633 0.0443642996251583 0.048514399677515 0.0421273000538349 0.0372495017945766 0.0308060999959707 0.0296327993273735 0.0295621994882822 0.0296908002346754 0.0296748001128435 0.0294598992913961 0.0295377001166344 0.0305947996675968 0.0300552994012833 0.029534799978137 0.0296442005783319 0.0330778993666172 0.0330603010952473 0.0330450981855392 0.0330519005656242 0.0341659002006054 0.0351791009306908 0.0352296009659767 0.0342453010380268 0.0341968014836311 0.0340653993189335 0.033220898360014 0.0331471003592014 0.0323535017669201 0.028099499642849 0.02791259996593 0.028006000444293 0.0286800991743803 0.0287923999130726 0.0273713003844023 0.0266440995037556 0.0274211000651121 0.032065499573946 0.0330234989523888 0.0291942991316319
0.061166800558567 0.0600484013557434 0.0597879998385906 0.0493698008358479 0.0442053005099297 0.0438981987535954 0.0442711003124714 0.0443919003009796 0.0449886992573738 0.0487996004521847 0.0484046004712582 0.0399999991059303 0.0319182984530926 0.0300370994955301 0.0292553007602692 0.0291217993944883 0.0290188007056713 0.0289459992200136 0.0290412995964289 0.029041500762105 0.0296238996088505 0.0302143003791571 0.0295818001031876 0.029041500762105 0.0334349013864994 0.0330538004636765 0.033272098749876 0.0334969013929367 0.0294778998941183 0.029712600633502 0.0292956996709108 0.0289795994758606 0.0287852007895708 0.0284802000969648 0.0279140006750822 0.0277878008782864 0.0278335995972157 0.0281828995794058 0.0299408994615078 0.0297954007983208 0.0267718993127346 0.0260809008032084 0.0261247009038925 0.028447899967432 0.0387529991567135 0.0310410000383854
0.0633103996515274 0.0619723983108997 0.0599293000996113 0.0523838996887207 0.0486010983586311 0.0493962988257408 0.0494758002460003 0.044088501483202 0.0422531999647617 0.043189499527216 0.0485435985028744 0.0476751998066902 0.0394482985138893 0.0325192995369434 0.0306145995855331 0.0296679008752108 0.0293068997561932 0.0291933994740248 0.0290984008461237 0.0289801992475986 0.0292585995048285 0.030902199447155 0.0314051993191242 0.0307694002985954 0.0295720994472504 0.0288776997476816 0.030248399823904 0.0308775994926691 0.0314477011561394 0.0313109010457993 0.0304728001356125 0.0283914003521204 0.0277012996375561 0.0275957006961107 0.0274865999817848 0.0273414999246597 0.0279334001243114 0.0287909992039204 0.0303706992417574 0.0294563993811607 0.0268713999539614 0.0258843991905451 0.0257376004010439 0.0274336002767086 0.032234400510788 0.032497201114893
0.057337298989296 0.056598998606205 0.0572122000157833 0.0555685982108116 0.0483277998864651 0.0487420000135899 0.0474722981452942 0.0422433987259865 0.0402363017201424 0.0410379990935326 0.041237398982048 0.0412642993032932 0.0412178002297878 0.039852898567915 0.0388384014368057 0.0330746993422508 0.0383879989385605 0.0329153016209602 0.0315628983080387 0.0296944007277489 0.0291517991572618 0.0294422991573811 0.0300216991454363 0.0304598994553089 0.0301060006022453 0.0292183998972178 0.0288235004991293 0.0285905990749598 0.0280280001461506 0.028583100065589 0.0297657996416092 0.02913529984653 0.0277028009295464 0.0275159999728203 0.0274180006235838 0.0273345001041889 0.0274295993149281 0.0289308000355959 0.0289568994194269 0.0284598991274834 0.0276806000620127 0.0259802006185055 0.025687500834465 0.0260410998016596 0.0282045006752014 0.0313718989491463
0.0615887008607388 0.0576567985117435 0.0590999983251095 0.0595322996377945 0.056403499096632 0.0481918007135391 0.0450245998799801 0.0414940007030964 0.0401711016893387 0.0398286990821362 0.0393702015280724 0.0392546989023685 0.0402886010706425 0.0403407998383045 0.0423715002834797 0.0400170013308525 0.0394750982522964 0.0391252003610134 0.0381828993558884 0.0320471003651619 0.0295951999723911 0.0291117001324892 0.0288883000612259 0.0292959995567799 0.0298709999769926 0.0293739996850491 0.0289504993706942 0.0279692001640797 0.0278526991605759 0.0279849004000425 0.0290767997503281 0.0294822007417679 0.028498999774456 0.0284793991595507 0.0288606006652117 0.0273985005915165 0.0273173004388809 0.027980700135231 0.0284583996981382 0.0292063001543283 0.0283268000930548 0.0263072997331619 0.0260802004486322 0.0258761998265982 0.0262809991836548 0.0312799997627735
0.0610339008271694 0.0606846995651722 0.0556847006082535 0.0548418983817101 0.0591159015893936 0.0501515008509159 0.047698900103569 0.045168399810791 0.0420573018491268 0.0399101004004478 0.0391997992992401 0.0356810018420219 0.0354496985673904 0.0391329005360603 0.0402132011950016 0.0431195981800556 0.0411584004759789 0.0390397012233734 0.0342952981591225 0.0321965999901295 0.0305298008024693 0.0295109990984201 0.0286531001329422 0.0284631997346878 0.0293578002601862 0.0290462002158165 0.0280719995498657 0.0277664996683598 0.0276845004409552 0.0278642997145653 0.0289684999734163 0.0287762992084026 0.0294259004294872 0.0307950004935265 0.0310580991208553 0.028677299618721 0.0272966008633375 0.0274986997246742 0.0281939990818501 0.0292489007115364 0.0292128995060921 0.0273921992629766 0.0264238994568586 0.0261639002710581 0.0264672003686428 0.0274369996041059
0.0604015998542309 0.0603175982832909 0.06008680164814 0.0484276004135609 0.0474596992135048 0.046927098184824 0.0464476011693478 0.0449101999402046 0.0422873012721539 0.0411903001368046 0.0394130982458591 0.0357040986418724 0.0349313989281654 0.0347086004912853 0.0351306013762951 0.0390461012721062 0.0394733995199203 0.0408136993646622 0.0391523987054825 0.0323081985116005 0.0307596009224653 0.0295544005930424 0.0286449994891882 0.0284336991608143 0.0291671007871628 0.0284646991640329 0.0283582005649805 0.0281770005822182 0.0283816996961832 0.0274414997547865 0.0273643992841244 0.0277059990912676 0.0284796003252268 0.0289882998913527 0.0301341991871595 0.0284755993634462 0.0277306996285915 0.0274589993059635 0.028073700144887 0.0282227005809546 0.0280932001769543 0.0271720997989178 0.0271857008337975 0.027283500880003 0.0264357998967171 0.0268057007342577
0.0606812015175819 0.0618874989449978 0.0581614002585411 0.0476996004581451 0.0518863014876842 0.0471527017652988 0.0454825013875961 0.0452499017119408 0.0408857017755508 0.0396717004477978 0.0397382006049156 0.0389453992247581 0.037992000579834 0.034485898911953 0.0341897010803223 0.034094400703907 0.0343432985246181 0.0382346995174885 0.0382293984293938 0.0374419987201691 0.0311207994818687 0.0297979991883039 0.0289402008056641 0.0285826995968819 0.0283320005983114 0.0283071007579565 0.028472600504756 0.0294824000447989 0.0318918004631996 0.0293623004108667 0.0274596996605396 0.0288427006453276 0.0293509997427464 0.0294691994786263 0.0291962008923292 0.0284742992371321 0.0271457005292177 0.027318699285388 0.0279884003102779 0.0280633997172117 0.0283466000109911 0.0284951999783516 0.0270693991333246 0.0273557994514704 0.0291841998696327 0.0289882998913527
0.050926398485899 0.0627285018563271 0.057728998363018 0.0582192987203598 0.050899900496006 0.0463073998689651 0.0464458018541336 0.0441986992955208 0.0404177010059357 0.0405999012291431 0.03974249958992 0.0396963991224766 0.0391696989536285 0.0379952006042004 0.0341212004423141 0.0336197018623352 0.0333474017679691 0.0321798995137215 0.0322978012263775 0.0323394984006882 0.0313941985368729 0.0308138001710176 0.0301516000181437 0.0290651004761457 0.0283911004662514 0.0284985993057489 0.0297761000692844 0.0319309011101723 0.0382676012814045 0.0314144007861614 0.0283419005572796 0.0304163992404938 0.0291840992867947 0.0280476007610559 0.0292645003646612 0.0282653998583555 0.0273755006492138 0.0272205993533134 0.0280632004141808 0.0274612996727228 0.027241999283433 0.0283134002238512 0.0273486003279686 0.0282143000513315 0.0304454993456602 0.031410101801157
0.0498084016144276 0.0553800985217094 0.0573242008686066 0.0586128011345863 0.0466582998633385 0.0464788004755974 0.0464324988424778 0.0484220013022423 0.0443431995809078 0.0402567014098167 0.0404710993170738 0.0398988984525204 0.0391445010900497 0.0382709987461567 0.0378440991044044 0.0340664014220238 0.0334079004824162 0.0316934995353222 0.0315111987292767 0.0321938991546631 0.0342224016785622 0.0330099985003471 0.0383195988833904 0.0314230993390083 0.0290098991245031 0.0287129003554583 0.0292055997997522 0.030417000874877 0.035344198346138 0.0313307009637356 0.0280552990734577 0.0277487002313137 0.0284164994955063 0.0308894999325275 0.0308797992765903 0.029883399605751 0.0284339003264904 0.028379499912262 0.0280981995165348 0.0282576996833086 0.0279677007347345 0.0284497998654842 0.0271345004439354 0.0270313005894423 0.0284595992416143 0.0281486008316278
0.0460711009800434 0.0490004010498524 0.0569996014237404 0.051909901201725 0.0451440997421741 0.0464634001255035 0.0458247996866703 0.0467449016869068 0.0458704009652138 0.0460405983030796 0.0414188988506794 0.0404681004583836 0.0393459014594555 0.0399504005908966 0.0382270999252796 0.0371976010501385 0.0336338989436626 0.0317474007606506 0.0315716005861759 0.0334861986339092 0.0444408990442753 0.0442905984818935 0.0382276996970177 0.0324123986065388 0.0293661002069712 0.0290061999112368 0.0288906004279852 0.0294394008815289 0.0364237017929554 0.0434321016073227 0.0291670002043247 0.0277495998889208 0.0274084005504847 0.0303530991077423 0.0343791991472244 0.0313231013715267 0.0304659008979797 0.0312124006450176 0.0292362999171019 0.0282003991305828 0.0282483994960785 0.0281329993158579 0.0280607994645834 0.0270245000720024 0.0281768999993801 0.0283371992409229
0.0341207012534142 0.0416711010038853 0.0494081005454063 0.057685699313879 0.0429913997650146 0.053872000426054 0.0565908998250961 0.0524833016097546 0.0525830015540123 0.0525234006345272 0.0511653982102871 0.041093498468399 0.0412647984921932 0.0470338016748428 0.0384492017328739 0.0372462011873722 0.0333862006664276 0.0319827012717724 0.0319016985595226 0.0334948003292084 0.0438828989863396 0.0458778999745846 0.0458492003381252 0.0448796004056931 0.0314940996468067 0.0294464007019997 0.0292911008000374 0.0292638000100851 0.0302923005074263 0.0350486002862453 0.031376700848341 0.0274392999708652 0.027369499206543 0.0292667001485825 0.0303176008164883 0.0347684994339943 0.0314599983394146 0.0312982015311718 0.0310830995440483 0.0283141005784273 0.0281224008649588 0.0273576993495226 0.0260828007012606 0.0262957997620106 0.0262797009199858 0.0262678992003202
0.035206601023674 0.0413138009607792 0.0458479002118111 0.0467411987483501 0.0485178008675575 0.0486900992691517 0.0551172010600567 0.0581452995538712 0.0525630004703999 0.0524680987000465 0.0558187998831272 0.052548598498106 0.0472057983279228 0.0465254001319408 0.0456373989582062 0.0443978011608124 0.0372667014598846 0.036838099360466 0.0321744009852409 0.0323330983519554 0.0373684987425804 0.0438599996268749 0.0456709004938602 0.0514499992132187 0.0459760017693043 0.0441453009843826 0.0311267003417015 0.0304873995482922 0.0290258005261421 0.0303843002766371 0.0293221995234489 0.0279616992920637 0.0271806009113789 0.0284596998244524 0.0303265992552042 0.0363935008645058 0.0471839010715485 0.0352732017636299 0.0354688987135887 0.0304985009133816 0.0282816998660564 0.0274018999189138 0.0270092003047466 0.0262941997498274 0.0253388993442059 0.0253996998071671
0.0334746018052101 0.0494901984930038 0.0451796017587185 0.0400077998638153 0.0419546999037266 0.0432425998151302 0.0489922985434532 0.0485443994402885 0.0506945997476578 0.0550852008163929 0.0528700985014439 0.0564092993736267 0.051875401288271 0.0496601015329361 0.046866599470377 0.0464922003448009 0.043469499796629 0.043300598859787 0.0424715988337994 0.0320062004029751 0.0319195985794067 0.0322998985648155 0.0420106016099453 0.0464522987604141 0.0506894998252392 0.0604869984090328 0.0439673997461796 0.030842799693346 0.0302595999091864 0.0304733999073505 0.0323123000562191 0.0312785990536213 0.0282048992812634 0.0283604990690947 0.028974199667573 0.0353978015482426 0.0370564013719559 0.044141199439764 0.0471759997308254 0.0348641015589237 0.0291712991893291 0.0291007999330759 0.0313826985657215 0.0303463991731405 0.0260083992034197 0.0253343991935253
0.0331607982516289 0.0402806997299194 0.0542033985257149 0.0487884990870953 0.0433611012995243 0.0471688993275166 0.0541291013360023 0.0504864007234573 0.0548336990177631 0.0560650005936623 0.0550287999212742 0.0574968010187149 0.0528583005070686 0.0510484017431736 0.050466600805521 0.0469790995121002 0.0510663986206055 0.0436878986656666 0.0429731011390686 0.0428958982229233 0.0316964983940125 0.0313321985304356 0.0314569994807243 0.0417479984462261 0.0446343012154102 0.0456258989870548 0.0494695007801056 0.0431593991816044 0.0309858005493879 0.0309267994016409 0.0313495993614197 0.0344409011304379 0.0302793998271227 0.0283576995134354 0.0290996003895998 0.0309480000287294 0.0362644009292126 0.035894799977541 0.0433275997638702 0.0372272990643978 0.0313640981912613 0.0302610993385315 0.0292659997940063 0.0279443003237247 0.0253024008125067 0.0252158995717764
