ENMTML/All_vars/Predictors/EUR_only/bio31.asc
NCOLS 440 
NROWS 275 
XLLCORNER -11.5 
YLLCORNER 25.4999999994691 
CELLSIZE 0.166666666666667 
NODATA_value -3.4e+38 
[rows 160 to 179 of 275, columns 315 to 359 of 440]
0.213301599025726 0.204377502202988 0.199866905808449 0.180533900856972 0.182374894618988 0.186530694365501 0.159871995449066 0.14349639415741 0.133624494075775 0.121151998639107 0.108702301979065 0.107990697026253 0.113616898655891 0.119891799986362 0.127648398280144 0.138975203037262 0.144092306494713 0.152097702026367 0.156456798315048 0.146110206842422 0.14926989376545 0.157712697982788 0.160189598798752 0.163195595145226 0.163845494389534 0.163309901952744 0.165129795670509 0.167347699403763 0.170454695820808 0.17053659260273 0.177952706813812 0.185892999172211 0.190464705228806 0.195164903998375 0.198564603924751 0.202211305499077 0.205805405974388 0.210974901914597 0.214784607291222 0.214778199791908 0.217164605855942 0.219733893871307 -3.4e+38 -3.4e+38 -3.4e+38
0.180083602666855 0.170419305562973 0.175553098320961 0.165358901023865 0.162444204092026 0.164312794804573 0.135802894830704 0.117790803313255 0.118590496480465 0.116242803633213 0.108622297644615 0.0998710319399834 0.100134998559952 0.10976579785347 0.124436400830746 0.130091696977615 0.146458402276039 0.15158799290657 0.149354800581932 0.141326799988747 0.146271392703056 0.145755499601364 0.157500594854355 0.156982704997063 0.153606906533241 0.156948193907738 0.157672300934792 0.163027703762054 0.163943499326706 0.172333598136902 0.176809802651405 0.181412294507027 0.189133703708649 0.198140293359756 0.201166495680809 0.205062702298164 0.206162795424461 0.211726695299149 0.218061998486519 0.213864207267761 0.222407296299934 0.228172197937965 -3.4e+38 -3.4e+38 -3.4e+38
0.146550193428993 0.144639998674393 0.156840592622757 0.156997293233871 0.138497695326805 0.135264903306961 0.128219097852707 0.108067400753498 0.107068203389645 0.114322602748871 0.112730301916599 0.108970001339912 0.105173796415329 0.107736200094223 0.124587200582027 0.135802194476128 0.145606204867363 0.146648198366165 0.143015995621681 0.146314397454262 0.14447920024395 0.144075095653534 0.143909201025963 0.15061029791832 0.148999497294426 0.148660600185394 0.148976102471352 0.156281501054764 0.162563800811768 0.167694702744484 0.176359906792641 0.184644803404808 0.188810601830482 0.195046901702881 0.202865898609161 0.209791406989098 0.211419001221657 0.214065000414848 0.217357397079468 0.218886107206345 0.223886907100677 0.229078397154808 -3.4e+38 -3.4e+38 -3.4e+38
0.103645399212837 0.107147000730038 0.119372397661209 0.119068898260593 0.117178402841091 0.110317401587963 0.10124459862709 0.106519401073456 0.107988096773624 0.117987796664238 0.114465802907944 0.113689996302128 0.113200597465038 0.115591801702976 0.128521203994751 0.139602601528168 0.143583104014397 0.148973494768143 0.148301899433136 0.147972494363785 0.144012600183487 0.146578699350357 0.142969906330109 0.141986802220345 0.14206500351429 0.146978303790092 0.147787496447563 0.150631904602051 0.159020304679871 0.166143000125885 0.175233006477356 0.180921003222466 0.189780101180077 0.202541396021843 0.204726502299309 0.209688395261765 0.212842106819153 0.21697810292244 0.221141293644905 0.224087595939636 0.231414601206779 0.227506205439568 -3.4e+38 -3.4e+38 -3.4e+38
0.0752275064587593 0.0799945294857025 0.0781975165009499 0.0864761173725128 0.0909854173660278 0.0900605767965317 0.0888362526893616 0.106148101389408 0.123918600380421 0.141812592744827 0.150476396083832 0.144553005695343 0.114375896751881 0.119998596608639 0.133204504847527 0.145919501781464 0.155265897512436 0.158301502466202 0.156233206391335 0.154370903968811 0.151463896036148 0.14856930077076 0.145260497927666 0.143943101167679 0.141158103942871 0.143684193491936 0.147733300924301 0.151034995913506 0.151990294456482 0.16379289329052 0.172259405255318 0.178447797894478 0.192125305533409 0.202659994363785 0.208939105272293 0.214634001255035 0.217411696910858 0.221472695469856 0.227095499634743 0.230857998132706 0.234557002782822 0.23511129617691 -3.4e+38 -3.4e+38 -3.4e+38
0.0397423505783081 0.0428375601768494 0.0521461591124535 0.0575348511338234 0.0574754998087883 0.0629876330494881 0.0633310228586197 0.105778902769089 0.13106070458889 0.126873895525932 0.119225703179836 0.117836102843285 0.113167598843575 0.111329197883606 0.130647197365761 0.164154395461082 0.176773503422737 0.176971599459648 0.175332203507423 0.168101206421852 0.159194394946098 0.154005900025368 0.150746494531631 0.144411206245422 0.145549893379211 0.144114300608635 0.145745798945427 0.151342898607254 0.154085397720337 0.156886398792267 0.16764310002327 0.182299897074699 0.189392194151878 0.199705705046654 0.210582599043846 0.215028494596481 0.218058794736862 0.226773396134377 0.23397970199585 0.235235795378685 0.244812294840813 0.246086999773979 -3.4e+38 -3.4e+38 -3.4e+38
0.0390400886535645 0.0362695790827274 0.0361296609044075 0.037116389721632 0.0367622710764408 0.0393875986337662 0.0452670007944107 0.0627348273992538 0.121159501373768 0.111994497478008 0.120993502438068 0.0949559211730957 0.0798995196819305 0.0953581035137177 0.125055998563766 0.171125203371048 0.189257100224495 0.193177297711372 0.183818399906158 0.165220201015472 0.149908900260925 0.142389297485352 0.134183093905449 0.129712700843811 0.132274195551872 0.135276705026627 0.147233694791794 0.147401094436646 0.159136205911636 0.161243095993996 0.171340793371201 0.176840797066689 0.188835397362709 0.201669305562973 0.207338497042656 0.216003701090813 0.222342595458031 0.234100505709648 0.242182597517967 0.24148890376091 0.251163095235825 0.253675401210785 -3.4e+38 -3.4e+38 -3.4e+38
0.0350034385919571 0.0388503409922123 0.041662909090519 0.0469904616475105 0.0386602208018303 0.0571854002773762 0.0528108812868595 0.0738860368728638 0.0796972364187241 0.0991743132472038 0.102294899523258 0.0650092288851738 0.0514403805136681 0.0474906489253044 0.0851309970021248 0.146760106086731 0.173334807157516 0.187619999051094 0.191724300384521 0.167500406503677 0.132987499237061 0.128946006298065 0.132604196667671 0.133483797311783 0.131501495838165 0.128749907016754 0.127241402864456 0.139608398079872 0.145864397287369 0.154804393649101 0.166818097233772 0.179357007145882 0.182962507009506 0.18824590742588 0.200128793716431 0.210047900676727 0.222312897443771 0.239445805549622 0.250205993652344 0.254381597042084 0.264142096042633 0.263839185237885 -3.4e+38 -3.4e+38 -3.4e+38
0.0275788493454456 0.0289513003081083 0.0322879813611507 0.0357021689414978 0.0395634099841118 0.0449963808059692 0.054855439811945 0.0560426786541939 0.0660369470715523 0.067498616874218 0.0643372386693954 0.0720154792070389 0.0613439716398716 0.0504607297480106 0.0351115614175797 0.101176798343658 0.127130597829819 0.155699104070663 0.165054500102997 0.160179004073143 0.146306395530701 0.135385900735855 0.138317301869392 0.139374002814293 0.139483898878098 0.139378502964973 0.13884000480175 0.143224194645882 0.147341594099998 0.152578696608543 0.157394304871559 0.153574407100677 0.156441703438759 0.166514694690704 0.186638295650482 0.203652992844582 0.230066806077957 0.244818404316902 0.264046609401703 0.275312513113022 0.274940609931946 0.274629205465317 -3.4e+38 -3.4e+38 -3.4e+38
0.0479998998343945 0.0372351817786694 0.0292443502694368 0.0257246904075146 0.0244096796959639 0.0259045604616404 0.0339818894863129 0.0295709408819675 0.0311144199222326 0.0361827500164509 0.0381002016365528 0.055022869259119 0.0644220933318138 0.0602858401834965 0.0417234189808369 0.0434121116995811 0.0454674586653709 0.0984656512737274 0.152227595448494 0.155719801783562 0.141389593482018 0.13420370221138 0.13391849398613 0.118942901492119 0.137271493673325 0.145130902528763 0.143802598118782 0.139575496315956 0.137935996055603 0.133356899023056 0.133891001343727 0.129592895507812 0.125196203589439 0.117591701447964 0.117040000855923 0.134956106543541 0.173090398311615 0.240732997655869 0.273405998945236 0.284317791461945 0.285171806812286 0.285540014505386 -3.4e+38 -3.4e+38 -3.4e+38
0.0632374063134193 0.0552641302347183 0.0465665906667709 0.0389638617634773 0.0253139603883028 0.0264378599822521 0.0260461904108524 0.0249139498919249 0.0339789800345898 0.0348849482834339 0.0331183299422264 0.0312444698065519 0.0442385002970695 0.0450003296136856 0.0547343492507935 0.0521618388593197 0.0374946482479572 0.0391962192952633 0.033093798905611 0.0358444787561893 0.0373267307877541 0.0526554994285107 0.0554897114634514 0.0542046390473843 0.0588840581476688 0.065528616309166 0.0884053111076355 0.143593907356262 0.143955498933792 0.135222300887108 0.140059500932693 0.143769398331642 0.144994497299194 0.148128494620323 0.155260697007179 0.111257702112198 0.139708206057549 0.173234894871712 0.189782097935677 0.279212385416031 0.294580399990082 0.296968907117844 0.293311685323715 0.293972104787827 0.29239821434021
-3.4e+38 0.0619609504938126 0.0592411607503891 0.0565558895468712 0.0465963296592236 0.0356848686933517 0.0427601411938667 0.0265297293663025 0.0259554795920849 0.0256487596780062 0.0488338507711887 0.028371300548315 0.0280573405325413 0.0304646398872137 0.0320453606545925 0.0314175486564636 0.0531656108796597 0.0460110194981098 0.0489098206162453 0.0550963282585144 0.0635973215103149 0.0565261393785477 0.0631211921572685 0.0622999295592308 0.0755571871995926 0.0707696229219437 0.0695536583662033 0.0989310666918755 0.101718403398991 0.10938960313797 0.115045197308064 0.130561098456383 0.140314400196075 0.147184193134308 0.137136399745941 0.136263594031334 0.113170303404331 0.117685496807098 0.155229598283768 0.234851107001305 0.296459197998047 0.301739007234573 0.301853209733963 0.304039299488068 0.300775200128555
-3.4e+38 -3.4e+38 -3.4e+38 0.0632978826761246 0.0612139105796814 0.0604202300310135 0.0692619234323502 0.070480078458786 0.0590537898242474 0.05026575922966 0.105458199977875 0.111057199537754 0.0918737798929214 0.108682200312614 0.0824156031012535 0.044283751398325 0.0383912287652493 0.0472202487289906 0.0423876605927944 0.0549798607826233 0.062768466770649 0.063202977180481 0.0739418417215347 0.0689400210976601 0.0789793431758881 0.081399992108345 0.084591418504715 0.0887118428945541 0.0923795625567436 0.102989703416824 0.117345303297043 0.131110206246376 0.136628404259682 0.144756495952606 0.152543500065804 0.132029205560684 0.158802300691605 0.131931900978088 0.118017099797726 0.159603297710419 0.258559912443161 0.301766395568848 0.311671406030655 0.312910407781601 0.308974385261536
-3.4e+38 -3.4e+38 -3.4e+38 0.0725772529840469 0.0734913572669029 0.0755129083991051 0.0900395065546036 0.109929196536541 0.12391360104084 0.13266259431839 0.144521906971931 0.129049703478813 0.10266999900341 0.105967298150063 0.111766397953033 0.0783431529998779 0.0447149500250816 0.0535411015152931 0.0370361506938934 0.0470389500260353 0.0459800586104393 0.0443752482533455 0.0466447211802006 0.0492561496794224 0.0695996433496475 0.0830960869789124 0.0860228985548019 0.0863003879785538 0.09492526948452 0.102522298693657 0.113488800823689 0.122451201081276 0.132448107004166 0.144038900732994 0.153906404972076 0.152397200465202 0.147976502776146 0.151532307267189 0.148115903139114 0.123494900763035 0.212430194020271 0.287885099649429 0.320402413606644 0.325201392173767 0.323609590530396
-3.4e+38 -3.4e+38 -3.4e+38 -3.4e+38 0.0916084870696068 0.0993696972727776 0.113430701196194 0.150515094399452 0.190376207232475 0.211096897721291 0.214461401104927 0.215599194169044 0.218753799796104 0.214020505547523 0.207333207130432 0.161930203437805 0.152380093932152 0.162104696035385 0.141520202159882 0.0725853964686394 0.0659363567829132 0.0548356398940086 0.0749718621373177 0.0646652430295944 0.0644491910934448 0.0917314663529396 0.0814994126558304 0.0908832475543022 0.101824797689915 0.108193702995777 0.116327598690987 0.121129401028156 0.131878197193146 0.141397401690483 0.157811105251312 0.162751704454422 0.170753493905067 0.176630601286888 0.184841096401215 0.147873803973198 0.163906201720238 0.271288394927979 0.324149012565613 0.337396085262299 0.33757808804512
-3.4e+38 -3.4e+38 -3.4e+38 -3.4e+38 0.106157302856445 0.11479090154171 0.126957103610039 0.155506804585457 0.182653397321701 0.21133029460907 0.216873005032539 0.22700509428978 0.251560807228088 0.231965601444244 0.199846506118774 0.209518194198608 0.243694007396698 0.249779596924782 0.237873896956444 0.217177003622055 0.195757001638412 0.175602898001671 0.19772119820118 0.130455195903778 0.158681094646454 0.198215395212173 0.193341806530952 0.175091996788979 0.129744499921799 0.114124901592731 0.124708697199821 0.130574598908424 0.140861198306084 0.142827898263931 0.155440002679825 0.163014099001884 0.180455803871155 0.19177420437336 0.194253399968147 0.162885904312134 0.135149598121643 0.222879201173782 0.28398609161377 0.31957021355629 0.347966492176056
-3.4e+38 -3.4e+38 -3.4e+38 -3.4e+38 0.121739201247692 0.127079203724861 0.12138319760561 0.109277501702309 0.119310200214386 0.101559400558472 0.117079496383667 0.152689099311829 0.137343302369118 0.185599595308304 0.203615203499794 0.182747200131416 0.183671697974205 0.178864896297455 0.198334500193596 0.204392492771149 0.199902504682541 0.187700405716896 0.190735802054405 0.177960500121117 0.154337003827095 0.164921402931213 0.198137894272804 0.189151600003242 0.186187103390694 0.190403699874878 0.193329706788063 0.15568619966507 0.142057806253433 0.156987801194191 0.156191602349281 0.161486104130745 0.170780003070831 0.187859401106834 0.208552300930023 0.212565004825592 0.201833605766296 0.138063296675682 0.227079197764397 0.315349608659744 0.34659481048584
-3.4e+38 -3.4e+38 -3.4e+38 -3.4e+38 0.12214220315218 0.1025784984231 0.114059999585152 0.104424498975277 0.097781740128994 0.113074399530888 0.127069503068924 0.153092101216316 0.182886302471161 0.181680798530579 0.155676200985909 0.135316595435143 0.122844897210598 0.119939997792244 0.134395599365234 0.150258094072342 0.164511993527412 0.204391002655029 0.1700718998909 0.180392503738403 0.196568503975868 0.207154005765915 0.209030598402023 0.211558595299721 0.191560193896294 0.193651705980301 0.203555107116699 0.215906202793121 0.208141595125198 0.172560602426529 0.170776605606079 0.177534192800522 0.188485503196716 0.197902098298073 0.202487498521805 0.222320795059204 0.226776704192162 0.147715300321579 0.211404904723167 0.294989287853241 0.325602501630783
-3.4e+38 -3.4e+38 -3.4e+38 0.113331198692322 0.105679102241993 0.138478294014931 0.147223502397537 0.163939297199249 0.161523401737213 0.116693302989006 0.186399504542351 0.190065398812294 0.192296400666237 0.189207300543785 0.158356696367264 0.145193099975586 0.109218902885914 0.163394898176193 0.18011049926281 0.184385001659393 0.210846707224846 0.187844693660736 0.169170200824738 0.154655903577805 0.155206993222237 0.181447401642799 0.186767399311066 0.179059892892838 0.188327297568321 0.195143297314644 0.196347907185555 0.213732093572617 0.22877100110054 0.243334397673607 0.21828530728817 0.189159497618675 0.198063597083092 0.206321701407433 0.218628197908401 0.227089196443558 0.222735002636909 0.170875802636147 0.178440406918526 0.251259088516235 0.300423800945282
-3.4e+38 -3.4e+38 0.0981360301375389 0.127903893589973 0.15254519879818 0.175892397761345 0.135869398713112 0.175228402018547 0.157671496272087 0.121087603271008 0.14968329668045 0.13064880669117 0.129910796880722 0.198014706373215 0.207630500197411 0.172664701938629 0.147045999765396 0.137894004583359 0.217521801590919 0.210365504026413 0.175418898463249 0.166890293359756 0.157171800732613 0.158708497881889 0.161474704742432 0.156538993120193 0.169192001223564 0.171718493103981 0.172199994325638 0.18447570502758 0.199307397007942 0.204517602920532 0.214156702160835 0.229960203170776 0.24256519973278 0.218601495027542 0.208212599158287 0.209555402398109 0.224821493029594 0.231629192829132 0.215658202767372 0.185926005244255 0.166676506400108 0.181030198931694 0.25522568821907
