ENMTML/All_vars/Predictors/EUR_only/bio33.asc
NCOLS 440 
NROWS 275 
XLLCORNER -11.5 
YLLCORNER 25.4999999994691 
CELLSIZE 0.166666666666667 
NODATA_value -3.4e+38 
[rows 140 to 159 of 275, columns 138 to 183 of 440]
1.02535903453827 1.02130699157715 1.01001000404358 1.0014740228653 1.00949800014496 1.01646900177002 1.02523601055145 1.03017795085907 1.0314279794693 1.05342400074005 1.07015597820282 1.07703495025635 1.06990194320679 1.06240594387054 1.06321895122528 1.05013597011566 1.03681194782257 1.03421998023987 1.03008902072906 1.02022302150726 1.02533400058746 1.02343499660492 1.02827894687653 1.02625298500061 1.0141259431839 1.01403605937958 0.960441112518311 0.803315103054047 0.630581915378571 0.589037775993347 0.585002720355988 0.543009877204895 0.53724867105484 0.526358485221863 0.508315086364746 0.496023893356323 0.485127210617065 0.474261701107025 0.466423094272614 0.458995908498764 0.457253903150558 0.464006811380386 0.457834005355835 0.459327310323715 0.534220576286316 0.479924410581589
1.02527403831482 1.02699899673462 1.02547097206116 1.01332402229309 1.02800405025482 1.02971005439758 1.04498100280762 1.05519795417786 1.05438804626465 1.05737900733948 1.09007203578949 1.099161028862 1.10728597640991 1.11820697784424 1.11835205554962 1.10578501224518 1.08043694496155 1.07637202739716 1.05247604846954 1.04807901382446 1.04629397392273 1.05710601806641 1.04916596412659 1.04734694957733 1.0511120557785 1.0423549413681 1.01447701454163 0.792298913002014 0.72426438331604 0.645905673503876 0.578306674957275 0.53044331073761 0.522055387496948 0.511360824108124 0.498484402894974 0.486057192087173 0.473379909992218 0.465300500392914 0.458033800125122 0.451087594032288 0.446821212768555 0.460930198431015 0.453880101442337 0.456051111221313 0.486794888973236 0.454431086778641
1.03510797023773 1.03845703601837 1.03609204292297 1.01916599273682 1.02693402767181 1.02946603298187 1.05642604827881 1.06247901916504 1.0813410282135 1.0968029499054 1.10326099395752 1.10731399059296 1.11737096309662 1.12102997303009 1.11452698707581 1.11526596546173 1.09897196292877 1.08044600486755 1.08094894886017 1.06419599056244 1.07213401794434 1.07127201557159 1.05948805809021 1.0463730096817 1.03121495246887 1.04423201084137 1.03994405269623 0.995313286781311 0.916172921657562 0.739587485790253 0.630512416362762 0.563732624053955 0.530917227268219 0.514790773391724 0.498891890048981 0.484383195638657 0.478006094694138 0.472042888402939 0.460270404815674 0.455368310213089 0.453328102827072 0.471199601888657 0.462094485759735 0.457430690526962 0.473563194274902 0.435379207134247
1.05649399757385 1.02786004543304 1.01548099517822 1.02024495601654 1.03199899196625 1.04315996170044 1.05317401885986 1.05733501911163 1.08530604839325 1.09925901889801 1.08196997642517 1.09722495079041 1.1242949962616 1.12607896327972 1.10930502414703 1.11045300960541 1.12147295475006 1.11181199550629 1.10476696491241 1.08822500705719 1.06111800670624 1.03604805469513 1.0273460149765 1.02931797504425 1.04413402080536 1.02236795425415 1.01532602310181 0.954079508781433 0.89221578836441 0.789958417415619 0.645116209983826 0.58223831653595 0.550065100193024 0.526463985443115 0.50803929567337 0.49238321185112 0.484371513128281 0.488116711378098 0.485923707485199 0.473972499370575 0.473004907369614 0.470106989145279 0.44867479801178 0.442868590354919 0.446438491344452 0.433417201042175
1.04518604278564 1.0592930316925 1.0344090461731 1.06821596622467 1.05758798122406 1.05525600910187 1.05990898609161 1.07129800319672 1.06736195087433 1.0759299993515 1.09009099006653 1.11628305912018 1.12531900405884 1.13124096393585 1.13289403915405 1.12311196327209 1.10848104953766 1.09012305736542 1.07642900943756 1.05317103862762 1.04342401027679 1.05939996242523 1.02644097805023 1.02210700511932 1.01534295082092 0.996132075786591 0.923794388771057 0.849329471588135 0.784649014472961 0.737381398677826 0.654226183891296 0.605985403060913 0.571929275989532 0.545253396034241 0.519294619560242 0.511021316051483 0.530956923961639 0.580588579177856 0.544806003570557 0.49345600605011 0.453433394432068 0.446195900440216 0.443310111761093 0.436661809682846 0.432390689849854 0.430665403604507
1.0752329826355 1.07380700111389 1.0818680524826 1.10081005096436 1.13047397136688 1.12249600887299 1.10520899295807 1.13667798042297 1.1093909740448 1.09940600395203 1.11818504333496 1.12272703647614 1.10595297813416 1.09905600547791 1.10336303710938 1.09782695770264 1.08318400382996 1.06746304035187 1.09208500385284 1.06131398677826 1.07151198387146 1.02117896080017 1.00149297714233 0.966337621212006 0.951467394828796 0.918088376522064 0.890322089195251 0.844241619110107 0.794313371181488 0.731742382049561 0.673871517181396 0.631165683269501 0.61029177904129 0.567250072956085 0.537836790084839 0.530998706817627 0.55883252620697 0.552689909934998 0.499453008174896 0.45328950881958 0.449391692876816 0.439576685428619 0.438067406415939 0.436995387077332 0.435170203447342 0.431484192609787
1.04969096183777 1.07247698307037 1.02480900287628 1.08242297172546 1.09015095233917 1.07560801506042 1.053346991539 1.09049105644226 1.06498301029205 1.07818996906281 1.08244597911835 1.08902597427368 1.08612895011902 1.10329902172089 1.10286295413971 1.08247601985931 1.06154000759125 1.04411196708679 1.0720089673996 1.0580290555954 1.05599498748779 1.05500102043152 0.996117413043976 0.922345221042633 0.926436424255371 0.928751111030579 0.921323478221893 0.887422621250153 0.835040271282196 0.776066422462463 0.721799790859222 0.676686227321625 0.630789220333099 0.598808825016022 0.587630987167358 0.546371519565582 0.53498387336731 0.501266181468964 0.465864300727844 0.44910991191864 0.449531704187393 0.445017993450165 0.439305394887924 0.444266885519028 0.438183486461639 0.433407694101334
0.997396886348724 0.986995100975037 0.93323540687561 1.01034498214722 1.0230770111084 1.03435897827148 1.03747797012329 1.0378589630127 1.03873598575592 1.05794703960419 1.05939900875092 1.06617999076843 1.0701470375061 1.08040404319763 1.08267998695374 1.05534303188324 1.03995501995087 1.01941204071045 1.04323399066925 1.0344820022583 1.04548394680023 1.06039798259735 1.00147497653961 0.978427171707153 0.949441611766815 0.92627477645874 0.903396487236023 0.873988509178162 0.852053225040436 0.787400007247925 0.753234684467316 0.712604880332947 0.660296678543091 0.629705488681793 0.581850826740265 0.541985929012299 0.509151101112366 0.501078188419342 0.492095202207565 0.475407212972641 0.461472302675247 0.454855501651764 0.446788787841797 0.448452889919281 0.438946694135666 0.434176594018936
0.900620222091675 1.0239109992981 1.02115201950073 1.02930498123169 1.03281497955322 1.01826202869415 1.02379894256592 1.03446102142334 1.03863704204559 1.04396796226501 1.05726504325867 1.06803500652313 1.07747805118561 1.07514202594757 1.0622980594635 1.03635203838348 1.01426696777344 1.02835702896118 1.02497398853302 1.0354859828949 1.03235900402069 1.03546500205994 1.03183102607727 1.02482402324677 1.00348603725433 0.933671593666077 0.908481776714325 0.851341426372528 0.812048971652985 0.784565627574921 0.764159917831421 0.740567624568939 0.693162977695465 0.647094011306763 0.589606106281281 0.563667416572571 0.529379785060883 0.523997902870178 0.503212094306946 0.484279006719589 0.473899185657501 0.463742613792419 0.453154802322388 0.450289011001587 0.439097493886948 0.43564710021019
0.9852374792099 1.01672494411469 1.0062609910965 1.00832903385162 1.00130701065063 1.00516104698181 1.01943600177765 1.02397894859314 1.03517496585846 1.0314769744873 1.05926501750946 1.0711350440979 1.07914304733276 1.08346796035767 1.08303701877594 1.07127499580383 1.07290196418762 1.07920205593109 1.07870697975159 1.07345902919769 1.06010401248932 1.0304239988327 1.05438899993896 1.04841005802155 1.00046396255493 0.924558222293854 0.892391324043274 0.868010282516479 0.840563774108887 0.80971622467041 0.755470514297485 0.72898268699646 0.694422125816345 0.667718410491943 0.615764319896698 0.586512088775635 0.553151786327362 0.524290025234222 0.501537978649139 0.485139310359955 0.480191797018051 0.480881094932556 0.460784196853638 0.447186499834061 0.440946608781815 0.439765602350235
0.951380372047424 0.987690627574921 1.00290596485138 0.978382706642151 1.00416398048401 1.00993597507477 1.02098095417023 0.98994767665863 0.989427208900452 0.942471325397491 1.02028405666351 1.05320799350739 1.05692601203918 1.08148896694183 1.0827169418335 1.08240795135498 1.02052104473114 1.00045096874237 1.04725098609924 1.06042098999023 1.03636705875397 0.997664928436279 0.966912984848022 0.965910971164703 0.954800188541412 0.956164300441742 0.929390788078308 0.909337520599365 0.841305077075958 0.812245488166809 0.784351408481598 0.728946685791016 0.697637617588043 0.662851989269257 0.631073296070099 0.59421718120575 0.573538303375244 0.556098222732544 0.530670404434204 0.509910225868225 0.509084820747375 0.507761418819427 0.480306714773178 0.453178197145462 0.447928607463837 0.449487805366516
0.964891374111176 0.948242008686066 0.931405782699585 0.818554878234863 0.896895289421082 1.00519502162933 0.92456328868866 0.866514980792999 0.86896538734436 0.887340903282166 0.883219480514526 0.892426729202271 0.959830224514008 1.02979302406311 1.04045403003693 1.04007005691528 1.02491700649261 0.961407601833344 0.940508604049683 0.994753479957581 1.01233005523682 1.02270495891571 0.974799811840057 0.995754778385162 0.944449007511139 0.866957187652588 0.824385523796082 0.825850129127502 0.809159278869629 0.80707061290741 0.77911901473999 0.756139874458313 0.717534780502319 0.6594477891922 0.62846177816391 0.597865581512451 0.577517688274384 0.541003227233887 0.526160180568695 0.52720057964325 0.521200776100159 0.498828113079071 0.484659612178802 0.463181495666504 0.452060103416443 0.448044300079346
0.940870404243469 0.874437272548676 0.789875388145447 0.778351902961731 0.735877811908722 0.746439278125763 0.779807329177856 0.808495223522186 0.827474176883698 0.830241203308105 0.822430670261383 0.794041395187378 0.813366174697876 0.953928172588348 1.02257895469666 1.04576599597931 1.01112294197083 1.0144510269165 0.990336716175079 0.980726420879364 0.941284120082855 0.932938277721405 0.911219775676727 0.868770182132721 0.865892171859741 0.798285782337189 0.854114592075348 0.82954078912735 0.764952301979065 0.743654489517212 0.736052989959717 0.72303718328476 0.715713620185852 0.691294312477112 0.636459708213806 0.594664990901947 0.567910075187683 0.538431823253632 0.516349017620087 0.509718596935272 0.505040884017944 0.491558402776718 0.477238208055496 0.46455979347229 0.455420702695847 0.445895999670029
0.713360011577606 0.640025317668915 0.622079074382782 0.64901727437973 0.671217322349548 0.705432593822479 0.742415308952332 0.76654577255249 0.785706579685211 0.789315521717072 0.78269761800766 0.74662321805954 0.775088310241699 0.884969413280487 0.937452077865601 1.02688896656036 1.03023099899292 1.0401599407196 1.04921305179596 1.01839900016785 0.979123175144196 0.929892599582672 0.94177258014679 0.970385909080505 0.916168987751007 0.774593412876129 0.71239048242569 0.713176488876343 0.714393615722656 0.717888474464417 0.719049096107483 0.723038613796234 0.695868015289307 0.675173580646515 0.661913514137268 0.629348695278168 0.585551083087921 0.551779389381409 0.526953816413879 0.510822772979736 0.500940918922424 0.490744411945343 0.484357088804245 0.475396990776062 0.459305197000504 0.446916103363037
0.599633514881134 0.567157626152039 0.561070382595062 0.588531613349915 0.625477313995361 0.670503973960876 0.703916311264038 0.730115473270416 0.75482302904129 -3.4e+38 -3.4e+38 -3.4e+38 -3.4e+38 0.760326623916626 0.945614874362946 0.98497462272644 0.996758282184601 1.07421505451202 1.05661904811859 1.02650904655457 0.983102023601532 0.990907907485962 0.793342590332031 0.799384474754333 0.732719779014587 0.705939412117004 0.712806224822998 0.716226279735565 0.696270227432251 0.695099174976349 0.698379397392273 0.729237079620361 0.681593179702759 0.668453693389893 0.680975079536438 0.772601127624512 0.713486075401306 0.613752126693726 0.546036183834076 0.518397212028503 0.508148312568665 0.498479813337326 0.491377890110016 0.478083699941635 0.464022189378738 0.453398406505585
0.564892172813416 0.527294516563416 0.521863520145416 0.550182223320007 0.592844188213348 0.642087399959564 -3.4e+38 -3.4e+38 -3.4e+38 -3.4e+38 -3.4e+38 -3.4e+38 0.731880307197571 0.80783748626709 0.828134417533875 0.971566915512085 0.979417979717255 0.944508671760559 1.04402101039886 1.01597201824188 0.986367702484131 0.926329076290131 0.801393508911133 0.738776385784149 0.714358687400818 0.717061102390289 0.702432990074158 0.68866378068924 0.703316211700439 0.688987374305725 0.671476900577545 0.664776623249054 0.663241684436798 0.675896286964417 0.74287748336792 0.766564011573792 0.658457219600677 0.638692319393158 0.610325813293457 0.552888691425323 0.526615083217621 0.503757297992706 0.49537068605423 0.479258596897125 0.467577487230301 0.460155814886093
0.511833786964417 0.51105010509491 0.504621386528015 0.525199294090271 0.546854019165039 -3.4e+38 -3.4e+38 -3.4e+38 -3.4e+38 -3.4e+38 -3.4e+38 -3.4e+38 0.677276790142059 0.764090478420258 0.793616116046906 0.735041618347168 0.896569907665253 -3.4e+38 0.762831211090088 0.99009507894516 1.04770994186401 0.970589399337769 0.821781992912292 0.741531372070312 0.715733528137207 0.718979895114899 0.680863082408905 0.71132481098175 0.75449812412262 0.72974568605423 0.676069319248199 0.650397598743439 0.637840688228607 0.633143305778503 0.631779789924622 0.618327379226685 0.620018720626831 0.583394527435303 0.574351012706757 0.559447228908539 0.527711927890778 0.50780177116394 0.500443577766418 0.487377911806107 0.479075908660889 0.472425311803818
0.486452102661133 0.486108511686325 0.493193686008453 0.509652376174927 0.530240893363953 -3.4e+38 -3.4e+38 -3.4e+38 -3.4e+38 -3.4e+38 -3.4e+38 -3.4e+38 -3.4e+38 0.654991686344147 0.728147685527802 0.685975670814514 0.718078792095184 0.658644616603851 0.621543288230896 0.663483083248138 0.935213506221771 0.912333786487579 0.90621018409729 0.820728182792664 0.750043511390686 0.710703074932098 0.70850682258606 0.721673309803009 0.698002696037292 0.664421617984772 0.685448527336121 0.684575319290161 0.722427785396576 0.65064138174057 0.601277589797974 0.581469893455505 0.581936478614807 0.571373283863068 0.534452617168427 0.531109273433685 0.527603387832642 0.510621070861816 0.504083275794983 0.496083408594131 0.489251494407654 0.477704614400864
0.462870985269547 0.468323111534119 0.479039400815964 0.495388090610504 0.514203071594238 0.533381223678589 -3.4e+38 -3.4e+38 -3.4e+38 -3.4e+38 -3.4e+38 -3.4e+38 -3.4e+38 0.572263479232788 0.58097630739212 0.606880784034729 -3.4e+38 0.615590870380402 -3.4e+38 0.603991687297821 0.832922279834747 0.891499817371368 0.844004213809967 0.91923862695694 0.881144523620605 0.713470876216888 0.707476913928986 0.701121389865875 0.669873118400574 0.662466824054718 0.67111599445343 0.624044477939606 0.669942617416382 0.695233523845673 0.62029492855072 0.59674471616745 0.589291274547577 0.563332319259644 0.560673475265503 0.555008471012115 0.57058048248291 0.53050422668457 0.51519787311554 0.506549894809723 0.498098313808441 0.489179790019989
0.446224689483643 0.454927802085876 0.468731999397278 0.482766598463058 0.496355712413788 -3.4e+38 -3.4e+38 -3.4e+38 -3.4e+38 -3.4e+38 -3.4e+38 -3.4e+38 -3.4e+38 -3.4e+38 -3.4e+38 -3.4e+38 -3.4e+38 0.559897780418396 -3.4e+38 0.543813526630402 0.90451842546463 0.994013011455536 0.82764208316803 0.860752522945404 0.916499674320221 0.881711304187775 0.766985595226288 0.875119209289551 0.811625480651855 0.796139478683472 0.688491582870483 0.656426072120667 0.676956295967102 0.675020694732666 0.643337786197662 0.631972014904022 0.608276724815369 0.582389771938324 0.562439203262329 0.55883002281189 0.603667318820953 0.5848308801651 0.603064179420471 0.567355811595917 0.532110810279846 0.511138617992401
