ENMTML/All_vars/Predictors/EUR_only/bio35.asc
NCOLS 440 
NROWS 275 
XLLCORNER -11.5 
YLLCORNER 25.4999999994691 
CELLSIZE 0.166666666666667 
NODATA_value -3.4e+38 
[rows 120 to 139 of 275, columns 46 to 91 of 440]
1.23219704627991 1.19796395301819 -3.4e+38 -3.4e+38 1.11730098724365 1.1117000579834 1.11694502830505 1.11907601356506 1.10519003868103 1.08992099761963 1.08810496330261 1.08332002162933 1.07920098304749 1.08091294765472 1.08201599121094 1.08760797977448 1.09104800224304 1.09231996536255 1.08887505531311 1.06308603286743 1.05257797241211 1.05505096912384 1.05867099761963 1.05828297138214 1.05718398094177 1.05312395095825 1.05613601207733 1.05785298347473 1.05528497695923 1.04836905002594 1.03287899494171 1.02698695659637 -3.4e+38 -3.4e+38 -3.4e+38 -3.4e+38 -3.4e+38 -3.4e+38 -3.4e+38 -3.4e+38 1.03988301753998 1.05048000812531 1.05665397644043 1.05834400653839 1.06000804901123 1.06162905693054
1.22953701019287 1.22368001937866 1.19410800933838 1.15467894077301 1.12760603427887 1.10902798175812 1.1003839969635 1.09670805931091 1.10473299026489 1.09949600696564 1.09523403644562 1.09360897541046 1.08581304550171 1.08525097370148 1.08890295028687 1.09525501728058 1.10801303386688 1.10859096050262 1.10284900665283 1.07130897045135 1.04561805725098 1.04814004898071 1.05855703353882 1.06482601165771 1.06967294216156 1.06722605228424 1.06381702423096 1.06173503398895 1.06103503704071 1.06004202365875 1.04579901695251 -3.4e+38 -3.4e+38 -3.4e+38 -3.4e+38 -3.4e+38 -3.4e+38 1.04412305355072 1.04333996772766 1.0408810377121 1.04195404052734 1.05091798305511 1.0576239824295 1.05925095081329 1.05962097644806 1.06158399581909
1.18469297885895 1.19155097007751 1.16250395774841 1.15512299537659 1.14694595336914 1.11998105049133 1.10879004001617 1.10473597049713 1.09853005409241 1.09871399402618 1.1000269651413 1.09298896789551 1.09566903114319 1.09224796295166 1.09192597866058 1.09887897968292 1.1083949804306 1.11407995223999 1.10843300819397 1.08127403259277 1.06044805049896 1.05457901954651 1.06140494346619 1.06666600704193 1.07585096359253 1.07698905467987 1.07216203212738 1.06493294239044 1.05962598323822 -3.4e+38 -3.4e+38 -3.4e+38 -3.4e+38 1.04053294658661 1.03604304790497 1.04307198524475 1.04473698139191 1.04536104202271 1.04332399368286 1.04263305664062 1.04350996017456 1.04813599586487 1.05241096019745 1.05623996257782 1.06036794185638 1.06473696231842
1.1700040102005 1.15033304691315 1.13278603553772 1.14102303981781 1.1334480047226 1.12179005146027 1.11138200759888 1.11783599853516 1.10890400409698 1.10226094722748 1.09670603275299 1.09582197666168 1.09437394142151 1.09133195877075 1.09444999694824 1.10589694976807 1.10474801063538 -3.4e+38 1.10044598579407 -3.4e+38 -3.4e+38 -3.4e+38 -3.4e+38 1.07481598854065 1.08221805095673 -3.4e+38 -3.4e+38 -3.4e+38 -3.4e+38 -3.4e+38 -3.4e+38 -3.4e+38 1.04189801216125 1.04240596294403 1.05333399772644 1.05225396156311 1.04612696170807 1.04565799236298 1.04420602321625 1.04366195201874 1.04279494285583 1.04463994503021 1.04902994632721 1.05318999290466 1.06137704849243 1.06722700595856
1.18147003650665 1.14490604400635 1.13121604919434 -3.4e+38 -3.4e+38 -3.4e+38 -3.4e+38 -3.4e+38 1.10462498664856 -3.4e+38 1.10592198371887 -3.4e+38 -3.4e+38 -3.4e+38 -3.4e+38 1.10813701152802 -3.4e+38 -3.4e+38 -3.4e+38 -3.4e+38 -3.4e+38 -3.4e+38 -3.4e+38 -3.4e+38 -3.4e+38 -3.4e+38 -3.4e+38 -3.4e+38 -3.4e+38 -3.4e+38 -3.4e+38 -3.4e+38 1.04985594749451 1.05143797397614 1.05684101581573 1.05445003509521 1.05195605754852 1.04564905166626 1.04200100898743 1.03975200653076 1.03989994525909 1.04171395301819 1.04591500759125 1.0518000125885 1.05912005901337 1.06631600856781
1.15833103656769 1.14400005340576 -3.4e+38 -3.4e+38 -3.4e+38 -3.4e+38 -3.4e+38 -3.4e+38 -3.4e+38 -3.4e+38 -3.4e+38 -3.4e+38 -3.4e+38 -3.4e+38 -3.4e+38 -3.4e+38 -3.4e+38 -3.4e+38 -3.4e+38 -3.4e+38 -3.4e+38 -3.4e+38 -3.4e+38 -3.4e+38 -3.4e+38 -3.4e+38 -3.4e+38 -3.4e+38 -3.4e+38 -3.4e+38 -3.4e+38 -3.4e+38 1.04766499996185 1.04830002784729 1.04907703399658 1.05052399635315 1.05166900157928 1.05294096469879 1.04926300048828 1.04393398761749 1.04025101661682 1.04060995578766 1.04373300075531 1.04798305034637 1.05528795719147 1.06415402889252
1.15459203720093 -3.4e+38 -3.4e+38 -3.4e+38 -3.4e+38 -3.4e+38 -3.4e+38 -3.4e+38 -3.4e+38 -3.4e+38 -3.4e+38 -3.4e+38 -3.4e+38 -3.4e+38 -3.4e+38 -3.4e+38 -3.4e+38 -3.4e+38 -3.4e+38 -3.4e+38 -3.4e+38 -3.4e+38 -3.4e+38 -3.4e+38 -3.4e+38 -3.4e+38 -3.4e+38 -3.4e+38 -3.4e+38 -3.4e+38 -3.4e+38 -3.4e+38 1.0475800037384 1.04801094532013 1.04874205589294 1.04954600334167 1.05007600784302 1.05132603645325 1.04951405525208 1.0449470281601 1.04274094104767 1.04228103160858 1.04407000541687 1.04987001419067 1.06037795543671 1.07215094566345
-3.4e+38 -3.4e+38 -3.4e+38 -3.4e+38 -3.4e+38 -3.4e+38 -3.4e+38 -3.4e+38 -3.4e+38 -3.4e+38 -3.4e+38 -3.4e+38 -3.4e+38 -3.4e+38 -3.4e+38 -3.4e+38 -3.4e+38 -3.4e+38 -3.4e+38 -3.4e+38 -3.4e+38 -3.4e+38 -3.4e+38 -3.4e+38 -3.4e+38 -3.4e+38 -3.4e+38 -3.4e+38 -3.4e+38 -3.4e+38 -3.4e+38 1.05646395683289 1.05390095710754 1.05008900165558 1.04799497127533 1.04849195480347 1.04993903636932 1.04830598831177 1.04804599285126 1.04618203639984 1.04639303684235 1.04587996006012 1.04766094684601 1.0534770488739 1.06116604804993 1.07220494747162
-3.4e+38 -3.4e+38 -3.4e+38 -3.4e+38 -3.4e+38 -3.4e+38 -3.4e+38 -3.4e+38 -3.4e+38 -3.4e+38 -3.4e+38 -3.4e+38 -3.4e+38 -3.4e+38 -3.4e+38 -3.4e+38 -3.4e+38 -3.4e+38 -3.4e+38 -3.4e+38 -3.4e+38 -3.4e+38 -3.4e+38 -3.4e+38 -3.4e+38 -3.4e+38 -3.4e+38 1.06620705127716 1.06342697143555 1.06239902973175 1.06316101551056 1.06221497058868 1.06005895137787 1.05572605133057 1.05075705051422 1.04689705371857 1.0434889793396 1.04311501979828 1.04231202602386 1.04147005081177 1.04025900363922 1.04282104969025 1.04541897773743 1.04882502555847 1.05509603023529 1.06606698036194
-3.4e+38 -3.4e+38 -3.4e+38 -3.4e+38 -3.4e+38 -3.4e+38 -3.4e+38 -3.4e+38 -3.4e+38 -3.4e+38 -3.4e+38 -3.4e+38 -3.4e+38 -3.4e+38 -3.4e+38 -3.4e+38 -3.4e+38 -3.4e+38 -3.4e+38 -3.4e+38 -3.4e+38 -3.4e+38 -3.4e+38 -3.4e+38 1.07098197937012 1.07128000259399 1.07071900367737 1.0701470375061 1.06813704967499 1.06710505485535 1.065878033638 1.06314194202423 1.06531000137329 1.06155705451965 1.05681002140045 1.0501960515976 1.04631102085114 1.04336500167847 1.04184401035309 1.04081904888153 1.03865599632263 1.03860294818878 1.03939294815063 1.03966200351715 1.04295003414154 1.05092394351959
-3.4e+38 -3.4e+38 -3.4e+38 -3.4e+38 -3.4e+38 -3.4e+38 -3.4e+38 -3.4e+38 -3.4e+38 -3.4e+38 -3.4e+38 -3.4e+38 1.1363320350647 1.13303697109222 1.12293601036072 1.11022698879242 -3.4e+38 -3.4e+38 -3.4e+38 -3.4e+38 -3.4e+38 -3.4e+38 -3.4e+38 1.06847202777863 1.07026600837708 1.07046103477478 1.07061803340912 1.06725895404816 1.06734204292297 1.06787300109863 1.06667995452881 1.06417798995972 1.05828499794006 1.05867004394531 1.05454194545746 1.05219697952271 1.0482029914856 1.04581999778748 1.04219102859497 1.04041004180908 1.03839004039764 1.03695797920227 1.03428900241852 1.03914499282837 1.03625702857971 1.04132997989655
-3.4e+38 -3.4e+38 -3.4e+38 -3.4e+38 -3.4e+38 -3.4e+38 -3.4e+38 1.12377297878265 -3.4e+38 -3.4e+38 -3.4e+38 -3.4e+38 1.12338805198669 1.11627900600433 1.10719704627991 1.09728801250458 1.08488702774048 1.07828104496002 -3.4e+38 -3.4e+38 -3.4e+38 -3.4e+38 -3.4e+38 1.0625239610672 1.06393897533417 1.06175994873047 1.06205499172211 1.06047201156616 1.05666303634644 1.05692803859711 1.06233096122742 1.05668294429779 1.05646204948425 1.05207502841949 1.05143094062805 1.04525303840637 1.0438460111618 1.0438289642334 1.04098296165466 1.03699398040771 1.03565394878387 1.03931701183319 1.03711295127869 1.03586494922638 1.03585195541382 1.04197096824646
-3.4e+38 -3.4e+38 -3.4e+38 -3.4e+38 -3.4e+38 -3.4e+38 -3.4e+38 -3.4e+38 -3.4e+38 -3.4e+38 1.12653696537018 -3.4e+38 -3.4e+38 1.10456204414368 1.09793496131897 1.08848404884338 1.08835101127625 1.08185994625092 1.07465195655823 1.06407403945923 1.05744099617004 1.05645000934601 1.05746901035309 1.06335294246674 1.06482601165771 1.06756603717804 1.06462895870209 1.06156599521637 1.06020200252533 1.05389094352722 1.04874205589294 1.05037403106689 1.04791402816772 1.04561805725098 1.04537200927734 1.04753005504608 1.04426801204681 1.0399249792099 1.04427599906921 1.04302704334259 1.04033100605011 1.04460203647614 1.03846704959869 1.04030895233154 1.04082500934601 1.04243302345276
-3.4e+38 -3.4e+38 -3.4e+38 -3.4e+38 -3.4e+38 -3.4e+38 -3.4e+38 -3.4e+38 -3.4e+38 -3.4e+38 -3.4e+38 -3.4e+38 -3.4e+38 1.10154402256012 1.10190904140472 1.09608197212219 1.08846700191498 1.08678996562958 1.08057796955109 1.06947803497314 1.05959498882294 1.05859100818634 1.0566999912262 1.06351399421692 1.06699502468109 1.06757199764252 1.06560897827148 1.06096601486206 1.05711698532104 1.05155599117279 1.04642200469971 1.04525399208069 1.04320204257965 1.0455060005188 1.04340004920959 1.04165899753571 1.04605197906494 1.04655301570892 1.04636895656586 1.0444860458374 1.04339396953583 1.04257202148438 1.04370200634003 1.04380404949188 1.04369699954987 1.04407894611359
-3.4e+38 -3.4e+38 -3.4e+38 -3.4e+38 -3.4e+38 -3.4e+38 -3.4e+38 -3.4e+38 -3.4e+38 -3.4e+38 -3.4e+38 -3.4e+38 -3.4e+38 1.09065103530884 1.09212303161621 1.09417200088501 1.08889198303223 1.0828560590744 1.08417201042175 1.07690405845642 1.07051002979279 1.07118904590607 1.06302797794342 1.06823396682739 1.07186305522919 1.07227504253387 1.0677969455719 1.06181001663208 1.05780899524689 1.05093097686768 1.0467129945755 1.04342794418335 1.04412496089935 1.0458060503006 1.04516899585724 1.04392695426941 1.04267001152039 1.04354202747345 1.04324197769165 1.04295003414154 1.04268002510071 1.04292094707489 1.04255795478821 1.04482400417328 1.04637503623962 1.04773104190826
-3.4e+38 1.16083800792694 1.15483903884888 1.14400804042816 1.13453102111816 1.13026297092438 -3.4e+38 -3.4e+38 -3.4e+38 -3.4e+38 -3.4e+38 -3.4e+38 -3.4e+38 1.08555102348328 1.08484601974487 1.08697605133057 1.09020102024078 1.09158098697662 1.08695495128632 1.08128499984741 1.07860696315765 1.07736599445343 1.07396805286407 1.07184398174286 1.07561504840851 1.07857298851013 1.07274496555328 1.06460404396057 1.05784797668457 1.05221998691559 1.04700100421906 1.04422104358673 1.04812896251678 1.0493700504303 1.04814994335175 1.04912805557251 1.04789102077484 1.04326796531677 1.04537200927734 1.04566097259521 1.04377996921539 1.04235303401947 1.04438996315002 1.04515194892883 1.04562902450562 1.04118096828461
1.17963695526123 1.17475199699402 1.16491198539734 1.15584194660187 1.14136803150177 1.12999498844147 1.1208690404892 1.1075199842453 1.10049998760223 1.08903205394745 1.07938504219055 1.07476603984833 1.07412600517273 1.07520401477814 1.07622301578522 1.07992196083069 1.08158898353577 1.08202004432678 1.07992100715637 1.08064794540405 1.08221900463104 1.08490395545959 1.08681499958038 1.08194994926453 1.07356595993042 1.07172000408173 1.07196605205536 1.06597101688385 1.06281697750092 1.0569269657135 1.05286395549774 1.05259001255035 1.04817402362823 1.04821395874023 1.048544049263 1.04716598987579 1.045814037323 1.04326498508453 1.04354298114777 1.04347598552704 1.04357695579529 1.04458796977997 1.04405999183655 1.04363000392914 1.03889298439026 1.02960503101349
1.1934050321579 1.18167805671692 1.17420601844788 1.16887605190277 1.15451896190643 1.14253795146942 1.12783598899841 1.11208701133728 1.10090398788452 1.08998501300812 1.08101904392242 1.07477200031281 1.07439005374908 1.07487797737122 1.0770560503006 1.08157098293304 1.08368301391602 1.08420395851135 1.08086395263672 1.07767796516418 1.08309495449066 1.08572101593018 1.08371102809906 1.08143401145935 1.07999098300934 1.07286405563354 1.06942701339722 1.06607794761658 1.06301295757294 1.06361305713654 1.05604100227356 1.05150902271271 1.04861700534821 1.04797494411469 1.04797303676605 1.04756200313568 1.04584205150604 1.04524302482605 1.04543495178223 1.04305195808411 1.04404497146606 1.03966498374939 1.03821802139282 1.03804898262024 1.03929305076599 1.03908705711365
1.18361794948578 1.17754900455475 1.17347300052643 1.16320300102234 1.15235102176666 1.14104604721069 1.13181602954865 1.12269997596741 1.10801196098328 1.09337997436523 1.08269000053406 1.07761704921722 1.07249402999878 1.07234704494476 1.07502698898315 1.07725703716278 1.07923400402069 1.07860994338989 1.07706201076508 1.07717001438141 1.08109104633331 1.08682000637054 1.0852769613266 1.0760190486908 1.07148802280426 1.06751799583435 1.0665580034256 1.06321501731873 1.06585896015167 1.06091797351837 1.05443000793457 1.05023503303528 1.04816603660583 1.047238945961 1.04577004909515 1.04613995552063 1.04663705825806 1.04588198661804 1.04562199115753 1.04407799243927 1.04599094390869 1.04770803451538 1.04341399669647 1.04754400253296 1.04817998409271 1.05089497566223
1.19144701957703 1.17936098575592 1.17025601863861 1.1620579957962 1.14847004413605 1.13421905040741 1.12378704547882 1.11401796340942 1.10344004631042 1.09558296203613 1.08702898025513 1.07507002353668 1.06698703765869 1.06941998004913 1.07481098175049 1.07548403739929 1.07746601104736 1.07554197311401 1.07229900360107 1.07285702228546 1.08179497718811 1.08797204494476 1.08371102809906 1.07686805725098 1.06934797763824 1.06696701049805 1.06435394287109 1.06389594078064 1.06402504444122 1.05851399898529 1.05288600921631 1.05041301250458 1.04837000370026 1.04558002948761 1.04561698436737 1.04622101783752 1.04629695415497 1.04568803310394 1.04518699645996 1.0447690486908 1.04798400402069 1.05082201957703 1.04782295227051 1.05143404006958 1.05286300182343 1.05263996124268
