ENMTML/All_vars/Predictors/EUR_only/bio3.asc
NCOLS 411 
NROWS 214 
XLLCORNER -11.5 
YLLCORNER 35.666666666112 
CELLSIZE 0.166666666666667 
NODATA_value -3.4e+38 
[rows 20 to 39 of 214, columns 276 to 321 of 411]
0.211441099643707 0.211902797222137 0.211595997214317 0.213263794779778 0.213476106524467 0.213028803467751 0.214513301849365 0.214581698179245 0.213933795690536 0.214928805828094 0.216089904308319 0.215350702404976 0.216171994805336 0.217407703399658 0.216518595814705 0.217874094843864 0.219325706362724 0.219936594367027 0.220505997538567 0.220515102148056 0.221599698066711 0.222423896193504 0.222678199410439 0.224875405430794 0.225386500358582 0.22632010281086 0.227682396769524 0.22877599298954 0.229860603809357 0.231492295861244 0.233116000890732 0.234082698822021 0.236498102545738 0.237322002649307 0.237309902906418 -3.4e+38 -3.4e+38 -3.4e+38 -3.4e+38 -3.4e+38 -3.4e+38 -3.4e+38 -3.4e+38 -3.4e+38 -3.4e+38 -3.4e+38
0.212592497467995 0.212601006031036 0.212942704558372 0.212954699993134 0.213103696703911 0.214047595858574 0.214447304606438 0.21454019844532 0.214338898658752 0.215232893824577 0.214955493807793 0.215311497449875 0.216666996479034 0.216652601957321 0.217285394668579 0.217898398637772 0.218357101082802 0.218363896012306 0.218986198306084 0.219523593783379 0.220871597528458 0.222145095467567 0.222414895892143 0.222775593400002 0.224950805306435 0.225564002990723 0.225827693939209 0.228253707289696 0.229060605168343 0.230339601635933 0.23258949816227 0.233397707343102 0.23486639559269 0.236355498433113 0.237675800919533 0.238360106945038 0.240361005067825 0.241998001933098 0.242385894060135 -3.4e+38 -3.4e+38 -3.4e+38 -3.4e+38 -3.4e+38 -3.4e+38 -3.4e+38
0.212877795100212 0.213017895817757 0.213576003909111 0.212928593158722 0.214577198028564 0.214085295796394 0.215034693479538 0.215033605694771 0.215192198753357 0.214658200740814 0.215342193841934 0.215075194835663 0.215156003832817 0.216162294149399 0.216422900557518 0.217224895954132 0.217217296361923 0.218033105134964 0.218848496675491 0.219371497631073 0.220992803573608 0.221688002347946 0.221797093749046 0.222858503460884 0.223400995135307 0.224462106823921 0.22580149769783 0.227301895618439 0.228095397353172 0.229024305939674 0.230883896350861 0.23223090171814 0.233413398265839 0.234577402472496 0.23566660284996 0.237683296203613 0.238717198371887 0.240322694182396 0.242176100611687 -3.4e+38 -3.4e+38 -3.4e+38 -3.4e+38 -3.4e+38 -3.4e+38 -3.4e+38
0.214388996362686 0.214538797736168 0.213456407189369 0.213751703500748 0.213973999023438 0.214907005429268 0.214901506900787 0.213937699794769 0.214684799313545 0.214671298861504 0.214939296245575 0.215301007032394 0.215031906962395 0.215566501021385 0.215911403298378 0.216787204146385 0.21705949306488 0.217969805002213 0.217963606119156 0.218762695789337 0.219641998410225 0.220012992620468 0.220559895038605 0.221616894006729 0.222410693764687 0.223098501563072 0.223899498581886 0.225944504141808 0.227062404155731 0.227253794670105 0.229488104581833 0.230180501937866 0.231963098049164 0.233145594596863 0.234460696578026 0.236276805400848 0.237752094864845 0.237688198685646 0.239978700876236 0.241317003965378 -3.4e+38 -3.4e+38 -3.4e+38 -3.4e+38 -3.4e+38 -3.4e+38
0.214931905269623 0.215417802333832 0.214427396655083 0.214898899197578 0.214436396956444 0.214410796761513 0.215533405542374 0.214911103248596 0.215076595544815 0.215260297060013 0.215254604816437 0.21480530500412 0.215333104133606 0.215328097343445 0.215687304735184 0.215792000293732 0.216129705309868 0.217198193073273 0.216845095157623 0.217846006155014 0.218355506658554 0.219074502587318 0.219864502549171 0.221264496445656 0.22151130437851 0.222461700439453 0.223283797502518 0.223971500992775 0.225283294916153 0.226588994264603 0.228266999125481 0.228942900896072 0.230639696121216 0.230800300836563 0.233308300375938 0.233780905604362 0.236015900969505 0.237742394208908 0.239549696445465 0.240589201450348 0.240971595048904 -3.4e+38 -3.4e+38 -3.4e+38 -3.4e+38 -3.4e+38
0.215537399053574 0.215849995613098 0.215476900339127 0.21543850004673 0.214955598115921 0.215546101331711 0.215113297104836 0.215444207191467 0.215336099267006 0.214815393090248 0.2153490036726 0.214497298002243 0.214498996734619 0.214760392904282 0.215492993593216 0.215550795197487 0.215308204293251 0.216530203819275 0.216790899634361 0.216632500290871 0.217353194952011 0.218237102031708 0.219270005822182 0.219184800982475 0.22073520720005 0.221696197986603 0.221694499254227 0.222930297255516 0.224219501018524 0.225000202655792 0.226899996399879 0.227154195308685 0.22926439344883 0.229781299829483 0.231598407030106 0.232372999191284 0.234024003148079 0.235201895236969 0.236889496445656 0.238717600703239 0.241029694676399 -3.4e+38 -3.4e+38 -3.4e+38 -3.4e+38 -3.4e+38
0.216225102543831 0.215671002864838 0.215643793344498 0.216312393546104 0.216078504920006 0.21582980453968 0.214609697461128 0.214439705014229 0.215025901794434 0.21477110683918 0.214253902435303 0.215042293071747 0.214605405926704 0.214985400438309 0.214468702673912 0.214671403169632 0.214939102530479 0.215194895863533 0.215456798672676 0.21584090590477 0.216018795967102 0.217108696699142 0.21782049536705 0.218084797263145 0.219550505280495 0.220504194498062 0.220489799976349 0.221973195672035 0.222908198833466 0.223425105214119 0.224959701299667 0.227036103606224 0.226930797100067 0.228459000587463 0.230119198560715 0.230967998504639 0.233454495668411 0.234103694558144 0.235465198755264 0.236451700329781 0.237472906708717 -3.4e+38 -3.4e+38 -3.4e+38 -3.4e+38 -3.4e+38
0.21747399866581 0.217380702495575 0.216315492987633 0.215947702527046 0.216189995408058 0.215929597616196 0.215421095490456 0.215132802724838 0.214873895049095 0.214880496263504 0.214546501636505 0.213712006807327 0.214482694864273 0.214486494660378 0.214768603444099 0.214194506406784 0.21521669626236 0.21489329636097 0.215522304177284 0.215002700686455 0.215982794761658 0.216147199273109 0.216856703162193 0.218108996748924 0.218132495880127 0.219241797924042 0.219326794147491 0.220430701971054 0.221124902367592 0.222047105431557 0.223669305443764 0.225187599658966 0.225355505943298 0.226897403597832 0.227966800332069 0.229767799377441 0.230820596218109 0.232664704322815 0.234021693468094 0.23601670563221 -3.4e+38 -3.4e+38 -3.4e+38 -3.4e+38 -3.4e+38 -3.4e+38
0.218083202838898 0.217707499861717 0.216736301779747 0.216636598110199 0.216547295451164 0.216544702649117 0.215405896306038 0.215331301093102 0.21516840159893 0.214643895626068 0.213802993297577 0.214082404971123 0.213819995522499 0.214197799563408 0.213778495788574 0.213975295424461 0.213558793067932 0.213495403528214 0.214014500379562 0.214133694767952 0.214074298739433 0.21552149951458 0.215779393911362 0.217052102088928 0.217489093542099 0.217839300632477 0.218093693256378 0.219861805438995 0.220300704240799 0.221396699547768 0.222465604543686 0.223317697644234 0.224824100732803 0.225663006305695 0.227073892951012 0.22800150513649 0.229440703988075 0.23151920735836 -3.4e+38 -3.4e+38 -3.4e+38 -3.4e+38 -3.4e+38 -3.4e+38 -3.4e+38 -3.4e+38
-3.4e+38 -3.4e+38 -3.4e+38 -3.4e+38 -3.4e+38 0.216612800955772 0.215064704418182 0.214741706848145 0.214149504899979 0.213832095265388 0.213387802243233 0.213337793946266 0.213081404566765 0.21378980576992 0.213404193520546 0.212408095598221 0.212788596749306 0.212965592741966 0.213671997189522 0.213159903883934 0.213785499334335 0.213725805282593 0.214662402868271 0.215338304638863 0.216099306941032 0.216459706425667 0.217952594161034 0.218062207102776 0.219314604997635 0.220805302262306 0.220952495932579 0.22188800573349 0.223123893141747 0.223871499300003 0.225963205099106 0.226540699601173 -3.4e+38 -3.4e+38 -3.4e+38 -3.4e+38 -3.4e+38 -3.4e+38 -3.4e+38 -3.4e+38 -3.4e+38 0.238379597663879
-3.4e+38 -3.4e+38 -3.4e+38 -3.4e+38 -3.4e+38 -3.4e+38 -3.4e+38 -3.4e+38 -3.4e+38 -3.4e+38 -3.4e+38 0.212938904762268 0.212700799107552 0.213210493326187 0.212747395038605 0.21219539642334 0.212877601385117 0.212940901517868 0.211947694420815 0.21263399720192 0.213510796427727 0.213452205061913 0.213368102908134 0.213815197348595 0.215244695544243 0.216165706515312 0.216072097420692 0.217184096574783 0.217429593205452 0.218665599822998 0.218829303979874 0.220574095845222 0.221640303730965 0.223774701356888 -3.4e+38 -3.4e+38 -3.4e+38 -3.4e+38 -3.4e+38 -3.4e+38 -3.4e+38 -3.4e+38 -3.4e+38 0.234691500663757 0.236764892935753 0.237782895565033
-3.4e+38 -3.4e+38 -3.4e+38 -3.4e+38 -3.4e+38 -3.4e+38 -3.4e+38 -3.4e+38 -3.4e+38 -3.4e+38 -3.4e+38 -3.4e+38 -3.4e+38 -3.4e+38 -3.4e+38 -3.4e+38 -3.4e+38 -3.4e+38 -3.4e+38 0.212752506136894 0.212290599942207 0.21241070330143 0.21273410320282 0.21402770280838 0.213645696640015 0.214635893702507 0.215130195021629 0.215798392891884 -3.4e+38 -3.4e+38 -3.4e+38 -3.4e+38 -3.4e+38 -3.4e+38 -3.4e+38 -3.4e+38 -3.4e+38 -3.4e+38 -3.4e+38 -3.4e+38 0.228510096669197 0.230224505066872 0.232118800282478 0.23312309384346 0.233943402767181 0.2358039021492
0.2199697047472 0.219438299536705 -3.4e+38 -3.4e+38 -3.4e+38 -3.4e+38 -3.4e+38 -3.4e+38 -3.4e+38 -3.4e+38 -3.4e+38 -3.4e+38 -3.4e+38 -3.4e+38 -3.4e+38 -3.4e+38 -3.4e+38 -3.4e+38 -3.4e+38 -3.4e+38 -3.4e+38 -3.4e+38 -3.4e+38 -3.4e+38 -3.4e+38 -3.4e+38 -3.4e+38 -3.4e+38 -3.4e+38 -3.4e+38 -3.4e+38 -3.4e+38 -3.4e+38 -3.4e+38 -3.4e+38 -3.4e+38 0.223649501800537 0.224047303199768 0.225599899888039 0.22727370262146 0.227404698729515 0.229195803403854 0.230987995862961 0.232610195875168 0.233041897416115 0.233354702591896
0.218433797359467 0.218507200479507 0.217892706394196 -3.4e+38 -3.4e+38 -3.4e+38 -3.4e+38 -3.4e+38 -3.4e+38 -3.4e+38 -3.4e+38 -3.4e+38 -3.4e+38 -3.4e+38 -3.4e+38 -3.4e+38 -3.4e+38 -3.4e+38 -3.4e+38 -3.4e+38 -3.4e+38 -3.4e+38 -3.4e+38 -3.4e+38 -3.4e+38 -3.4e+38 -3.4e+38 -3.4e+38 -3.4e+38 -3.4e+38 -3.4e+38 -3.4e+38 -3.4e+38 -3.4e+38 0.219710901379585 0.221472397446632 0.221499398350716 0.223189502954483 0.223974004387856 0.225085198879242 0.226715698838234 0.227840200066566 0.228987097740173 0.230567798018456 0.230541706085205 0.232120901346207
0.217520505189896 0.217420592904091 -3.4e+38 -3.4e+38 -3.4e+38 -3.4e+38 -3.4e+38 -3.4e+38 -3.4e+38 -3.4e+38 -3.4e+38 -3.4e+38 -3.4e+38 -3.4e+38 -3.4e+38 -3.4e+38 -3.4e+38 -3.4e+38 -3.4e+38 -3.4e+38 -3.4e+38 -3.4e+38 -3.4e+38 -3.4e+38 -3.4e+38 -3.4e+38 -3.4e+38 -3.4e+38 -3.4e+38 -3.4e+38 -3.4e+38 0.215666100382805 0.216193005442619 0.21761329472065 0.218343496322632 0.219736903905869 0.220215603709221 0.222028896212578 0.22272489964962 0.224132001399994 0.22537200152874 0.226605698466301 0.22717359662056 0.228829205036163 0.230388194322586 0.230768099427223
0.216592594981194 -3.4e+38 -3.4e+38 -3.4e+38 -3.4e+38 -3.4e+38 -3.4e+38 -3.4e+38 -3.4e+38 -3.4e+38 -3.4e+38 -3.4e+38 -3.4e+38 -3.4e+38 -3.4e+38 -3.4e+38 -3.4e+38 -3.4e+38 -3.4e+38 -3.4e+38 -3.4e+38 -3.4e+38 -3.4e+38 -3.4e+38 -3.4e+38 -3.4e+38 -3.4e+38 -3.4e+38 -3.4e+38 -3.4e+38 -3.4e+38 0.21526050567627 0.215948894619942 0.215814992785454 0.21721850335598 0.218138605356216 0.218365207314491 0.21952860057354 0.221709698438644 0.222167104482651 0.223289296030998 0.224785700440407 0.226687401533127 0.22783949971199 0.228143200278282 0.228883594274521
0.214462995529175 -3.4e+38 -3.4e+38 -3.4e+38 -3.4e+38 -3.4e+38 -3.4e+38 -3.4e+38 -3.4e+38 -3.4e+38 -3.4e+38 -3.4e+38 -3.4e+38 -3.4e+38 -3.4e+38 -3.4e+38 -3.4e+38 -3.4e+38 -3.4e+38 -3.4e+38 -3.4e+38 -3.4e+38 -3.4e+38 -3.4e+38 -3.4e+38 -3.4e+38 -3.4e+38 -3.4e+38 -3.4e+38 -3.4e+38 -3.4e+38 -3.4e+38 0.214622095227242 0.21518349647522 0.215963095426559 0.216108098626137 0.218587607145309 0.219497606158257 0.219951406121254 0.220873102545738 0.222832202911377 0.223447605967522 0.224692806601524 0.225910902023315 0.226888403296471 0.228387102484703
0.213584899902344 0.213273406028748 -3.4e+38 -3.4e+38 -3.4e+38 -3.4e+38 0.212755993008614 0.211960703134537 -3.4e+38 -3.4e+38 -3.4e+38 -3.4e+38 -3.4e+38 -3.4e+38 0.208062902092934 0.207490503787994 0.206897392868996 0.206150606274605 0.205800503492355 -3.4e+38 -3.4e+38 -3.4e+38 -3.4e+38 -3.4e+38 -3.4e+38 -3.4e+38 -3.4e+38 -3.4e+38 -3.4e+38 -3.4e+38 -3.4e+38 -3.4e+38 -3.4e+38 0.214380502700806 0.214871406555176 0.215581893920898 0.216660395264626 0.21824449300766 0.21869869530201 0.219576492905617 0.220795795321465 0.222474604845047 0.223213598132133 0.224738404154778 0.226111799478531 0.226563304662704
0.212940499186516 0.213134795427322 -3.4e+38 -3.4e+38 -3.4e+38 -3.4e+38 -3.4e+38 -3.4e+38 -3.4e+38 -3.4e+38 -3.4e+38 -3.4e+38 0.208589494228363 0.207942694425583 0.207406505942345 0.206791698932648 0.2061488032341 0.205270305275917 0.205582603812218 0.204597994685173 0.20514190196991 -3.4e+38 -3.4e+38 -3.4e+38 -3.4e+38 -3.4e+38 -3.4e+38 -3.4e+38 -3.4e+38 -3.4e+38 -3.4e+38 -3.4e+38 -3.4e+38 -3.4e+38 -3.4e+38 0.214902997016907 0.216020703315735 0.216958403587341 0.217688903212547 0.218866094946861 0.219854101538658 0.221252307295799 0.222707599401474 0.223358497023582 0.225181594491005 0.225691497325897
0.212245404720306 0.212518304586411 0.212017700076103 -3.4e+38 -3.4e+38 -3.4e+38 -3.4e+38 -3.4e+38 -3.4e+38 -3.4e+38 -3.4e+38 -3.4e+38 0.208634302020073 0.207522794604301 0.206431493163109 0.20598529279232 0.206172794103622 0.205011397600174 0.204428806900978 0.204568803310394 0.203760400414467 0.204821705818176 0.203732207417488 0.204732894897461 0.205327093601227 0.2061498016119 0.206719100475311 -3.4e+38 -3.4e+38 -3.4e+38 -3.4e+38 -3.4e+38 -3.4e+38 -3.4e+38 0.213745698332787 0.213557496666908 0.214171499013901 0.215140700340271 0.216761201620102 0.218003198504448 0.218843698501587 0.22031269967556 0.22163750231266 0.222904801368713 0.223271802067757 0.224478006362915
