ENMTML/All_vars/Predictors/EUR_only/bio31.asc
NCOLS 440 
NROWS 275 
XLLCORNER -11.5 
YLLCORNER 25.4999999994691 
CELLSIZE 0.166666666666667 
NODATA_value -3.4e+38 
[rows 240 to 259 of 275, columns 225 to 269 of 440]
0.565784215927124 0.569953083992004 0.566549718379974 0.569428026676178 0.564998984336853 0.571822881698608 0.558568179607391 0.572503685951233 0.579752504825592 -3.4e+38 -3.4e+38 -3.4e+38 -3.4e+38 -3.4e+38 -3.4e+38 -3.4e+38 -3.4e+38 -3.4e+38 -3.4e+38 -3.4e+38 -3.4e+38 -3.4e+38 -3.4e+38 0.740759074687958 0.755075573921204 0.729868173599243 0.701637983322144 0.677687227725983 0.660093784332275 0.639257311820984 0.629089713096619 0.602819800376892 0.586595118045807 0.571904182434082 0.568738579750061 0.550692021846771 0.529389619827271 0.517669975757599 -3.4e+38 -3.4e+38 -3.4e+38 -3.4e+38 -3.4e+38 -3.4e+38 -3.4e+38
0.557963609695435 0.560178697109222 0.561027824878693 0.566658496856689 0.570898592472076 0.569979727268219 0.567805707454681 0.575368821620941 0.579756677150726 0.589670121669769 0.592541813850403 0.611809492111206 0.60968542098999 0.623260080814362 0.623476684093475 -3.4e+38 -3.4e+38 -3.4e+38 -3.4e+38 -3.4e+38 -3.4e+38 -3.4e+38 0.710249185562134 0.733344972133636 0.72638738155365 0.691956698894501 0.664816200733185 0.640505015850067 0.609960794448853 0.598230183124542 0.577270328998566 0.565409719944 0.538726806640625 0.526536881923676 0.525514125823975 0.532046616077423 0.51401561498642 0.516445815563202 0.536676287651062 0.530173182487488 0.544641613960266 0.566805183887482 0.569293081760406 0.564194083213806 0.565707385540009
0.562247574329376 0.564566671848297 0.556317687034607 0.55809360742569 0.56330680847168 0.563964426517487 0.568402588367462 0.572212517261505 0.580750226974487 0.580803096294403 0.58347487449646 0.596155226230621 0.600491881370544 0.615576326847076 0.616325974464417 0.629184722900391 0.634584128856659 0.632865309715271 -3.4e+38 -3.4e+38 0.663010895252228 0.665683388710022 0.693864822387695 0.69625997543335 0.687235414981842 0.646202385425568 0.624127328395844 0.614143311977386 0.59558892250061 0.586672127246857 0.558605313301086 0.540065109729767 0.513472616672516 0.509945571422577 0.522322177886963 0.520161807537079 0.511511385440826 0.510314881801605 0.518229782581329 0.544735372066498 0.542074799537659 0.546602010726929 0.550582885742188 0.557392776012421 0.555488288402557
0.547682523727417 0.550818920135498 0.557509422302246 0.557856500148773 0.568408906459808 0.556943416595459 0.559249877929688 0.560310482978821 0.569240689277649 0.574350714683533 0.57596492767334 0.590443015098572 0.602279782295227 0.609669506549835 0.608111500740051 0.620627224445343 0.62114691734314 0.638043284416199 0.640699982643127 0.654517889022827 0.659730970859528 0.664188921451569 0.657149970531464 0.665565371513367 0.649141013622284 0.615804374217987 0.592440605163574 0.58038729429245 0.570673525333405 0.557374477386475 0.544537007808685 0.518094480037689 0.501847684383392 0.503136277198792 0.512471616268158 0.504013419151306 0.504980206489563 0.503764271736145 0.512439489364624 0.518255293369293 0.527413487434387 0.533239483833313 0.539965212345123 0.548608303070068 0.564282417297363
0.536682426929474 0.54572468996048 0.544009983539581 0.551317095756531 0.555155515670776 0.549604713916779 0.55304479598999 0.571623384952545 0.562747716903687 0.558653473854065 0.570986092090607 0.591482102870941 0.587069571018219 0.59505957365036 0.59922057390213 0.612749576568604 0.619254410266876 0.62316358089447 0.623574614524841 0.645738422870636 0.650693714618683 0.639808475971222 0.647159814834595 0.637332081794739 0.624991416931152 0.599977314472198 0.579986214637756 0.548752129077911 0.518194019794464 0.514544904232025 0.509048521518707 0.4930320084095 0.487850606441498 0.473758190870285 0.507751524448395 0.495781898498535 0.495771795511246 0.499212890863419 0.499418497085571 0.495337188243866 0.503866314888 0.51503998041153 0.532214224338531 0.544647872447968 0.546046912670135
0.527103781700134 0.530094623565674 0.539925515651703 0.537435829639435 0.542026221752167 0.544927775859833 0.549145519733429 0.55739551782608 0.560925126075745 0.561411201953888 0.566986322402954 0.577211320400238 0.572670519351959 0.579130828380585 0.595984578132629 0.597055613994598 0.600784122943878 0.609813094139099 0.614749073982239 0.627852380275726 0.634675621986389 0.621796011924744 0.623576819896698 0.615546584129333 0.610315501689911 0.61464911699295 0.563000321388245 0.522264778614044 0.483508914709091 0.468083590269089 0.474343091249466 0.465830087661743 0.475077688694 0.474380999803543 0.473243296146393 0.476792603731155 0.470565110445023 0.452174186706543 0.457032412290573 0.475190490484238 0.499391794204712 0.508130788803101 0.520748198032379 0.523041784763336 0.536049783229828
0.505841374397278 0.513659179210663 0.522034525871277 0.52771258354187 0.523711979389191 0.531636297702789 0.534849584102631 0.537899911403656 0.562506377696991 0.559727013111115 0.565154016017914 0.569623172283173 0.570314586162567 0.574771821498871 0.582426488399506 0.574145495891571 0.577673673629761 0.588469982147217 0.599676907062531 0.604497611522675 0.61077618598938 0.61302387714386 0.597831010818481 0.599011421203613 0.594389021396637 0.598093271255493 0.562250792980194 0.52132922410965 0.489938914775848 0.454456686973572 0.448413491249084 0.472012311220169 0.489094287157059 0.524906575679779 0.507919609546661 0.487334907054901 0.477742999792099 0.458058893680573 0.437866806983948 0.439630210399628 0.480279088020325 0.494059294462204 0.516255080699921 0.503871619701385 0.51880019903183
0.531514227390289 0.495537102222443 0.505461692810059 0.542176783084869 0.53802752494812 0.534551501274109 0.538868486881256 0.536907076835632 0.534587979316711 0.546095728874207 0.551266491413116 0.550005972385406 0.54951798915863 0.558141589164734 0.558538973331451 0.574521780014038 0.56563800573349 0.580490291118622 0.586183905601501 0.595270276069641 0.589872419834137 0.586316108703613 0.582032978534698 0.576394021511078 0.573448121547699 0.564447581768036 0.542345285415649 0.503043115139008 0.472134411334991 0.482179492712021 0.440381586551666 0.499833613634109 0.528603076934814 0.530610680580139 0.507939875125885 0.498248100280762 0.477010488510132 0.483338594436646 0.427196711301804 0.437767893075943 0.458667010068893 0.477736413478851 0.50186812877655 0.489575386047363 0.475522607564926
0.508398592472076 0.513135671615601 0.51714551448822 0.523330926895142 0.51201319694519 0.512879610061646 0.522454082965851 0.519907176494598 0.525173485279083 0.531874120235443 0.536674022674561 0.535882890224457 0.542989611625671 0.545431971549988 0.545321524143219 0.550486624240875 0.554496824741364 0.563040614128113 0.567685306072235 0.564097881317139 0.57779598236084 0.572624683380127 0.570577681064606 0.552898824214935 0.54965478181839 0.53237122297287 0.515091896057129 0.495795994997025 0.465175896883011 0.472435086965561 0.498422294855118 0.477738499641418 0.53686511516571 0.537488996982574 0.516599416732788 0.506116628646851 0.50478982925415 0.48249289393425 0.465233713388443 0.436276197433472 0.433754503726959 0.469512313604355 0.485159486532211 0.461204797029495 0.458059310913086
0.488829612731934 0.511931419372559 0.498995691537857 0.481718987226486 0.479316890239716 0.488781809806824 0.491461187601089 0.50996869802475 0.50714910030365 0.509354174137115 0.511969804763794 0.510635018348694 0.510564625263214 0.519043982028961 0.526948273181915 0.523465275764465 0.550573110580444 0.551601409912109 0.562617897987366 0.542539298534393 0.549305975437164 0.536473393440247 0.545140326023102 0.543039083480835 0.516657888889313 0.505208075046539 0.502247989177704 0.503096282482147 0.475227385759354 0.502026319503784 0.480369210243225 0.451569110155106 0.49988979101181 0.497308790683746 0.51618492603302 0.490453988313675 0.473698288202286 0.433230012655258 0.447826713323593 -3.4e+38 0.421683788299561 0.4457868039608 0.444962710142136 0.4518983066082 0.443704605102539
0.493118107318878 0.488446891307831 0.486140787601471 0.463649988174438 0.473240792751312 0.467987686395645 0.465214997529984 0.466380208730698 0.463365495204926 0.492895513772964 0.479835689067841 0.478841513395309 0.489519000053406 0.508767127990723 0.509144723415375 0.499605387449265 0.533169627189636 0.523932993412018 0.524139523506165 0.526467084884644 0.528570771217346 0.517301082611084 0.509491622447968 0.512316286563873 0.515446782112122 0.507128179073334 0.491518914699554 0.482051312923431 0.429179787635803 0.40827950835228 0.413175106048584 0.414310902357101 0.453324407339096 0.496202796697617 0.493235796689987 0.489950597286224 0.431272208690643 0.459733903408051 -3.4e+38 -3.4e+38 0.411295711994171 0.403427213430405 0.424766391515732 0.450247794389725 0.433527708053589
0.461077094078064 0.455711394548416 0.453826487064362 0.436011612415314 0.448082685470581 0.444802492856979 0.441572904586792 0.446991801261902 0.46785980463028 0.465864598751068 0.463907599449158 0.468989610671997 0.468484908342361 0.495651096105576 0.508205592632294 0.508740782737732 0.497110307216644 0.498540699481964 0.500532209873199 0.502238094806671 0.503629386425018 0.510591506958008 0.498322695493698 0.500554323196411 0.505464613437653 0.468573212623596 0.43457418680191 0.438491702079773 0.387891709804535 0.358889997005463 0.372083395719528 0.416466891765594 0.412536591291428 0.499910414218903 0.502239406108856 0.516858518123627 0.506317377090454 0.519570827484131 0.470249891281128 -3.4e+38 0.411169290542603 0.409866511821747 0.391722112894058 0.427905708551407 0.409524202346802
0.389710485935211 0.431176513433456 0.427073508501053 0.411416798830032 0.40924671292305 0.424841105937958 0.463575392961502 0.461340993642807 0.459626495838165 0.457806706428528 0.455550789833069 0.463301002979279 0.462783604860306 0.462562590837479 0.468004912137985 0.467854589223862 0.468589514493942 0.469051510095596 0.470045000314713 0.471377104520798 0.472683995962143 0.474423199892044 0.472876399755478 0.475920110940933 0.444252103567123 0.435722798109055 0.417332410812378 0.382285594940186 0.353823810815811 0.353831112384796 0.385580897331238 0.392502993345261 0.411257296800613 0.47667270898819 0.477208912372589 0.493289709091187 0.499057203531265 0.502040088176727 0.453632295131683 0.393385887145996 -3.4e+38 0.383053004741669 0.386653214693069 0.405049502849579 0.433623105287552
0.378113210201263 0.390961408615112 0.373689502477646 0.419299811124802 0.416809499263763 0.414449691772461 0.412105888128281 0.409968286752701 0.408216595649719 0.428330212831497 0.426479697227478 0.425807803869247 0.424082100391388 0.423508793115616 0.423637002706528 0.43576979637146 0.43623349070549 0.437335103750229 0.425615787506104 0.426524490118027 0.427720993757248 0.440591096878052 0.441916406154633 0.444598287343979 0.37875908613205 0.38065779209137 0.383835911750793 0.377561211585999 0.377966701984406 0.355753898620605 0.357210487127304 0.390861511230469 0.407896310091019 0.442274302244186 0.438277214765549 0.455138295888901 0.455108612775803 0.398167014122009 0.394638508558273 0.385918110609055 -3.4e+38 -3.4e+38 0.378484696149826 0.372659295797348 0.372142106294632
0.385331302881241 0.394039392471313 0.38046669960022 0.414735198020935 0.397475093603134 0.394631385803223 0.415410906076431 0.390899389982224 0.38980421423912 0.38874289393425 0.387060791254044 0.401423811912537 0.400690495967865 0.400883704423904 0.400698512792587 0.401643812656403 0.379700303077698 0.396601408720016 0.395865589380264 0.395370095968246 0.396154999732971 0.397001206874847 0.397982686758041 0.398496896028519 0.379840910434723 0.380938500165939 0.35174098610878 0.377357006072998 0.379092514514923 0.31433978676796 0.334818810224533 0.384142607450485 0.387644499540329 0.384386509656906 0.381798386573792 0.403824210166931 0.400379508733749 0.432912886142731 0.467867791652679 0.38724359869957 -3.4e+38 -3.4e+38 -3.4e+38 0.361266791820526 0.375029414892197
0.349754899740219 0.385936886072159 0.404271185398102 0.401913911104202 0.400285601615906 0.397539287805557 0.379314988851547 0.378130495548248 0.400777786970139 0.392866194248199 0.391342908143997 0.391097098588943 0.406476706266403 0.360278397798538 0.360534012317657 0.349364012479782 0.345754593610764 0.34577688574791 0.346821486949921 0.347171485424042 0.349687606096268 0.350113093852997 0.350535005331039 0.350630909204483 0.350611001253128 0.351154088973999 0.352322489023209 0.353546112775803 0.283434510231018 0.282936006784439 0.364756494760513 0.363857686519623 0.361139088869095 0.352649003267288 0.372708708047867 0.401599287986755 0.412913292646408 0.462146908044815 0.46001610159874 0.380314201116562 0.356247097253799 -3.4e+38 -3.4e+38 0.384575605392456 0.363951414823532
0.323274999856949 0.3366878926754 0.334545791149139 0.364774286746979 0.374195486307144 0.38295578956604 0.346569985151291 0.340702414512634 0.350691705942154 0.3312628865242 0.348320096731186 0.329577714204788 0.329975187778473 0.329421013593674 0.329574108123779 0.348355412483215 0.349873602390289 0.350209504365921 0.350641310214996 0.311955094337463 0.312072992324829 0.311158806085587 0.317965894937515 0.353784292936325 0.35287868976593 0.352785289287567 0.353805691003799 0.283758491277695 0.284133404493332 0.282680600881577 0.378948003053665 0.36138328909874 0.3597511947155 0.351564288139343 0.371181011199951 0.398512601852417 0.42098730802536 0.457152813673019 0.427012205123901 0.378057688474655 0.354076385498047 0.358150988817215 -3.4e+38 0.348267614841461 0.377949088811874
0.341724902391434 0.339340299367905 0.336783796548843 0.333581298589706 0.331579685211182 0.333178699016571 0.331086307764053 0.329909205436707 0.316096812486649 0.333761513233185 0.332630187273026 0.332309603691101 0.332404911518097 0.332764804363251 0.351423114538193 0.324023902416229 0.280741006135941 0.245542705059052 0.28072988986969 0.280352711677551 0.241008698940277 0.280275106430054 0.279640704393387 0.295617908239365 0.294933885335922 0.29470419883728 0.322876304388046 0.269012689590454 0.269062787294388 0.282678812742233 0.362013399600983 0.3614561855793 0.352847188711166 0.350583493709564 0.402144014835358 0.415461391210556 0.416741192340851 0.428095906972885 0.413281798362732 0.382590085268021 0.378870695829391 0.355841785669327 0.354227185249329 -3.4e+38 0.397076696157455
0.343156009912491 0.341714799404144 0.339659988880157 0.338077992200851 0.336302101612091 0.33459210395813 0.333100885152817 0.33200991153717 0.331465393304825 0.318057805299759 0.336171507835388 0.33631220459938 0.354987889528275 0.326236605644226 0.281156301498413 0.301350712776184 0.246591299772263 0.247157603502274 0.24637159705162 0.245556592941284 0.245225593447685 0.245177194476128 0.244642302393913 0.244381800293922 0.269285589456558 0.268544405698776 0.268232703208923 0.269441097974777 0.243262693285942 0.326099991798401 0.36130279302597 0.3229621052742 0.357041507959366 0.371982514858246 0.348091602325439 0.372918993234634 0.393914014101028 0.389819204807281 0.386358797550201 0.382879704236984 0.375024497509003 0.354717701673508 0.353091895580292 -3.4e+38 -3.4e+38
0.329238206148148 0.328292310237885 0.342162013053894 0.34038719534874 0.338821291923523 0.337000399827957 0.336181491613388 0.335151106119156 0.33438628911972 0.333810299634933 0.294457286596298 0.294507801532745 0.294411599636078 0.243090495467186 0.303036600351334 0.247207000851631 0.247533202171326 0.247018799185753 0.246556401252747 0.246272906661034 0.246288701891899 0.245942398905754 0.2455845028162 0.244829803705215 0.2700414955616 0.269046306610107 0.268322587013245 0.268671810626984 0.243189498782158 0.308275014162064 0.324030697345734 0.322845995426178 0.321190387010574 0.373629510402679 0.366231203079224 0.344502806663513 0.394843488931656 0.408980697393417 0.387798607349396 0.377909809350967 0.359280407428741 0.371749311685562 0.352887004613876 0.349958300590515 -3.4e+38
