ENMTML/All_vars/Predictors/EUR_only/bio30.asc
NCOLS 440 
NROWS 275 
XLLCORNER -11.5 
YLLCORNER 25.4999999994691 
CELLSIZE 0.166666666666667 
NODATA_value -3.4e+38 
[rows 40 to 59 of 275, columns 322 to 367 of 440]
0.59185802936554 0.584245979785919 0.580439984798431 0.590785026550293 0.594672977924347 0.599916994571686 0.595776975154877 0.577959001064301 0.577903985977173 0.581342995166779 0.581462979316711 0.58118999004364 0.582255005836487 0.576475024223328 0.5745570063591 0.574145972728729 0.573523998260498 0.576389014720917 0.572730004787445 0.56598699092865 0.567303001880646 0.554409027099609 0.549030005931854 0.544012010097504 0.544489026069641 0.55181097984314 0.560518980026245 0.571983993053436 0.586700975894928 0.580063998699188 0.576103985309601 0.568467020988464 0.556173980236053 0.541926980018616 0.536668002605438 0.533905982971191 0.545126020908356 0.549705982208252 0.54722398519516 0.538154006004333 0.538529992103577 0.546164989471436 0.551346004009247 0.562445998191833 0.579150974750519 0.589353978633881
0.577145993709564 0.578249990940094 0.575684010982513 0.576848983764648 0.575734972953796 0.573821008205414 0.57702100276947 0.581620991230011 0.58289098739624 0.586817026138306 0.579198002815247 0.576703011989594 0.576170980930328 0.575420022010803 0.571750998497009 0.575792014598846 0.579213976860046 0.583756029605865 0.5713170170784 0.566147029399872 0.564445018768311 0.55815201997757 0.552811026573181 0.546467006206512 0.542059004306793 0.545458018779755 0.549709022045135 0.555868983268738 0.576206028461456 0.578761994838715 0.573439002037048 0.580860018730164 0.568071007728577 0.567690014839172 0.555585980415344 0.552218019962311 0.541656970977783 0.544367015361786 0.537280023097992 0.53032398223877 0.534965991973877 0.536377012729645 0.54634702205658 0.559050977230072 0.569060027599335 0.570318996906281
0.559292018413544 0.564851999282837 0.566295981407166 0.568355977535248 0.574935972690582 0.578540027141571 0.583791017532349 0.589165985584259 0.587755978107452 0.587444007396698 0.585084021091461 0.582190990447998 0.572082996368408 0.572978019714355 0.568494975566864 0.56836599111557 0.571882009506226 0.573400974273682 0.569016993045807 0.556571006774902 0.560881972312927 0.561078011989594 0.557973027229309 0.554242014884949 0.538751006126404 0.538278996944427 0.543116986751556 0.545642971992493 0.552771985530853 0.568229019641876 0.57736998796463 0.575981974601746 0.567584991455078 0.563314974308014 0.562300980091095 0.561182975769043 0.553817987442017 0.553596973419189 0.546003997325897 0.535295009613037 0.531597018241882 0.545796990394592 0.548878014087677 0.562327980995178 0.551757991313934 0.560674011707306
0.55799400806427 0.562807023525238 0.575232028961182 0.582217991352081 0.596350014209747 0.598555982112885 0.596010982990265 0.588019013404846 0.585543990135193 0.584833025932312 0.57778400182724 0.574708998203278 0.573740005493164 0.57074898481369 0.566442012786865 0.566087007522583 0.578823983669281 0.581794023513794 0.59368497133255 0.590646028518677 0.582011997699738 0.565658986568451 0.568575024604797 0.580353021621704 0.56496000289917 0.553452014923096 0.549616992473602 0.537979006767273 0.53890198469162 0.544695973396301 0.548892021179199 0.558830976486206 0.556248009204865 0.559140026569366 0.56257301568985 0.556855022907257 0.54789400100708 0.543439984321594 0.534515976905823 0.539470970630646 0.549585998058319 0.552860975265503 0.552250027656555 0.556069016456604 0.559894979000092 0.559493005275726
0.563345015048981 0.575640976428986 0.579092025756836 0.576488971710205 0.586048007011414 0.58968198299408 0.585559010505676 0.583684980869293 0.583940982818604 0.57822597026825 0.576426029205322 0.575748980045319 0.569410026073456 0.565268993377686 0.562729001045227 0.560432016849518 0.569768011569977 0.570483982563019 0.581743001937866 0.590368986129761 0.581375002861023 0.577082991600037 0.581888973712921 0.584604978561401 0.58056902885437 0.58032900094986 0.561901986598969 0.554480016231537 0.556670010089874 0.540241003036499 0.534995973110199 0.536554992198944 0.551092028617859 0.555126011371613 0.569983005523682 0.555638015270233 0.553664028644562 0.541391015052795 0.539025008678436 0.554328978061676 0.550729990005493 0.548840999603271 0.544815003871918 0.553447008132935 0.560418009757996 0.560015976428986
0.553977012634277 0.562673985958099 0.568525016307831 0.570352971553802 0.577286005020142 0.582449018955231 0.595498979091644 0.593213975429535 0.592005014419556 0.602491021156311 0.592051982879639 0.587854981422424 0.583379983901978 0.577232003211975 0.567555010318756 0.56284099817276 0.559966027736664 0.558149993419647 0.568432986736298 0.564275026321411 0.567615985870361 0.578143000602722 0.577705979347229 0.58671897649765 0.577498972415924 0.575964987277985 0.568856000900269 0.569087028503418 0.566336989402771 0.553029000759125 0.550006985664368 0.546680986881256 0.536028027534485 0.536091983318329 0.550607025623322 0.545561015605927 0.544983983039856 0.538604974746704 0.534536004066467 0.550303995609283 0.556420028209686 0.556393027305603 0.545405983924866 0.552636027336121 0.560063004493713 0.565414011478424
0.555263996124268 0.563032984733582 0.57234799861908 0.584798991680145 0.591232001781464 0.599443018436432 0.608740985393524 0.598194003105164 0.606109976768494 0.612667977809906 0.621913015842438 0.611697971820831 0.592851996421814 0.592908024787903 0.584086000919342 0.588467001914978 0.584453999996185 0.58118599653244 0.569674015045166 0.561441004276276 0.556312024593353 0.55823802947998 0.57540500164032 0.583377003669739 0.577880024909973 0.564804017543793 0.569319009780884 0.575600028038025 0.577127993106842 0.56793600320816 0.549461007118225 0.545765995979309 0.540881991386414 0.533002018928528 0.532957017421722 0.536894023418427 0.542526006698608 0.545831024646759 0.542506992816925 0.544716000556946 0.553322970867157 0.549576997756958 0.547397971153259 0.543192982673645 0.546321988105774 0.554373979568481
0.558174014091492 0.578203022480011 0.590052008628845 0.596912980079651 0.603182017803192 0.593509018421173 0.587886989116669 0.594183027744293 0.602208018302917 0.617853999137878 0.630666017532349 0.618368029594421 0.59392899274826 0.592410027980804 0.607960999011993 0.600422978401184 0.598026990890503 0.587248980998993 0.584487020969391 0.582424998283386 0.582322001457214 0.571886003017426 0.556659996509552 0.560145974159241 0.565281987190247 0.556160986423492 0.555463016033173 0.569326996803284 0.565797984600067 0.569191992282867 0.563741981983185 0.54167902469635 0.541719973087311 0.538707971572876 0.529017984867096 0.538470983505249 0.54507702589035 0.554301977157593 0.546846985816956 0.531060993671417 0.53516697883606 0.534927010536194 0.538469016551971 0.538026988506317 0.542815983295441 0.549709022045135
0.559038996696472 0.566380023956299 0.588056981563568 0.599198997020721 0.587463021278381 0.583199977874756 0.589405000209808 0.595574975013733 0.599301993846893 0.609688997268677 0.620925009250641 0.600539028644562 0.599821984767914 0.595055997371674 0.585913002490997 0.597966015338898 0.593340992927551 0.589186012744904 0.587705016136169 0.58892297744751 0.584369003772736 0.58128297328949 0.568482995033264 0.564562022686005 0.574491024017334 0.575155019760132 0.556038022041321 0.553934991359711 0.56863397359848 0.559229016304016 0.555233001708984 0.546352982521057 0.544331014156342 0.538040995597839 0.52393102645874 0.523311972618103 0.536309003829956 0.544252991676331 0.54195100069046 0.542146980762482 0.55077999830246 0.543587982654572 0.535866975784302 0.535319983959198 0.544861972332001 0.550635993480682
0.558381974697113 0.558673977851868 0.560692012310028 0.575128972530365 0.582916021347046 0.583498001098633 0.586413979530334 0.580582976341248 0.595933973789215 0.615778028964996 0.610414981842041 0.605947971343994 0.60148698091507 0.589989006519318 0.586261987686157 0.585295975208282 0.583261013031006 0.588474988937378 0.592718005180359 0.585062980651855 0.572919011116028 0.568560004234314 0.567273020744324 0.562196016311646 0.56640100479126 0.562592029571533 0.558018028736115 0.544055998325348 0.550168991088867 0.551674008369446 0.554216027259827 0.554099977016449 0.553709983825684 0.539452016353607 0.529796004295349 0.542195022106171 0.54357898235321 0.54449999332428 0.546503007411957 0.554681003093719 0.54850697517395 0.543610990047455 0.539593994617462 0.540256023406982 0.538109004497528 0.545894026756287
0.554838001728058 0.55113697052002 0.547864973545074 0.549926996231079 0.550643980503082 0.56225198507309 0.569230973720551 0.577589988708496 0.592468023300171 0.597065985202789 0.604723989963531 0.607927024364471 0.599381029605865 0.591126978397369 0.586152970790863 0.586120009422302 0.581727027893066 0.585969984531403 0.579683005809784 0.572256982326508 0.564595997333527 0.564388990402222 0.564028978347778 0.560738980770111 0.555665016174316 0.551774024963379 0.542132019996643 0.551608026027679 0.555094003677368 0.56019002199173 0.551617026329041 0.546317994594574 0.545983016490936 0.539969980716705 0.529976010322571 0.544798016548157 0.556348025798798 0.549682974815369 0.552184998989105 0.553995013237 0.546775996685028 0.548193991184235 0.546905994415283 0.546184003353119 0.54621297121048 0.550507009029388
0.567755997180939 0.559538006782532 0.552393019199371 0.550050020217896 0.550336003303528 0.552945017814636 0.5519700050354 0.553304970264435 0.574715971946716 0.577269017696381 0.59061199426651 0.596107006072998 0.60232001543045 0.598206996917725 0.595498025417328 0.595452010631561 0.585599005222321 0.584632992744446 0.58772599697113 0.585133016109467 0.578323006629944 0.56718498468399 0.564547002315521 0.560541987419128 0.547993004322052 0.548891007900238 0.548148989677429 0.544843971729279 0.549870014190674 0.55800199508667 0.556043982505798 0.546199977397919 0.542841970920563 0.54357898235321 0.549081981182098 0.556491017341614 0.559077024459839 0.561838984489441 0.556810975074768 0.550674974918365 0.544378995895386 0.541230022907257 0.544439971446991 0.539547026157379 0.536391019821167 0.548133015632629
0.570885002613068 0.565571010112762 0.565325975418091 0.560148000717163 0.555903017520905 0.561967015266418 0.559377014636993 0.557331025600433 0.551895022392273 0.560259997844696 0.567102015018463 0.574279010295868 0.580509006977081 0.573459029197693 0.582984983921051 0.578254997730255 0.582937002182007 0.581918001174927 0.580501973628998 0.576496005058289 0.575285971164703 0.574873983860016 0.56368499994278 0.559201002120972 0.562142014503479 0.550979018211365 0.547187983989716 0.542780995368958 0.5502570271492 0.551577985286713 0.548089981079102 0.546613991260529 0.545777976512909 0.546845018863678 0.547932982444763 0.549520015716553 0.553534984588623 0.55401599407196 0.547056972980499 0.540600001811981 0.540870010852814 0.540885984897614 0.539407014846802 0.536652982234955 0.543516993522644 0.548981010913849
0.574930012226105 0.570668995380402 0.566592991352081 0.565620005130768 0.555312991142273 0.55501800775528 0.55172598361969 0.559033989906311 0.556200981140137 0.555993020534515 0.555916011333466 0.554796993732452 0.561515986919403 0.564351975917816 0.564595997333527 0.57668000459671 0.583778023719788 0.57275801897049 0.580254018306732 0.582771003246307 0.580748021602631 0.57551497220993 0.563946008682251 0.556644976139069 0.55316698551178 0.554150998592377 0.553310990333557 0.550933003425598 0.560823023319244 0.565457999706268 0.564480006694794 0.554378986358643 0.543156981468201 0.539930999279022 0.548642992973328 0.549076020717621 0.549813985824585 0.544300973415375 0.536628007888794 0.534191012382507 0.535506010055542 0.537503004074097 0.534857988357544 0.538242995738983 0.548061013221741 0.546931028366089
0.576022982597351 0.568431973457336 0.562681972980499 0.562454998493195 0.556850016117096 0.556083977222443 0.559368014335632 0.5572270154953 0.555836975574493 0.559522986412048 0.557250022888184 0.557006001472473 0.559509992599487 0.55886298418045 0.561878025531769 0.555104970932007 0.548673987388611 0.555490016937256 0.567659020423889 0.576411008834839 0.578399002552032 0.575699985027313 0.567740023136139 0.566233992576599 0.564387023448944 0.561673998832703 0.561553001403809 0.55579000711441 0.558498978614807 0.556150019168854 0.557832002639771 0.556721985340118 0.550568997859955 0.545997023582458 0.547899007797241 0.552317023277283 0.550817012786865 0.545183002948761 0.541298985481262 0.5314040184021 0.527962028980255 0.52046799659729 0.52505898475647 0.526746988296509 0.526803970336914 0.532190978527069
0.587302029132843 0.572054982185364 0.56639701128006 0.560917019844055 0.555984973907471 0.5677769780159 0.562659978866577 0.571644008159637 0.568548023700714 0.568324983119965 0.567990005016327 0.563510000705719 0.562550008296967 0.562902987003326 0.559059023857117 0.556761980056763 0.549103975296021 0.544978022575378 0.545639991760254 0.54432201385498 0.547195971012115 0.552428007125854 0.552779018878937 0.555992007255554 0.560941994190216 0.560368001461029 0.560108006000519 0.552883982658386 0.555658996105194 0.549247980117798 0.546330988407135 0.548713982105255 0.547510027885437 0.544636011123657 0.548391997814178 0.550131022930145 0.544227004051208 0.533357977867126 0.523841977119446 0.520759999752045 0.521417021751404 0.514559984207153 0.513930022716522 0.518252015113831 0.520869970321655 0.518338978290558
0.591942012310028 0.57389497756958 0.57320499420166 0.568449974060059 0.569678008556366 0.572332978248596 0.579230010509491 0.593970000743866 0.589372992515564 0.584839999675751 0.584270000457764 0.587764978408813 0.584909021854401 0.57659900188446 0.565918982028961 0.559580028057098 0.557555019855499 0.546239972114563 0.54094398021698 0.540134012699127 0.536019027233124 0.533374011516571 0.532186985015869 0.528491973876953 0.528838992118835 0.542711973190308 0.553131997585297 0.540656983852386 0.544919013977051 0.537387013435364 0.538340985774994 0.537472009658813 0.540445029735565 0.550786972045898 0.549941003322601 0.542268991470337 0.539803028106689 0.519698977470398 0.531763017177582 0.537477016448975 0.529106974601746 0.525053024291992 0.524394989013672 0.531053006649017 0.534258008003235 0.53736400604248
0.5798180103302 0.574199020862579 0.57091099023819 0.57763397693634 0.577838003635406 0.593389987945557 0.614923000335693 0.618423998355865 0.614405989646912 0.607598006725311 0.606379985809326 0.604156017303467 0.602689981460571 0.603797972202301 0.597536027431488 0.585515975952148 0.575432002544403 0.560442984104156 0.549353003501892 0.541821002960205 0.540544986724854 0.53727000951767 0.535288989543915 0.523492991924286 0.516110002994537 0.515474021434784 0.519020020961761 0.525978982448578 0.534232020378113 0.541373014450073 0.549372971057892 0.543265998363495 0.54414701461792 0.543784976005554 0.543398022651672 0.539189994335175 0.52580201625824 0.527150988578796 0.529902994632721 0.536198019981384 0.535875976085663 0.53874397277832 0.536783993244171 0.538214981555939 0.535902976989746 0.536837995052338
0.576596975326538 0.577248990535736 0.57141900062561 0.582578003406525 0.600699007511139 0.624356985092163 0.628925025463104 0.625501990318298 0.624921977519989 0.621380984783173 0.602508008480072 0.603370010852814 0.598464012145996 0.598053991794586 0.594913005828857 0.592876970767975 0.592252016067505 0.58381199836731 0.585182011127472 0.584047019481659 0.568370997905731 0.545252978801727 0.529564023017883 0.523023009300232 0.515868008136749 0.515151977539062 0.513364970684052 0.513631999492645 0.516363024711609 0.523572981357574 0.536031007766724 0.544197022914886 0.543717980384827 0.541875004768372 0.535885989665985 0.523600995540619 0.530110001564026 0.529591023921967 0.5329629778862 0.544870972633362 0.545387029647827 0.544238984584808 0.54093998670578 0.548228025436401 0.544896006584167 0.55000901222229
0.585453987121582 0.583455979824066 0.585352003574371 0.590247988700867 0.608147025108337 0.628874003887177 0.627614974975586 0.623006999492645 0.614107012748718 0.610185980796814 0.61343902349472 0.616366982460022 0.603169023990631 0.597618997097015 0.587050020694733 0.585492014884949 0.589969992637634 0.587347984313965 0.579842984676361 0.583693027496338 0.581700026988983 0.571593999862671 0.565533995628357 0.551982998847961 0.518729984760284 0.508085012435913 0.510497987270355 0.511520028114319 0.513373970985413 0.516978025436401 0.518871009349823 0.525180995464325 0.525960028171539 0.529224991798401 0.528932988643646 0.536983013153076 0.536927998065948 0.544834971427917 0.547587990760803 0.5467129945755 0.551913022994995 0.549593985080719 0.548023998737335 0.550293982028961 0.553884029388428 0.551074028015137
