ENMTML/All_vars/Predictors/EUR_only/bio32.asc
NCOLS 440 
NROWS 275 
XLLCORNER -11.5 
YLLCORNER 25.4999999994691 
CELLSIZE 0.166666666666667 
NODATA_value -3.4e+38 
[rows 0 to 19 of 275, columns 184 to 229 of 440]
-3.4e+38 -3.4e+38 -3.4e+38 -3.4e+38 -3.4e+38 -3.4e+38 -3.4e+38 -3.4e+38 -3.4e+38 -3.4e+38 -3.4e+38 -3.4e+38 -3.4e+38 -3.4e+38 -3.4e+38 -3.4e+38 -3.4e+38 -3.4e+38 -3.4e+38 -3.4e+38 -3.4e+38 -3.4e+38 -3.4e+38 -3.4e+38 -3.4e+38 -3.4e+38 -3.4e+38 -3.4e+38 -3.4e+38 -3.4e+38 -3.4e+38 -3.4e+38 -3.4e+38 -3.4e+38 -3.4e+38 -3.4e+38 -3.4e+38 -3.4e+38 -3.4e+38 -3.4e+38 -3.4e+38 -3.4e+38 -3.4e+38 -3.4e+38 -3.4e+38 -3.4e+38
-3.4e+38 -3.4e+38 -3.4e+38 -3.4e+38 -3.4e+38 -3.4e+38 -3.4e+38 -3.4e+38 -3.4e+38 -3.4e+38 -3.4e+38 -3.4e+38 -3.4e+38 -3.4e+38 -3.4e+38 -3.4e+38 -3.4e+38 -3.4e+38 -3.4e+38 -3.4e+38 -3.4e+38 -3.4e+38 -3.4e+38 -3.4e+38 -3.4e+38 -3.4e+38 -3.4e+38 -3.4e+38 -3.4e+38 -3.4e+38 -3.4e+38 -3.4e+38 -3.4e+38 1.04911196231842 -3.4e+38 -3.4e+38 -3.4e+38 1.02168595790863 1.0202260017395 1.01534497737885 1.00881898403168 -3.4e+38 -3.4e+38 -3.4e+38 -3.4e+38 -3.4e+38
-3.4e+38 -3.4e+38 -3.4e+38 -3.4e+38 -3.4e+38 -3.4e+38 -3.4e+38 -3.4e+38 -3.4e+38 -3.4e+38 -3.4e+38 -3.4e+38 -3.4e+38 -3.4e+38 -3.4e+38 -3.4e+38 -3.4e+38 -3.4e+38 -3.4e+38 -3.4e+38 -3.4e+38 -3.4e+38 -3.4e+38 -3.4e+38 -3.4e+38 -3.4e+38 -3.4e+38 -3.4e+38 -3.4e+38 1.08215701580048 -3.4e+38 -3.4e+38 1.05368900299072 1.0474259853363 1.03579795360565 1.0286580324173 -3.4e+38 1.014564037323 1.01539897918701 0.997614085674286 -3.4e+38 -3.4e+38 -3.4e+38 0.999750912189484 0.995373070240021 -3.4e+38
-3.4e+38 -3.4e+38 -3.4e+38 -3.4e+38 -3.4e+38 -3.4e+38 -3.4e+38 -3.4e+38 -3.4e+38 -3.4e+38 -3.4e+38 -3.4e+38 -3.4e+38 -3.4e+38 -3.4e+38 -3.4e+38 -3.4e+38 -3.4e+38 -3.4e+38 -3.4e+38 -3.4e+38 1.05792200565338 -3.4e+38 1.06074202060699 1.06409204006195 1.06775903701782 -3.4e+38 1.0683159828186 1.06547701358795 -3.4e+38 -3.4e+38 1.05562198162079 1.04436802864075 1.04152703285217 1.0377459526062 1.0293220281601 1.01937305927277 1.0086350440979 1.00103795528412 0.983588695526123 -3.4e+38 0.977883696556091 0.998266220092773 0.996756315231323 0.991033315658569 -3.4e+38
-3.4e+38 -3.4e+38 -3.4e+38 -3.4e+38 -3.4e+38 -3.4e+38 -3.4e+38 -3.4e+38 -3.4e+38 -3.4e+38 -3.4e+38 -3.4e+38 -3.4e+38 -3.4e+38 -3.4e+38 -3.4e+38 -3.4e+38 1.04462397098541 1.04517602920532 1.05063903331757 1.0494110584259 1.05204594135284 1.05538904666901 1.05673098564148 -3.4e+38 1.05719900131226 1.05591404438019 1.06396794319153 1.06154298782349 1.05626499652863 1.05259096622467 1.05169701576233 1.03799903392792 1.02966296672821 1.02459895610809 1.0196989774704 1.01385998725891 -3.4e+38 -3.4e+38 -3.4e+38 0.955849528312683 0.97417801618576 0.979118525981903 0.988877713680267 0.95755410194397 -3.4e+38
-3.4e+38 -3.4e+38 -3.4e+38 -3.4e+38 -3.4e+38 -3.4e+38 -3.4e+38 -3.4e+38 -3.4e+38 -3.4e+38 -3.4e+38 -3.4e+38 -3.4e+38 -3.4e+38 -3.4e+38 -3.4e+38 -3.4e+38 -3.4e+38 -3.4e+38 -3.4e+38 1.0440479516983 -3.4e+38 1.04967200756073 1.05612099170685 1.05664896965027 1.05594503879547 1.05242395401001 1.0519779920578 1.0525039434433 1.05257701873779 1.0441130399704 1.03809404373169 1.03165698051453 1.02437996864319 1.01439905166626 0.999327123165131 -3.4e+38 -3.4e+38 0.942964613437653 0.948850512504578 0.94917231798172 0.971225023269653 0.976937592029572 0.952863812446594 0.904388904571533 0.940900683403015
-3.4e+38 -3.4e+38 1.10895299911499 1.10150599479675 -3.4e+38 -3.4e+38 -3.4e+38 -3.4e+38 1.05903100967407 1.05608701705933 -3.4e+38 -3.4e+38 1.04006505012512 1.04152405261993 1.03921294212341 1.03855800628662 1.04324996471405 1.043830037117 1.03842401504517 1.04318201541901 1.04521405696869 1.04532194137573 1.04144299030304 -3.4e+38 1.04496204853058 1.04155600070953 1.04657900333405 1.04905796051025 1.0453690290451 1.03813397884369 1.0359970331192 1.03214204311371 1.02565097808838 1.01557195186615 0.996866703033447 0.975071907043457 -3.4e+38 0.968139290809631 0.964703917503357 0.982873916625977 0.965914726257324 0.960537910461426 0.952044725418091 0.969572722911835 0.964893877506256 0.948649525642395
1.1329859495163 1.1193779706955 -3.4e+38 1.09713196754456 1.08787703514099 -3.4e+38 -3.4e+38 1.06281304359436 1.0571700334549 1.05142498016357 1.04445099830627 -3.4e+38 -3.4e+38 1.03480398654938 1.03621399402618 1.04099404811859 1.03897202014923 1.03916895389557 1.03407001495361 1.0358270406723 1.04067301750183 1.04065096378326 1.03281903266907 -3.4e+38 1.0325540304184 1.03665697574615 1.03758597373962 1.04135704040527 1.04102599620819 1.03352904319763 1.02693104743958 1.02683305740356 1.02272796630859 1.00529897212982 0.973448693752289 0.928997695446014 0.972117900848389 1.00014901161194 0.990405797958374 0.980767726898193 0.997834622859955 0.988998115062714 1.00958001613617 1.00105202198029 0.980174124240875 0.967019379138947
1.12675094604492 1.1166809797287 1.10335898399353 1.09331595897675 -3.4e+38 1.06687295436859 1.06360399723053 -3.4e+38 1.04674994945526 1.04263997077942 1.03700196743011 1.02862596511841 1.03057503700256 1.03155100345612 1.02726602554321 1.01975798606873 1.02234196662903 1.02832198143005 1.03354597091675 1.03782796859741 1.04072499275208 1.03761696815491 1.03333795070648 1.02457094192505 1.01968097686768 1.02236199378967 1.02772295475006 1.03024196624756 1.03124403953552 1.02672004699707 1.02142894268036 1.02734804153442 1.02857601642609 1.02006804943085 0.962699770927429 0.924853682518005 0.961520493030548 0.979525327682495 0.961915493011475 0.986497521400452 1.00122702121735 0.984849810600281 0.965275704860687 0.915607988834381 0.933144688606262 0.907869100570679
1.12350797653198 1.10601603984833 1.0948189496994 1.08667194843292 1.07327902317047 1.06660997867584 1.05980002880096 -3.4e+38 1.04525303840637 1.03750205039978 1.03627097606659 1.0241379737854 1.02463698387146 1.03509497642517 1.03474104404449 1.02607905864716 1.02222502231598 1.01877498626709 1.02352595329285 1.03028798103333 1.03329503536224 1.03065299987793 1.02990198135376 1.0268440246582 1.02424395084381 1.02485704421997 1.02572500705719 1.02274405956268 1.02260196208954 1.01944696903229 1.01107203960419 1.00800001621246 1.00852799415588 0.993280827999115 0.95838850736618 0.919436812400818 0.894733488559723 0.893463313579559 0.898407816886902 0.901091396808624 0.888324618339539 0.897289216518402 0.897606313228607 0.920009672641754 0.91401469707489 0.901657521724701
1.10918605327606 1.09500098228455 1.08701002597809 1.07565796375275 1.06788194179535 1.05860197544098 1.04979300498962 1.04076302051544 1.0368469953537 1.03683495521545 1.03475701808929 1.03184700012207 1.01957702636719 1.02637100219727 1.03527903556824 1.03098297119141 1.03458499908447 1.03470098972321 1.03175497055054 1.02558302879333 1.02733898162842 1.02750194072723 1.03002500534058 1.02874600887299 1.02288699150085 1.0191650390625 1.01882696151733 1.01586496829987 1.01550698280334 1.00590300559998 1.00158095359802 0.991918623447418 0.987303376197815 0.983071982860565 0.96223109960556 0.920135080814362 0.891603171825409 0.872431397438049 0.864890992641449 0.844559490680695 0.852341592311859 0.889582395553589 0.913263916969299 0.930235683917999 0.901160299777985 0.891326725482941
1.09572803974152 1.08296203613281 1.07612204551697 1.06672394275665 1.05961394309998 1.05118203163147 1.03787994384766 1.04062604904175 1.03469002246857 1.03768396377563 1.02757096290588 1.02764999866486 1.02384698390961 1.01984596252441 1.0164350271225 1.01562905311584 1.02053105831146 1.02363801002502 1.02621102333069 1.01986801624298 1.01412403583527 1.01820003986359 1.02548897266388 1.01490294933319 1.01268494129181 1.01150500774384 1.0055650472641 1.00535595417023 1.00451397895813 0.996485471725464 0.986985087394714 0.980688214302063 0.970668971538544 0.963986814022064 0.931277394294739 0.890947580337524 0.865049481391907 0.856622874736786 0.843059778213501 0.831494629383087 0.856359720230103 0.872871875762939 0.885928511619568 0.893494129180908 0.884320676326752 0.885491073131561
1.08311295509338 1.0709400177002 1.06453204154968 1.05600702762604 1.04889702796936 1.04458904266357 1.04151201248169 1.03134202957153 1.02485597133636 1.02594900131226 1.02788197994232 1.02582001686096 1.02571105957031 1.02458000183105 1.01773798465729 1.01434099674225 1.00376403331757 1.00359404087067 1.00682401657104 1.00502598285675 1.00103294849396 0.997668623924255 1.0098249912262 1.00711798667908 1.00471305847168 1.00137996673584 0.991929709911346 0.994690597057343 0.991984188556671 0.994753181934357 0.987686514854431 0.974628508090973 0.965410590171814 0.938166618347168 0.918141424655914 0.911756217479706 0.899721324443817 0.877346217632294 0.843727171421051 0.836544692516327 0.87243527173996 0.89436262845993 0.886575520038605 0.879375696182251 0.87090539932251 0.86066597700119
1.06503403186798 1.05768704414368 1.0528450012207 1.04786396026611 1.04551303386688 1.0378760099411 1.0314040184021 1.02560997009277 1.02178597450256 0.999711990356445 1.00987899303436 1.01650905609131 1.01719200611115 1.00174605846405 0.99651038646698 0.995083510875702 0.997044920921326 0.992696523666382 0.990471124649048 0.99052757024765 0.991712689399719 0.985176682472229 0.984608590602875 0.983954012393951 0.98768538236618 0.993863880634308 0.993220925331116 0.98961991071701 0.989981710910797 0.983097672462463 0.973054826259613 0.967853724956512 0.960262179374695 0.947124183177948 0.949927389621735 0.91416597366333 0.889034271240234 0.863242208957672 0.849402725696564 0.837540984153748 0.86323207616806 0.88597047328949 0.887301087379456 0.887002527713776 0.880355715751648 0.862994313240051
1.0510059595108 1.04716002941132 1.03826594352722 1.03573095798492 1.03553199768066 1.03309202194214 1.02608096599579 1.01762795448303 1.00666403770447 0.992114186286926 0.977225124835968 0.986909627914429 0.994715392589569 0.996007978916168 0.997021377086639 0.989952385425568 0.981829881668091 0.974704086780548 0.974553525447845 0.977877378463745 0.979499995708466 0.976339280605316 0.97589248418808 0.973855316638947 0.982573211193085 0.98840469121933 0.993284523487091 0.992549777030945 0.986688613891602 0.982141971588135 0.975428521633148 0.97225821018219 0.964261472225189 0.954247891902924 0.931243121623993 0.917259216308594 0.891466975212097 0.872244000434875 0.852553129196167 0.839961409568787 0.845939815044403 0.852497398853302 0.848810613155365 0.835902512073517 0.835931420326233 0.832566916942596
1.0455629825592 1.03884196281433 1.03604996204376 1.02376401424408 1.02855598926544 1.02603805065155 1.02432799339294 1.0125869512558 1.00579702854156 0.999697387218475 0.998696684837341 0.986196994781494 0.973940014839172 0.967032074928284 0.980747222900391 0.988645911216736 0.981246888637543 0.979027271270752 0.966693699359894 0.971826910972595 0.977061927318573 0.979536592960358 0.9751837849617 0.97659969329834 0.973027586936951 0.9789217710495 0.981452584266663 0.986266314983368 0.984056770801544 0.986113011837006 0.984010219573975 0.979544878005981 0.973897576332092 0.961520373821259 0.947768688201904 0.915314614772797 0.908018410205841 0.892989277839661 0.874024212360382 0.909954071044922 0.891082584857941 0.878778219223022 0.859545826911926 0.853984177112579 0.87593287229538 0.878542125225067
1.02662694454193 1.02682197093964 1.02875101566315 1.01810598373413 1.01464796066284 1.01925802230835 1.01361703872681 1.00705599784851 0.993754684925079 0.987943291664124 0.97734010219574 0.974640786647797 0.976830720901489 0.980518817901611 0.969642281532288 0.958300709724426 0.955014407634735 0.955993115901947 0.934131383895874 0.948655426502228 0.956893682479858 0.965915977954865 0.96284681558609 0.971633911132812 0.967525482177734 0.968846917152405 0.973263204097748 0.986196517944336 0.976970970630646 0.972453415393829 0.978043019771576 0.971166670322418 0.969386219978333 0.965070128440857 0.958953499794006 0.929988980293274 0.91289758682251 0.916498601436615 0.905969321727753 0.910020291805267 0.915929794311523 0.911003112792969 0.905258178710938 0.906119525432587 0.908731818199158 0.909224212169647
1.01461696624756 1.02459502220154 1.01517903804779 0.998520374298096 1.00402295589447 1.00264894962311 1.0003650188446 0.9985591173172 0.997559070587158 0.987199783325195 0.97153377532959 0.963817894458771 0.96560001373291 0.957019686698914 0.951931715011597 0.961588323116302 0.948850512504578 0.926959097385406 0.928421676158905 0.927697777748108 0.937238395214081 0.941268622875214 0.949634313583374 0.956692397594452 0.956757724285126 0.962843716144562 0.962482511997223 0.965635478496552 0.963334202766418 0.960801482200623 0.95858097076416 0.962069511413574 0.95787101984024 0.959334313869476 0.952991008758545 0.946966826915741 0.932750284671783 0.914968013763428 0.909143209457397 0.908703327178955 0.903969824314117 0.90559309720993 0.907448887825012 0.901031315326691 0.892577826976776 0.900776624679565
1.01231098175049 0.995233178138733 0.977568209171295 0.971863925457001 0.967958390712738 0.965651571750641 0.981608688831329 0.991334080696106 0.983749628067017 0.981216013431549 0.980104088783264 0.970793426036835 0.956717789173126 0.935871601104736 0.941655099391937 0.949962019920349 0.938681125640869 0.941826820373535 0.950085580348969 0.956669926643372 0.955232501029968 0.942934513092041 0.949311971664429 0.942826092243195 0.954487681388855 0.959243178367615 0.964724898338318 0.983097314834595 0.975261270999908 0.961570918560028 0.964359998703003 0.963729083538055 0.959365427494049 0.956787824630737 0.947394728660583 0.958853125572205 0.94332492351532 0.939802825450897 0.934784889221191 0.926426470279694 0.918919384479523 0.917643070220947 0.920000612735748 0.923048913478851 0.911869823932648 0.909008681774139
1.01334798336029 1.01307702064514 1.00509798526764 0.976658523082733 0.972212970256805 0.966483473777771 0.95881587266922 0.953639209270477 0.959462225437164 0.951719582080841 0.956995785236359 0.956414222717285 0.962942481040955 0.943092882633209 0.928067684173584 0.923924386501312 0.936823189258575 0.945164322853088 0.954504370689392 0.956336975097656 0.966238677501678 0.959270775318146 0.951031029224396 0.952800571918488 0.951320111751556 0.954314172267914 0.952777922153473 0.961638987064362 0.966465473175049 0.978956401348114 0.961448013782501 0.955761015415192 0.948026776313782 0.941033124923706 0.950350403785706 0.943785786628723 0.941474080085754 0.94451892375946 0.939367175102234 0.948236882686615 0.939804017543793 0.931960821151733 0.932545781135559 0.929906189441681 0.930462598800659 0.926924288272858
