ENMTML/All_vars/Predictors/EUR_only/bio4.asc
NCOLS 440 
NROWS 275 
XLLCORNER -11.5 
YLLCORNER 25.4999999994691 
CELLSIZE 0.166666666666667 
NODATA_value -3.4e+38 
[rows 160 to 179 of 275, columns 132 to 175 of 440]
0.0244308393448591 0.0247607491910458 0.0250356495380402 0.0254341997206211 0.0258316807448864 0.0259721800684929 0.0257516391575336 0.0253946799784899 0.0249564703553915 0.0245340894907713 0.0241794604808092 -3.4e+38 -3.4e+38 -3.4e+38 -3.4e+38 -3.4e+38 -3.4e+38 -3.4e+38 -3.4e+38 -3.4e+38 -3.4e+38 -3.4e+38 -3.4e+38 0.0209962092339993 -3.4e+38 -3.4e+38 0.0217182300984859 0.0226282104849815 0.0233553107827902 0.0236987806856632 0.0235280506312847 0.0234658792614937 0.0234108902513981 0.0234533399343491 0.0235702507197857 0.0236101895570755 0.0237001292407513 0.0241011790931225 0.0241505205631256 0.0242710094898939 0.0244391299784184 0.0246790908277035 0.0247000399976969 0.0249385293573141
0.0233407001942396 0.0235367305576801 0.0240718703716993 0.0244171097874641 0.0249700900167227 0.0252099297940731 0.0251531302928925 0.0249281506985426 0.0245172306895256 0.0242022201418877 0.0238799992948771 -3.4e+38 -3.4e+38 -3.4e+38 -3.4e+38 -3.4e+38 -3.4e+38 -3.4e+38 -3.4e+38 -3.4e+38 -3.4e+38 -3.4e+38 -3.4e+38 -3.4e+38 -3.4e+38 -3.4e+38 -3.4e+38 0.0215221792459488 0.0225691106170416 0.0231043100357056 0.0232158191502094 0.0232858397066593 0.0232337098568678 0.0232435595244169 0.0233568102121353 0.0233449600636959 0.0233796108514071 0.0236630104482174 0.0238705798983574 0.0240882597863674 0.0244093406945467 0.0241904892027378 0.0240172706544399 0.024242889136076
0.0218175798654556 0.0222432594746351 0.0230529792606831 0.0234188307076693 0.0234412793070078 0.0236505605280399 0.0240100491791964 0.024111770093441 0.0239412505179644 0.0237230993807316 0.023512989282608 0.0233261492103338 -3.4e+38 -3.4e+38 -3.4e+38 -3.4e+38 -3.4e+38 -3.4e+38 -3.4e+38 -3.4e+38 -3.4e+38 -3.4e+38 -3.4e+38 -3.4e+38 -3.4e+38 -3.4e+38 -3.4e+38 -3.4e+38 0.0211713295429945 0.0215408597141504 0.0223539303988218 0.0226744208484888 0.0229008905589581 0.0230384301394224 0.0230808891355991 0.0231572203338146 0.0231950804591179 0.0232299193739891 0.0233630407601595 0.0238819606602192 0.0239767599850893 0.0240039993077517 0.0238420404493809 0.0243860594928265
0.0214411895722151 0.0216099508106709 0.0220460295677185 0.022455720230937 0.022596450522542 0.0226398892700672 0.0226273499429226 0.0229560490697622 0.0231109000742435 0.0231243893504143 0.0230989009141922 0.0230303108692169 0.0229036100208759 -3.4e+38 -3.4e+38 -3.4e+38 -3.4e+38 -3.4e+38 -3.4e+38 -3.4e+38 -3.4e+38 -3.4e+38 -3.4e+38 -3.4e+38 -3.4e+38 -3.4e+38 -3.4e+38 0.0208973400294781 0.0209250599145889 0.021128760650754 0.0216176491230726 0.0222779605537653 0.0223256107419729 0.0226504094898701 0.0228566508740187 0.0228136405348778 0.0227973200380802 0.0229471400380135 0.0229633506387472 0.0229338593780994 0.0232183299958706 0.0243688896298409 0.0238791797310114 0.0238001104444265
0.0212129391729832 0.0217165499925613 0.0221111308783293 0.0223153904080391 0.0225907191634178 0.0226779393851757 0.0222439207136631 0.0218644794076681 0.0222327504307032 0.022398529574275 0.022537849843502 0.0226280596107244 0.0226627308875322 0.0223947390913963 0.0220712292939425 -3.4e+38 -3.4e+38 -3.4e+38 -3.4e+38 -3.4e+38 -3.4e+38 -3.4e+38 -3.4e+38 -3.4e+38 -3.4e+38 -3.4e+38 -3.4e+38 -3.4e+38 0.0207183696329594 0.0208984892815351 0.0212799608707428 0.0217210799455643 0.0220269095152617 0.0223363693803549 0.0225375704467297 0.0227207392454147 0.0226169899106026 0.0228056404739618 0.0227484591305256 0.0225853398442268 0.0229411795735359 0.0230197999626398 0.0235014799982309 0.0226160008460283
0.0205483194440603 0.0209384206682444 0.0214569494128227 0.0217929501086473 0.0222610402852297 0.022192969918251 0.0216506291180849 0.0216869208961725 0.0216529406607151 0.0218022707849741 0.0220268908888102 0.0222588907927275 0.0223394092172384 0.0222282093018293 0.0219539292156696 0.0216248705983162 0.0212942399084568 -3.4e+38 -3.4e+38 -3.4e+38 -3.4e+38 -3.4e+38 -3.4e+38 -3.4e+38 -3.4e+38 -3.4e+38 -3.4e+38 -3.4e+38 -3.4e+38 -3.4e+38 -3.4e+38 0.0213827695697546 0.0216178894042969 0.0219812002032995 0.022250959649682 0.0224195495247841 0.0225648507475853 0.0225267708301544 0.0225632004439831 0.022626519203186 0.0227874591946602 0.0225815903395414 0.0231575798243284 0.0236118994653225
0.0199888907372952 0.0205519702285528 0.0211121700704098 0.0213381201028824 0.021582929417491 0.0214798301458359 0.0212802700698376 0.0210954695940018 0.0212743598967791 0.0214365292340517 0.0217682402580976 0.0219835191965103 0.0220413096249104 0.0221280306577682 0.0219679493457079 0.021715709939599 0.021334420889616 0.0212580300867558 0.0212373901158571 -3.4e+38 -3.4e+38 -3.4e+38 -3.4e+38 -3.4e+38 -3.4e+38 -3.4e+38 -3.4e+38 -3.4e+38 -3.4e+38 -3.4e+38 -3.4e+38 -3.4e+38 0.0211272500455379 0.0214143507182598 0.0215865895152092 0.0219725891947746 0.022177180275321 0.0222710892558098 0.0223056692630053 0.0224757194519043 0.0225333105772734 0.0224111806601286 0.0222200304269791 0.0230352208018303
0.0199605897068977 0.0203224606812 0.0209971703588963 0.0209491606801748 0.0209895595908165 0.0208763796836138 0.0207642205059528 0.0205144695937634 0.0208215806633234 0.0213187504559755 0.0215058196336031 0.0218778997659683 0.0219869893044233 0.0220429804176092 0.0220869202166796 0.0220281705260277 0.0218139104545116 0.0215852092951536 0.021245289593935 -3.4e+38 -3.4e+38 -3.4e+38 -3.4e+38 -3.4e+38 -3.4e+38 -3.4e+38 -3.4e+38 -3.4e+38 -3.4e+38 -3.4e+38 -3.4e+38 -3.4e+38 -3.4e+38 -3.4e+38 0.0204399693757296 -3.4e+38 0.0213505998253822 0.0216301903128624 0.0218673106282949 0.022120539098978 0.022363780066371 0.0224860608577728 0.0225720405578613 0.0228052195161581
0.0193455498665571 0.020125849172473 0.0206505209207535 0.0207001101225615 0.0204618200659752 0.0203561093658209 0.0204570293426514 0.0205364990979433 0.0206729099154472 0.0212304294109344 0.0215103402733803 0.021773399785161 0.0219487901777029 0.022060489282012 0.022138349711895 0.0222087297588587 0.0221195891499519 0.0218215398490429 0.0214917492121458 0.0212367903441191 -3.4e+38 -3.4e+38 -3.4e+38 -3.4e+38 -3.4e+38 -3.4e+38 -3.4e+38 -3.4e+38 -3.4e+38 -3.4e+38 -3.4e+38 -3.4e+38 -3.4e+38 -3.4e+38 -3.4e+38 -3.4e+38 0.020708380267024 0.0211885701864958 -3.4e+38 0.0216705501079559 0.0218644607812166 0.0219942294061184 0.0223013795912266 0.0225260499864817
0.0190982297062874 0.0195121392607689 0.0202719699591398 0.0204730797559023 0.0202472303062677 0.0202102791517973 0.0204390808939934 0.0207830108702183 0.0208470392972231 0.0211872793734074 0.0214018598198891 0.0216258801519871 0.0218345001339912 0.0220981705933809 0.0221143905073404 0.0223105996847153 0.0222505405545235 0.0221485998481512 0.0217515006661415 0.0214219205081463 -3.4e+38 -3.4e+38 -3.4e+38 -3.4e+38 -3.4e+38 -3.4e+38 -3.4e+38 -3.4e+38 -3.4e+38 -3.4e+38 -3.4e+38 -3.4e+38 -3.4e+38 -3.4e+38 -3.4e+38 -3.4e+38 -3.4e+38 0.0203329492360353 0.0207704100757837 0.0207775607705116 -3.4e+38 0.021468959748745 0.0215901304036379 0.0217978600412607
0.0185432005673647 0.0190135706216097 0.0193513408303261 0.0194645803421736 0.0197657290846109 0.0201181098818779 0.0208232998847961 0.0209893696010113 0.0212469305843115 0.0215201694518328 0.0216555204242468 0.0217551197856665 0.0219083707779646 0.0219531301409006 0.0221398491412401 0.022059740498662 0.021616879850626 0.0223202090710402 0.0219391193240881 0.0213374607264996 0.0209644306451082 -3.4e+38 -3.4e+38 -3.4e+38 -3.4e+38 -3.4e+38 -3.4e+38 -3.4e+38 -3.4e+38 -3.4e+38 -3.4e+38 -3.4e+38 -3.4e+38 -3.4e+38 -3.4e+38 -3.4e+38 -3.4e+38 0.0197590608149767 0.020191440358758 0.0205092802643776 0.0208959393203259 0.0209335591644049 0.021060299128294 0.0212051700800657
-3.4e+38 -3.4e+38 0.0189893301576376 0.0189591702073812 0.0194726902991533 0.0201116092503071 0.0206627994775772 0.0210100002586842 0.0213741008192301 0.0215214304625988 0.0217668600380421 0.021804440766573 0.0219972096383572 0.022007379680872 0.0220410004258156 0.022120600566268 0.0218068603426218 0.0221019107848406 0.0221480298787355 0.0214719604700804 0.0209044404327869 -3.4e+38 -3.4e+38 -3.4e+38 -3.4e+38 -3.4e+38 -3.4e+38 -3.4e+38 -3.4e+38 -3.4e+38 -3.4e+38 -3.4e+38 -3.4e+38 -3.4e+38 -3.4e+38 -3.4e+38 -3.4e+38 -3.4e+38 -3.4e+38 -3.4e+38 -3.4e+38 -3.4e+38 -3.4e+38 0.0206362903118134
-3.4e+38 -3.4e+38 -3.4e+38 0.0188722498714924 0.0189540293067694 0.019328810274601 0.0199788305908442 0.0208160392940044 0.0213629305362701 0.0218076203018427 0.0214814692735672 0.0218329206109047 0.0216648709028959 0.0220232401043177 0.0217851996421814 0.0218662992119789 0.022161640226841 0.0216158591210842 0.0221822299063206 0.0215933099389076 0.0209948606789112 0.0205189697444439 -3.4e+38 -3.4e+38 -3.4e+38 -3.4e+38 -3.4e+38 -3.4e+38 -3.4e+38 -3.4e+38 -3.4e+38 -3.4e+38 -3.4e+38 -3.4e+38 -3.4e+38 -3.4e+38 -3.4e+38 -3.4e+38 -3.4e+38 -3.4e+38 -3.4e+38 -3.4e+38 -3.4e+38 -3.4e+38
-3.4e+38 -3.4e+38 -3.4e+38 -3.4e+38 0.0185652393847704 0.0188072603195906 0.0191115606576204 0.019820099696517 0.0206113401800394 0.0215887296944857 0.0215954799205065 0.0211575701832771 0.0215700305998325 0.021861569955945 0.021847989410162 0.0217470899224281 0.0221359301358461 0.021988969296217 0.0216121692210436 0.0217393599450588 0.0212357006967068 0.0203929096460342 0.0201395191252232 -3.4e+38 -3.4e+38 -3.4e+38 -3.4e+38 -3.4e+38 -3.4e+38 -3.4e+38 -3.4e+38 -3.4e+38 -3.4e+38 -3.4e+38 -3.4e+38 -3.4e+38 -3.4e+38 -3.4e+38 -3.4e+38 -3.4e+38 -3.4e+38 -3.4e+38 -3.4e+38 -3.4e+38
-3.4e+38 -3.4e+38 -3.4e+38 -3.4e+38 -3.4e+38 -3.4e+38 -3.4e+38 0.0186900198459625 0.0196534600108862 0.0207767002284527 0.0209495592862368 0.0208053290843964 0.0208051390945911 0.0213620401918888 0.021818270906806 0.0218534003943205 0.0217769593000412 0.0214834101498127 0.0220924094319344 0.0218409597873688 0.0213172193616629 0.0209551602602005 0.0205299109220505 0.0201381202787161 0.019837049767375 -3.4e+38 -3.4e+38 -3.4e+38 -3.4e+38 -3.4e+38 -3.4e+38 -3.4e+38 -3.4e+38 -3.4e+38 -3.4e+38 -3.4e+38 -3.4e+38 -3.4e+38 -3.4e+38 -3.4e+38 -3.4e+38 -3.4e+38 -3.4e+38 -3.4e+38
-3.4e+38 -3.4e+38 -3.4e+38 -3.4e+38 -3.4e+38 -3.4e+38 -3.4e+38 0.0179619900882244 0.0188844408839941 0.0193723496049643 0.0197205301374197 0.0202734395861626 0.0202735997736454 0.0207283701747656 0.0214734598994255 0.0216826591640711 0.0217774901539087 0.0217194408178329 0.0216717291623354 0.0216999091207981 0.0213324893265963 0.0214309096336365 0.0209225807338953 0.0203851591795683 0.0200825799256563 0.019812349230051 -3.4e+38 -3.4e+38 -3.4e+38 -3.4e+38 -3.4e+38 -3.4e+38 -3.4e+38 -3.4e+38 -3.4e+38 -3.4e+38 -3.4e+38 -3.4e+38 -3.4e+38 -3.4e+38 -3.4e+38 -3.4e+38 -3.4e+38 -3.4e+38
-3.4e+38 -3.4e+38 -3.4e+38 -3.4e+38 -3.4e+38 -3.4e+38 -3.4e+38 -3.4e+38 -3.4e+38 0.0183649007230997 0.0187952499836683 0.0195632800459862 0.0199741404503584 0.020098589360714 0.0209631901234388 0.0211771503090858 0.0212800800800323 0.0214989893138409 0.021587710827589 0.0214549396187067 0.0214832592755556 0.0215765498578548 0.0214760806411505 0.0211966596543789 0.0206541493535042 0.0202786903828382 0.0199139006435871 0.019990149885416 0.0201636292040348 0.0202653408050537 0.0203354302793741 0.0200339592993259 0.0199309792369604 0.0194216798990965 -3.4e+38 -3.4e+38 -3.4e+38 -3.4e+38 -3.4e+38 -3.4e+38 -3.4e+38 -3.4e+38 -3.4e+38 -3.4e+38
-3.4e+38 -3.4e+38 -3.4e+38 -3.4e+38 -3.4e+38 -3.4e+38 -3.4e+38 -3.4e+38 -3.4e+38 -3.4e+38 0.0181087404489517 0.0184318497776985 0.0194501299411058 0.0201148297637701 0.0202093794941902 0.0203427895903587 0.0209074597805738 0.0210828706622124 0.0210141893476248 0.0212003905326128 0.0213970597833395 0.0213261190801859 0.0213372707366943 0.0210406798869371 0.0209724903106689 0.0206777397543192 0.0207300893962383 0.0204696394503117 0.0205330103635788 0.0206236708909273 0.0209726206958294 0.0208762604743242 0.0206023901700974 0.0201651491224766 -3.4e+38 -3.4e+38 -3.4e+38 -3.4e+38 -3.4e+38 -3.4e+38 -3.4e+38 -3.4e+38 -3.4e+38 -3.4e+38
-3.4e+38 -3.4e+38 -3.4e+38 -3.4e+38 -3.4e+38 -3.4e+38 -3.4e+38 -3.4e+38 -3.4e+38 -3.4e+38 -3.4e+38 -3.4e+38 0.0180230606347322 0.0184564497321844 0.0189783107489347 0.0202962104231119 0.0201320108026266 0.0200593695044518 0.0201559495180845 0.0206103101372719 0.0208682604134083 0.0206171292811632 0.0208574794232845 0.021070409566164 0.0209210906177759 0.0210061706602573 0.020809980109334 0.0210447292774916 0.0209900606423616 0.0211259499192238 0.0210897605866194 0.0207444801926613 0.0203194692730904 -3.4e+38 -3.4e+38 -3.4e+38 -3.4e+38 -3.4e+38 -3.4e+38 -3.4e+38 -3.4e+38 -3.4e+38 -3.4e+38 -3.4e+38
-3.4e+38 -3.4e+38 -3.4e+38 -3.4e+38 -3.4e+38 -3.4e+38 -3.4e+38 -3.4e+38 -3.4e+38 -3.4e+38 -3.4e+38 -3.4e+38 -3.4e+38 0.0176978502422571 0.0178027991205454 0.0181172303855419 0.0192491505295038 0.0197201203554869 0.0198501795530319 0.0195576697587967 0.0196592696011066 0.0198911391198635 0.0205293800681829 0.02098741941154 0.0209453105926514 0.0209571104496717 0.0211778003722429 0.0213438291102648 0.0213118400424719 0.0214869491755962 0.0214971099048853 0.0208875797688961 0.0203387103974819 0.0198803897947073 -3.4e+38 -3.4e+38 -3.4e+38 -3.4e+38 -3.4e+38 -3.4e+38 -3.4e+38 -3.4e+38 -3.4e+38 -3.4e+38
