ENMTML/All_vars/Predictors/EUR_only/bio4.asc
NCOLS 411 
NROWS 214 
XLLCORNER -11.5 
YLLCORNER 35.666666666112 
CELLSIZE 0.166666666666667 
NODATA_value -3.4e+38 
[rows 180 to 199 of 214, columns 0 to 44 of 411]
-3.4e+38 -3.4e+38 -3.4e+38 -3.4e+38 -3.4e+38 -3.4e+38 -3.4e+38 -3.4e+38 -3.4e+38 -3.4e+38 -3.4e+38 -3.4e+38 -3.4e+38 -3.4e+38 -3.4e+38 -3.4e+38 0.012270649895072 0.0131232999265194 0.0143403904512525 0.0153255397453904 0.0162799395620823 0.0173427201807499 0.0180225893855095 0.0186006594449282 0.0189817398786545 0.0193507205694914 0.0194826908409595 0.0198785103857517 0.0201706793159246 0.0204298608005047 0.0206929706037045 0.0208540894091129 0.0210512597113848 0.0211127400398254 0.0211233403533697 0.0209907703101635 0.0208776500076056 0.0209006797522306 0.0209599807858467 0.0210982393473387 0.0211334004998207 0.0212123207747936 0.0213707201182842 0.0214741807430983 0.0215368308126926
-3.4e+38 -3.4e+38 -3.4e+38 -3.4e+38 -3.4e+38 -3.4e+38 -3.4e+38 -3.4e+38 -3.4e+38 -3.4e+38 -3.4e+38 -3.4e+38 -3.4e+38 -3.4e+38 -3.4e+38 -3.4e+38 -3.4e+38 0.0129672102630138 0.0140395695343614 0.0152036100625992 0.0163974892348051 0.0172454491257668 0.0179745592176914 0.0185819994658232 0.0190599299967289 0.0193451400846243 0.0196277499198914 0.0199371706694365 0.0202409606426954 0.0205771196633577 0.0207992400974035 0.0210301391780376 0.0211549997329712 0.0212544891983271 0.0211985893547535 0.020962230861187 0.0207844395190477 0.020842669531703 0.0209565106779337 0.0210967194288969 0.0212360005825758 0.0212753694504499 0.0214792191982269 0.0216912608593702 0.0218302998691797
-3.4e+38 -3.4e+38 -3.4e+38 -3.4e+38 -3.4e+38 -3.4e+38 -3.4e+38 -3.4e+38 -3.4e+38 -3.4e+38 -3.4e+38 -3.4e+38 -3.4e+38 -3.4e+38 -3.4e+38 -3.4e+38 -3.4e+38 0.0125629203394055 0.0141469202935696 0.0154991503804922 0.0164748895913363 0.0173181500285864 0.0180529896169901 0.018618319183588 0.0190416295081377 0.0194598995149136 0.019775440916419 0.0200893003493547 0.0203872304409742 0.0206782408058643 0.0208631306886673 0.0211035907268524 0.0212538596242666 0.021346140652895 0.0213333293795586 0.0209763702005148 0.0207473393529654 0.0208869092166424 0.020960470661521 0.0210955906659365 0.0212837904691696 0.0213275905698538 0.0215087905526161 0.0218308605253696 0.0217934399843216
-3.4e+38 -3.4e+38 -3.4e+38 -3.4e+38 -3.4e+38 -3.4e+38 -3.4e+38 -3.4e+38 -3.4e+38 -3.4e+38 -3.4e+38 -3.4e+38 -3.4e+38 -3.4e+38 -3.4e+38 -3.4e+38 -3.4e+38 0.0121247200295329 0.0139228301122785 0.0154620502144098 0.0163383893668652 0.0172694995999336 0.018047820776701 0.0185805298388004 0.0190645605325699 0.019555289298296 0.0198820400983095 0.020242789760232 0.0205108504742384 0.0207709204405546 0.0209899097681046 0.0211506001651287 0.0213085003197193 0.0213316790759563 0.0212941002100706 0.0211635902523994 0.0210381094366312 0.0210676603019238 0.0211341101676226 0.0211769696325064 0.0212367195636034 0.0212477799504995 0.0212877802550793 0.0214345995336771 0.0213658194988966
-3.4e+38 -3.4e+38 -3.4e+38 -3.4e+38 -3.4e+38 -3.4e+38 -3.4e+38 -3.4e+38 -3.4e+38 -3.4e+38 -3.4e+38 -3.4e+38 -3.4e+38 -3.4e+38 -3.4e+38 -3.4e+38 0.0110582504421473 0.0121476100757718 0.0136794801801443 0.0155528401955962 0.0164010897278786 0.0171623192727566 0.0179425105452538 0.0186397600919008 0.0190739706158638 0.0194965898990631 0.0199062693864107 0.0202916208654642 0.0205877404659986 0.0208548791706562 0.0210736691951752 0.0212375093251467 0.0213849898427725 0.0214222799986601 0.0214533396065235 0.02135987021029 0.0212862696498632 0.021297400817275 0.0212931595742702 0.02128005027771 0.0213184598833323 0.0213133599609137 0.0214060302823782 0.0216109398752451 0.0221467800438404
-3.4e+38 -3.4e+38 -3.4e+38 -3.4e+38 -3.4e+38 -3.4e+38 -3.4e+38 -3.4e+38 -3.4e+38 -3.4e+38 -3.4e+38 -3.4e+38 -3.4e+38 -3.4e+38 -3.4e+38 -3.4e+38 0.0115399202331901 0.0127396900206804 0.014145590364933 0.0154073797166348 0.0162976197898388 0.0172713398933411 0.0180291403084993 0.0184698700904846 0.0191384702920914 0.0196076203137636 0.0200183596462011 0.0203798990696669 0.0207035392522812 0.0209464896470308 0.0211385395377874 0.0213396400213242 0.0214037206023932 0.021562060341239 0.0215871594846249 0.0215777792036533 0.0215158704668283 0.0214947499334812 0.021498030051589 0.0215114094316959 0.0216125193983316 0.0216907691210508 0.0220960099250078 0.022280490025878 0.0224630292505026
-3.4e+38 -3.4e+38 -3.4e+38 -3.4e+38 -3.4e+38 -3.4e+38 -3.4e+38 -3.4e+38 -3.4e+38 -3.4e+38 -3.4e+38 -3.4e+38 -3.4e+38 -3.4e+38 -3.4e+38 0.0113916797563434 0.0120117701590061 0.0132161695510149 0.0145417703315616 0.0156041299924254 0.0165725592523813 0.0174961406737566 0.0182063896209002 0.0187633000314236 0.0194303896278143 0.0198576208204031 0.0201698802411556 0.0204205196350813 0.0207517202943563 0.0210232902318239 0.0212546102702618 0.0213254503905773 0.0214352607727051 0.0216514803469181 0.02168302051723 0.0217249691486359 0.0217025298625231 0.0217445306479931 0.0218311492353678 0.0219120793044567 0.0220476407557726 0.022189749404788 0.0223907008767128 0.0226299706846476 0.0227052606642246
-3.4e+38 -3.4e+38 -3.4e+38 -3.4e+38 -3.4e+38 -3.4e+38 -3.4e+38 -3.4e+38 -3.4e+38 -3.4e+38 -3.4e+38 -3.4e+38 -3.4e+38 -3.4e+38 -3.4e+38 0.0115735698491335 0.0123178996145725 0.0135279400274158 0.0149144595488906 0.0160168204456568 0.0169483106583357 0.0176724400371313 0.0183714497834444 0.0190315097570419 0.0195997506380081 0.0199615191668272 0.0203014202415943 0.0205188505351543 0.0207552295178175 0.0209919605404139 0.0212185103446245 0.0213386099785566 0.0215803291648626 0.021733159199357 0.0218307692557573 0.0218421705067158 0.0218553692102432 0.0219641104340553 0.0220879092812538 0.0222572591155767 0.0223648399114609 0.0225295200943947 0.0227400902658701 0.0229140799492598 0.0230298805981874
-3.4e+38 -3.4e+38 -3.4e+38 -3.4e+38 -3.4e+38 -3.4e+38 -3.4e+38 -3.4e+38 -3.4e+38 -3.4e+38 -3.4e+38 -3.4e+38 -3.4e+38 -3.4e+38 -3.4e+38 0.0116194700822234 0.0126352300867438 0.0138537297025323 0.0150570403784513 0.0160311497747898 0.0169275607913733 0.0177467092871666 0.0185157395899296 0.0191619396209717 0.0197721291333437 0.0199652407318354 0.0203020498156548 0.0205427706241608 0.0207880400121212 0.0210076905786991 0.0212621595710516 0.0215222109109163 0.0216542705893517 0.0216818302869797 0.0217531006783247 0.0218614600598812 0.0220747906714678 0.0221548303961754 0.0222609303891659 0.0224501509219408 0.0225934106856585 0.0227484498172998 0.0229506492614746 0.023132860660553 0.0233568605035543
-3.4e+38 -3.4e+38 -3.4e+38 -3.4e+38 -3.4e+38 -3.4e+38 -3.4e+38 -3.4e+38 -3.4e+38 -3.4e+38 -3.4e+38 -3.4e+38 -3.4e+38 -3.4e+38 -3.4e+38 0.0116730602458119 0.0128705501556396 0.0139864599332213 0.0149203399196267 0.0159233100712299 0.0167839806526899 0.0176516491919756 0.0183039698749781 0.0190102905035019 0.0195271801203489 0.0198311191052198 0.0202138591557741 0.0204511396586895 0.0207897108048201 0.0211217794567347 0.021367060020566 0.0215953793376684 0.0217470806092024 0.0219199005514383 0.0220884997397661 0.0221610199660063 0.0223398804664612 0.0224040094763041 0.0225179698318243 0.0227149091660976 0.0228715091943741 0.0229498092085123 0.0231061596423388 0.0232551004737616 0.0233685597777367
-3.4e+38 -3.4e+38 -3.4e+38 -3.4e+38 -3.4e+38 -3.4e+38 -3.4e+38 -3.4e+38 -3.4e+38 -3.4e+38 -3.4e+38 -3.4e+38 -3.4e+38 -3.4e+38 0.0110281398519874 0.0120286103338003 0.0133657697588205 0.0140446098521352 0.0148189095780253 0.0157474596053362 0.0166641306132078 0.0173739306628704 0.0180268008261919 0.0186978802084923 0.0193138401955366 0.0197135806083679 0.0200985390692949 0.0204735994338989 0.0208409707993269 0.0211865995079279 0.0214789602905512 0.0216653104871511 0.0219130404293537 0.0220697000622749 0.0222233794629574 0.0224396605044603 0.0226381998509169 0.0226962994784117 0.0227911192923784 0.0229200907051563 0.0230314508080482 0.0230971407145262 0.0232097003608942 0.0232911203056574 0.0233522802591324
-3.4e+38 -3.4e+38 -3.4e+38 -3.4e+38 -3.4e+38 -3.4e+38 -3.4e+38 -3.4e+38 -3.4e+38 -3.4e+38 -3.4e+38 -3.4e+38 -3.4e+38 0.0100442003458738 0.0110300797969103 0.0123624298721552 0.0132582699880004 0.013932179659605 0.0148269403725863 0.01564596965909 0.0164168905466795 0.0172005295753479 0.0178933702409267 0.0184953399002552 0.0189565792679787 0.0195042807608843 0.0199996791779995 0.0204123705625534 0.020809069275856 0.0211544800549746 0.0215263292193413 0.0217882692813873 0.0219707991927862 0.022228779271245 0.0224074702709913 0.0226150192320347 0.0227389894425869 0.0228000804781914 0.0228984691202641 0.022981209680438 0.02315011061728 0.0232973396778107 0.0233281496912241 0.0233819708228111 0.0233669392764568
-3.4e+38 -3.4e+38 -3.4e+38 -3.4e+38 -3.4e+38 -3.4e+38 -3.4e+38 -3.4e+38 -3.4e+38 -3.4e+38 -3.4e+38 -3.4e+38 -3.4e+38 0.0103915296494961 0.0116389999166131 0.0125214597210288 0.0133468499407172 0.014057720080018 0.0149790002033114 0.015751339495182 0.0164172500371933 0.0170415993779898 0.0176608096808195 0.0182003192603588 0.018756290897727 0.019336860626936 0.0198378395289183 0.0203387904912233 0.0207202695310116 0.0211057793349028 0.0214888397604227 0.0218126997351646 0.0220462307333946 0.0221766997128725 0.0223242603242397 0.0224952399730682 0.0226767305284739 0.0228415504097939 0.0228816494345665 0.0231145098805428 0.0232144892215729 0.0232604295015335 0.0233890600502491 0.0233151391148567 0.0234109405428171
-3.4e+38 -3.4e+38 -3.4e+38 -3.4e+38 -3.4e+38 -3.4e+38 -3.4e+38 -3.4e+38 -3.4e+38 -3.4e+38 -3.4e+38 -3.4e+38 0.0105583500117064 0.0112672196701169 0.0123541597276926 0.0129281496629119 0.0136727103963494 0.0143956402316689 0.0151056796312332 0.0157450791448355 0.0163526404649019 0.0169371496886015 0.0175225492566824 0.018077339977026 0.0186867397278547 0.0192734096199274 0.0197878293693066 0.0202042497694492 0.0205822791904211 0.0209809392690659 0.0213055498898029 0.0217394400388002 0.0219378601759672 0.0220966096967459 0.0222406405955553 0.0224952604621649 0.0226809196174145 0.0228613503277302 0.0230124704539776 0.0231855195015669 0.0233586505055428 0.0233367998152971 0.0234194695949554 0.0233584009110928 0.0233545899391174
-3.4e+38 -3.4e+38 -3.4e+38 -3.4e+38 -3.4e+38 -3.4e+38 -3.4e+38 -3.4e+38 -3.4e+38 -3.4e+38 -3.4e+38 -3.4e+38 0.0114292902871966 0.0122988298535347 0.0130537301301956 0.0134288696572185 0.0140409199520946 0.0146129503846169 0.0151602597907186 0.0157330892980099 0.0163162108510733 0.0168868191540241 0.0174648500978947 0.0180953592061996 0.0186915602535009 0.0192444398999214 0.0198001507669687 0.0202003195881844 0.0203700792044401 0.0207511391490698 0.0211793091148138 0.0215355399996042 0.021839240565896 0.0220769792795181 0.0223364606499672 0.022557919844985 0.0227601900696754 0.0229525007307529 0.023112939670682 0.0232750196009874 0.0233471393585205 0.0234827008098364 0.0235019698739052 0.0234118700027466 0.0233269892632961
-3.4e+38 -3.4e+38 -3.4e+38 -3.4e+38 -3.4e+38 -3.4e+38 -3.4e+38 -3.4e+38 -3.4e+38 -3.4e+38 -3.4e+38 -3.4e+38 0.0117835300043225 0.0127323800697923 0.0134425600990653 0.0139466999098659 0.0143628297373652 0.0148306796327233 0.0153490100055933 0.0158982593566179 0.0164545103907585 0.0168590303510427 0.0174310896545649 0.018036050722003 0.0186439491808414 0.0191445201635361 0.0196795891970396 0.0200908593833447 0.0204316694289446 0.0207782406359911 0.0212590396404266 0.0215712804347277 0.0219244305044413 0.0222380105406046 0.0225217901170254 0.0226351208984852 0.0229238905012608 0.0231183301657438 0.0231316201388836 0.0232453308999538 0.0233064200729132 0.0234337206929922 0.0235248692333698 0.0234645996242762 0.0234463606029749
-3.4e+38 -3.4e+38 -3.4e+38 -3.4e+38 -3.4e+38 -3.4e+38 -3.4e+38 -3.4e+38 -3.4e+38 -3.4e+38 -3.4e+38 -3.4e+38 -3.4e+38 0.0130860796198249 0.0135230198502541 0.0140105802565813 0.0144357401877642 0.0148874903097749 0.0154533395543694 0.0160647202283144 0.0164895094931126 0.0168875306844711 0.0173776000738144 0.0179920494556427 0.0184926595538855 0.0189951192587614 0.0195987392216921 0.0200945604592562 0.0205005705356598 0.0208670906722546 0.0212333295494318 0.0215785894542933 0.0220082998275757 0.0222958792001009 0.0225487407296896 0.022768409922719 0.0229609198868275 0.0230535604059696 0.0231705196201801 0.0233012903481722 0.0233734399080276 0.023526769131422 0.0235636699944735 0.0235640406608582 0.0234543308615685
-3.4e+38 -3.4e+38 -3.4e+38 -3.4e+38 -3.4e+38 -3.4e+38 -3.4e+38 -3.4e+38 -3.4e+38 -3.4e+38 -3.4e+38 -3.4e+38 -3.4e+38 -3.4e+38 0.0135392695665359 -3.4e+38 0.0143453003838658 0.0148319900035858 0.0154131297022104 0.0159386303275824 0.0164689607918262 0.0169745907187462 0.0174251794815063 0.0179325602948666 0.0183772798627615 0.0188097003847361 0.0194297395646572 0.0200011096894741 0.0204900894314051 0.020869480445981 0.0212587099522352 0.0216208696365356 0.0219170302152634 0.0222871694713831 0.0225362591445446 0.0227699503302574 0.0229425802826881 0.0230921693146229 0.0232340507209301 0.0233218502253294 0.0234698001295328 0.0235271696001291 0.0235151592642069 0.0235907603055239 0.0235163792967796
-3.4e+38 -3.4e+38 -3.4e+38 -3.4e+38 -3.4e+38 -3.4e+38 -3.4e+38 -3.4e+38 -3.4e+38 -3.4e+38 -3.4e+38 -3.4e+38 -3.4e+38 -3.4e+38 -3.4e+38 -3.4e+38 0.0143850604072213 0.014860549941659 0.0153208002448082 0.015862450003624 0.0165110398083925 0.0170835107564926 0.0175643898546696 0.0178960897028446 0.0182673390954733 0.0186908394098282 0.0191943794488907 0.0197471007704735 0.0202426891773939 0.0206610597670078 0.0211520791053772 0.021599480882287 0.0219487100839615 0.0222097504884005 0.0224383696913719 0.0226210597902536 0.0228620506823063 0.0230282694101334 0.0231864992529154 0.0232789199799299 0.0233519300818443 0.0233975704759359 0.0234726406633854 0.023415170609951 0.0233755707740784
-3.4e+38 -3.4e+38 -3.4e+38 -3.4e+38 -3.4e+38 -3.4e+38 -3.4e+38 -3.4e+38 -3.4e+38 -3.4e+38 -3.4e+38 -3.4e+38 -3.4e+38 -3.4e+38 -3.4e+38 -3.4e+38 0.0141024403274059 0.0148360095918179 0.0152241000905633 0.015796510502696 0.0165045093744993 0.0171539001166821 0.0174417290836573 0.0176891293376684 0.0181048903614283 0.0184962600469589 0.0190172307193279 0.0196006596088409 0.0201521404087543 0.0206768605858088 0.0210718400776386 0.0214716400951147 0.0217235703021288 0.0220133494585752 0.0223190505057573 0.0224180091172457 0.0226033199578524 0.0227666292339563 0.0229937192052603 0.0230375993996859 0.0230189692229033 0.0229849591851234 0.0227421298623085 0.0227283593267202 0.0226928200572729
