ENMTML/All_vars/Predictors/EUR_only/bio4.asc
NCOLS 440 
NROWS 275 
XLLCORNER -11.5 
YLLCORNER 25.4999999994691 
CELLSIZE 0.166666666666667 
NODATA_value -3.4e+38 
[rows 240 to 259 of 275, columns 352 to 395 of 440]
0.0280143599957228 0.027878750115633 0.027713080868125 0.0274934694170952 0.0274326596409082 0.0274546407163143 0.0275329202413559 0.0276082791388035 0.0277114696800709 0.0279021598398685 0.0280744805932045 0.0282645896077156 0.0284839197993279 0.0286610499024391 0.028879139572382 0.029116990044713 0.0293363500386477 0.0293021500110626 0.0292095392942429 0.0291787907481194 0.0291540902107954 0.0291028693318367 0.0292030908167362 0.029269989579916 0.0289354100823402 0.0291517693549395 0.0291973408311605 0.029386579990387 0.0296761896461248 0.0297767594456673 0.0297806691378355 0.0295088496059179 0.0294605903327465 0.0296278093010187 0.0292330905795097 0.029030580073595 0.029014939442277 0.0289998892694712 0.0290434490889311 0.0291263703256845 0.0295548606663942 0.0298397596925497 0.0298213101923466 0.0297964904457331
0.0277432296425104 0.02758296020329 0.0273134391754866 0.0270952805876732 0.0270057208836079 0.0270915403962135 0.0271875504404306 0.0273584201931953 0.0275178905576468 0.0277051609009504 0.0278616398572922 0.0280397608876228 0.0282140504568815 0.0284107699990273 0.0285830292850733 0.0287154708057642 0.0291622206568718 0.0292418692260981 0.0291978493332863 0.02912338078022 0.0290412195026875 0.0290507301688194 0.0290910396724939 0.0290933698415756 0.028954429551959 0.0293505396693945 0.029054269194603 0.0292712692171335 0.0294290594756603 0.0294105298817158 0.0294200107455254 0.0294931307435036 0.0294989198446274 0.0293053798377514 0.0292633194476366 0.0288949105888605 0.0287773292511702 0.0287198908627033 0.028785340487957 0.028759490698576 0.0291173905134201 0.0296448599547148 0.0296260491013527 0.0295914001762867
0.027642760425806 0.0273250993341208 0.0269618108868599 0.026624359190464 0.0265776608139277 0.0267895609140396 0.0269942097365856 0.0272045508027077 0.0273915491998196 0.0275259707123041 0.0277282800525427 0.0278279595077038 0.0279461294412613 0.0280946996062994 0.0282506495714188 0.0285493396222591 0.0289111193269491 0.029155170544982 0.0291005000472069 0.0290065407752991 0.0289339795708656 0.0289103202521801 0.0289924293756485 0.0290154404938221 0.0287133809179068 0.0292884297668934 0.0293339900672436 0.0291835591197014 0.0292055103927851 0.0293101593852043 0.0292361304163933 0.0293745305389166 0.0295230802148581 0.0292954593896866 0.02918248064816 0.0291815605014563 0.0288377404212952 0.0285515692085028 0.0285347308963537 0.0284891705960035 0.02864059060812 0.0289098899811506 0.0290692802518606 0.0290806796401739
0.0275868996977806 0.0273558907210827 0.0267824996262789 0.026160029694438 0.02616954036057 0.0264857299625874 0.026860099285841 0.0271068401634693 0.0272307991981506 0.0274174995720387 0.0275355596095324 0.0276646893471479 0.0277436897158623 0.0278273709118366 0.0279708299785852 0.0282121803611517 0.0285584907978773 0.0288611091673374 0.0289464890956879 0.0288877207785845 0.0288168899714947 0.0287414006888866 0.0288234502077103 0.0290239602327347 0.0287673100829124 0.0285873599350452 0.0290443804115057 0.0292565692216158 0.0290139708667994 0.0288574602454901 0.0291854199022055 0.0292070396244526 0.0292507391422987 0.029809670522809 0.0295969005674124 0.0295836105942726 0.029332909733057 0.0291938800364733 0.0286834798753262 0.0284742899239063 0.0283789206296206 0.0284186098724604 0.0285675097256899 0.0287053305655718
0.0277921296656132 0.0275680106133223 0.0270475596189499 0.0258909706026316 0.0259755998849869 0.0264533199369907 0.0268794391304255 0.0271286908537149 0.0272451601922512 0.0273167192935944 0.0273864399641752 0.0274761691689491 0.0275230407714844 0.0275536999106407 0.0276770498603582 0.0277835708111525 0.0281250700354576 0.0286265294998884 0.0286788009107113 0.0286080092191696 0.0285718198865652 0.028620520606637 0.0286378096789122 0.0286391396075487 0.0286001209169626 0.0286220498383045 0.0284560807049274 0.0288073308765888 0.0284749493002892 0.0284779407083988 0.0286865700036287 0.028624240309 0.0290522202849388 0.029008349403739 0.0290827006101608 0.0289981607347727 0.0292789097875357 0.02948491089046 0.0291399993002415 0.028804300352931 0.0284947603940964 0.0282881408929825 0.0282369796186686 0.0285371597856283
0.0280705001205206 0.0280505493283272 0.0279131606221199 0.0269430801272392 0.0265276990830898 0.026808200404048 0.0271295607089996 0.0272460393607616 0.0272417701780796 0.0272648297250271 0.0272538494318724 0.0272547602653503 0.0272713899612427 0.0272961296141148 0.0273491404950619 0.0274407994002104 0.0276910699903965 0.0278879106044769 0.0281671993434429 0.0281681399792433 0.0282836090773344 0.0283852908760309 0.0283946096897125 0.0283946990966797 0.0283164996653795 0.0281937904655933 0.0283426903188229 0.0284402798861265 0.0289063006639481 0.0283143594861031 0.0282718408852816 0.0286826193332672 0.0285626593977213 0.0288513991981745 0.0288481507450342 0.0287765990942717 0.0287333391606808 0.0290821902453899 0.0293358601629734 0.0289620608091354 0.0285089500248432 0.0282082501798868 0.027990460395813 0.0280604995787144
0.0282505098730326 0.0282833892852068 0.0281054601073265 0.0275650694966316 0.027193920686841 0.0272401999682188 0.0273612607270479 0.0272693708539009 0.0272099301218987 0.0271502994000912 0.0270931497216225 0.0270902402698994 0.027049170807004 0.0270613301545382 0.026973269879818 0.0270359702408314 0.0271135400980711 0.0272551607340574 0.02737095952034 0.0276359096169472 0.0276885591447353 0.0279738996177912 0.0280345696955919 0.0282024499028921 0.0282823797315359 0.0282751396298409 0.0279704891145229 0.0280281901359558 0.0282824598252773 0.0281510595232248 0.0277348607778549 0.027698440477252 0.0280459597706795 0.0284109208732843 0.0286603104323149 0.0283903200179338 0.0282350704073906 0.0284665897488594 0.028897600248456 0.0290551297366619 0.0288426894694567 0.0282600298523903 0.0278165098279715 0.027722429484129
0.0284097790718079 0.028359679505229 0.0281677301973104 0.027863560244441 0.0276254899799824 0.0275051090866327 0.0274354591965675 0.0272767692804337 0.0271266307681799 0.0270001608878374 0.0269173700362444 -3.4e+38 -3.4e+38 -3.4e+38 0.0266624800860882 0.0267439298331738 -3.4e+38 -3.4e+38 0.0264922007918358 0.0267170295119286 0.0272512100636959 0.0274610202759504 0.0277341101318598 0.0280859302729368 0.0282415691763163 0.0282908603549004 0.0280054993927479 0.0275938604027033 0.0275245700031519 0.0276221707463264 0.027599960565567 0.027075819671154 0.0271470192819834 0.0274746902287006 0.0279008392244577 0.0278291199356318 0.0280875898897648 0.0283623393625021 0.0284695904701948 0.0285693295300007 0.0287622008472681 0.0284380707889795 0.0278915502130985 0.0275627207010984
0.0284575596451759 0.0284267701208591 0.0282451901584864 0.0280713997781277 0.0279515292495489 0.0276870392262936 0.0274653192609549 0.0271752495318651 0.0270088091492653 -3.4e+38 -3.4e+38 -3.4e+38 -3.4e+38 -3.4e+38 -3.4e+38 -3.4e+38 -3.4e+38 -3.4e+38 0.0259081404656172 0.0258257407695055 0.0261459294706583 0.0266513507813215 0.0271424297243357 0.0278026293963194 0.0280639994889498 0.0282715000212193 0.02797063998878 0.0275917202234268 0.0273583997040987 0.0273141991347075 0.0274775102734566 0.0268628392368555 0.026708759367466 0.0268568303436041 0.0271962806582451 0.0276730004698038 0.0279015097767115 0.0278959907591343 0.0282627195119858 0.0283771399408579 0.028336439281702 0.0281357802450657 0.0278413090854883 0.027520690113306
0.0285252500325441 0.0285260602831841 0.0284339394420385 0.0284013208001852 0.0283617507666349 0.0278603807091713 0.0273895002901554 -3.4e+38 -3.4e+38 -3.4e+38 -3.4e+38 -3.4e+38 -3.4e+38 -3.4e+38 -3.4e+38 -3.4e+38 -3.4e+38 -3.4e+38 -3.4e+38 0.0253027305006981 0.0252037700265646 0.0255511794239283 0.0260576102882624 0.0267003402113914 0.027565959841013 0.0285270903259516 0.0285829696804285 0.027319710701704 0.0273844804614782 0.0271571706980467 0.0273873191326857 0.0268637500703335 0.0268420502543449 0.0268465001136065 0.0267824605107307 0.0270637795329094 0.0271947290748358 0.0273420307785273 0.0274024195969105 0.0273988991975784 0.0275909695774317 0.0278941299766302 0.0276024807244539 0.0274045895785093
0.0285695604979992 0.0285804606974125 0.0285975690931082 0.0285746902227402 0.028403090313077 0.0278983898460865 0.0273061003535986 -3.4e+38 -3.4e+38 -3.4e+38 -3.4e+38 -3.4e+38 -3.4e+38 -3.4e+38 -3.4e+38 -3.4e+38 -3.4e+38 -3.4e+38 -3.4e+38 -3.4e+38 0.0243715401738882 0.0243671294301748 0.024641789495945 0.0251389294862747 0.0264432094991207 0.0281069409102201 0.0283783804625273 0.0280059892684221 0.0267168506979942 0.0272323191165924 0.0266172997653484 0.0264284498989582 0.026204090565443 0.0265825595706701 0.0268007591366768 0.0268444400280714 0.0269356295466423 0.0271248091012239 0.0273366700857878 0.0273957103490829 0.0273858401924372 0.0272219199687243 0.0276132598519325 0.0273804999887943
0.028553219512105 0.0285907797515392 0.0285765994340181 0.0283150598406792 -3.4e+38 -3.4e+38 -3.4e+38 -3.4e+38 -3.4e+38 -3.4e+38 -3.4e+38 -3.4e+38 -3.4e+38 -3.4e+38 -3.4e+38 -3.4e+38 -3.4e+38 -3.4e+38 -3.4e+38 -3.4e+38 -3.4e+38 0.0235224701464176 0.0235621407628059 0.0238842498511076 0.0246569905430079 0.0268806796520948 0.0276695005595684 0.0279081501066685 0.0271396599709988 0.0263109598308802 0.0266471896320581 0.0264056902378798 0.0262668691575527 0.0263436809182167 0.026540569961071 0.0271169506013393 0.0272159595042467 0.0272088907659054 0.0273728892207146 0.0272835306823254 0.0272255204617977 0.027038250118494 0.027395760640502 0.0273237302899361
0.0284927897155285 0.0284873098134995 0.0284172799438238 0.0281920991837978 0.027905160561204 0.0275682006031275 -3.4e+38 -3.4e+38 -3.4e+38 -3.4e+38 -3.4e+38 -3.4e+38 -3.4e+38 -3.4e+38 -3.4e+38 -3.4e+38 -3.4e+38 -3.4e+38 -3.4e+38 -3.4e+38 -3.4e+38 0.0227025393396616 0.0227177999913692 0.0230122096836567 0.0239870809018612 0.0264964401721954 0.0267673898488283 0.0268655307590961 0.0265230108052492 0.0258287191390991 0.0262590292841196 0.0262412708252668 0.0262055303901434 0.026192219927907 0.0263525694608688 0.0263664796948433 0.0267883203923702 0.0271771606057882 0.0273111294955015 0.0271677207201719 0.0269818007946014 0.026885449886322 0.0266741402447224 0.0269467607140541
0.0283642299473286 0.0283573791384697 0.028258990496397 0.0281161908060312 0.0278545301407576 0.0273824706673622 -3.4e+38 -3.4e+38 -3.4e+38 -3.4e+38 -3.4e+38 -3.4e+38 -3.4e+38 -3.4e+38 -3.4e+38 -3.4e+38 -3.4e+38 -3.4e+38 -3.4e+38 -3.4e+38 -3.4e+38 0.0222944803535938 0.0219957996159792 0.0222957003861666 0.0230694692581892 0.0253385305404663 0.0259612202644348 0.0258915107697248 0.0257412306964397 0.0253546591848135 0.0256408900022507 0.0259116999804974 0.0258856192231178 0.0263446494936943 0.0260640997439623 0.0263940691947937 0.0265155602246523 0.0269970893859863 0.0269206892699003 0.0271428599953651 0.0270992107689381 0.0270016994327307 0.0269287303090096 0.0267435293644667
0.0281751602888107 0.028144970536232 0.0280425399541855 0.0278894696384668 0.0275597702711821 0.0270290598273277 0.0264575891196728 -3.4e+38 -3.4e+38 -3.4e+38 -3.4e+38 -3.4e+38 -3.4e+38 -3.4e+38 -3.4e+38 -3.4e+38 -3.4e+38 -3.4e+38 -3.4e+38 -3.4e+38 -3.4e+38 -3.4e+38 0.0214563701301813 0.0217910706996918 0.0224151406437159 0.0239641908556223 0.0248021092265844 0.0248664692044258 0.0249463692307472 0.02489366941154 0.0251969806849957 0.0254633408039808 0.0254992991685867 0.0260544195771217 0.0263538490980864 0.0259823407977819 0.0259911902248859 0.0263004098087549 0.0264587607234716 0.0262977797538042 0.0262044705450535 0.0261667091399431 0.0263776406645775 0.0261659305542707
0.0279891304671764 0.0279437992721796 0.0277782995253801 0.0276086404919624 0.0272870101034641 0.0267708599567413 0.0262705199420452 -3.4e+38 -3.4e+38 -3.4e+38 -3.4e+38 -3.4e+38 -3.4e+38 -3.4e+38 -3.4e+38 -3.4e+38 -3.4e+38 -3.4e+38 -3.4e+38 -3.4e+38 -3.4e+38 -3.4e+38 -3.4e+38 0.0216822903603315 0.0219487696886063 0.0234220903366804 0.0241645108908415 0.0241032000631094 0.0241937804967165 0.0243236403912306 0.0243404395878315 0.0244698598980904 0.0249419901520014 0.0256275292485952 0.0255965292453766 0.0248127803206444 0.0255861096084118 0.0256227906793356 0.0255426503717899 0.0256610400974751 0.0255356095731258 0.0256179999560118 0.0250138100236654 0.0247539691627026
0.0277865696698427 0.0276430808007717 0.0274761691689491 0.0273413807153702 0.0270192101597786 0.026607820764184 0.0261557996273041 0.0258518699556589 -3.4e+38 -3.4e+38 -3.4e+38 -3.4e+38 -3.4e+38 -3.4e+38 -3.4e+38 -3.4e+38 -3.4e+38 -3.4e+38 -3.4e+38 -3.4e+38 -3.4e+38 -3.4e+38 -3.4e+38 0.0218242295086384 0.0217029191553593 0.0218703802675009 0.022706700488925 0.023674950003624 0.0234316308051348 0.0237366408109665 0.023604579269886 0.0235931593924761 0.0242535304278135 0.0246770493686199 0.0248949602246284 0.0242241397500038 0.0245758891105652 0.0248441305011511 0.0245343297719955 0.0248813703656197 0.0248661208897829 0.0249805208295584 0.024663370102644 0.0241601206362247
0.0275483503937721 0.0274253208190203 0.0271976608783007 0.0270114000886679 0.0267649106681347 0.026410449296236 0.0260082595050335 0.0256168507039547 -3.4e+38 -3.4e+38 -3.4e+38 -3.4e+38 -3.4e+38 -3.4e+38 -3.4e+38 -3.4e+38 -3.4e+38 -3.4e+38 -3.4e+38 -3.4e+38 -3.4e+38 -3.4e+38 -3.4e+38 -3.4e+38 0.0217904392629862 0.0213904995471239 0.0217578802257776 0.0220575798302889 0.0227434393018484 0.0226588305085897 0.0227223206311464 0.0231951400637627 0.0233157090842724 0.023779820650816 0.0234841499477625 0.0232847593724728 0.0237753894180059 0.0239610709249973 0.0247747600078583 0.0253849904984236 0.0248697195202112 0.0243938490748405 0.0239875894039869 0.0236754901707172
0.0273002497851849 0.0271708201617002 0.0269800294190645 0.0267720203846693 0.0265646409243345 0.0262177791446447 0.0258292406797409 0.0254632495343685 0.025200130417943 -3.4e+38 -3.4e+38 -3.4e+38 -3.4e+38 -3.4e+38 -3.4e+38 -3.4e+38 -3.4e+38 -3.4e+38 -3.4e+38 -3.4e+38 -3.4e+38 -3.4e+38 -3.4e+38 -3.4e+38 0.0214274898171425 0.021329190582037 0.0215039402246475 0.0221624299883842 0.0218711104243994 0.0221373792737722 0.0222796406596899 0.0223313495516777 0.022654740139842 0.0228372290730476 0.0230733007192612 0.0229314994066954 0.023197989910841 0.023604579269886 0.0232982691377401 0.0235941093415022 0.0233479291200638 0.0232460591942072 0.02346963994205 0.0233690906316042
0.0270562507212162 0.0269234292209148 0.0267672706395388 0.0265693496912718 0.0263085998594761 0.0260076504200697 0.0256717000156641 0.025324709713459 0.0250494405627251 -3.4e+38 -3.4e+38 -3.4e+38 -3.4e+38 -3.4e+38 -3.4e+38 -3.4e+38 -3.4e+38 -3.4e+38 -3.4e+38 -3.4e+38 -3.4e+38 -3.4e+38 -3.4e+38 -3.4e+38 -3.4e+38 0.0210137292742729 0.0214235503226519 0.0213683191686869 0.0218960903584957 0.0220371000468731 0.0218124408274889 0.0217167399823666 0.0219183303415775 0.0220613703131676 0.0221965108066797 0.0223260093480349 0.0224595703184605 0.0229860600084066 0.0229976996779442 0.0231753401458263 0.0226993896067142 0.0225487798452377 0.0228658001869917 0.0231156200170517
