ENMTML/All_vars/Predictors/EUR_only/bio4.asc
NCOLS 440 
NROWS 275 
XLLCORNER -11.5 
YLLCORNER 25.4999999994691 
CELLSIZE 0.166666666666667 
NODATA_value -3.4e+38 
[rows 140 to 159 of 275, columns 176 to 219 of 440]
0.0262611508369446 0.0262909606099129 0.0263081397861242 0.0263247508555651 0.0263970196247101 0.0264859907329082 0.0260924100875854 0.0264700800180435 0.0266754496842623 0.0266651306301355 0.0267005693167448 0.0266822408884764 0.0263896994292736 0.0268565993756056 0.0272164791822433 0.0272571109235287 0.0274211708456278 0.0277104806154966 0.0277682505548 0.027668759226799 0.0275821108371019 0.0274784900248051 0.0273851696401834 0.0273491591215134 0.0272452291101217 0.0271541103720665 0.0271484106779099 0.0271505303680897 0.0271209497004747 0.0271049402654171 0.0270930994302034 0.0270414501428604 0.0269576404243708 0.0267154108732939 0.0258826203644276 0.0261481907218695 0.0268655307590961 0.0265492293983698 0.0258757900446653 0.0252987891435623 0.0252415891736746 0.0252720005810261 0.0258177891373634 0.0261455997824669
0.0263329204171896 0.0263677109032869 0.0263550691306591 0.0263573992997408 0.0264129899442196 0.0264830999076366 0.0263170897960663 0.0266063790768385 0.0266774799674749 0.0267397202551365 0.0268965400755405 0.0269410908222198 0.0270939208567142 0.0272095296531916 0.0273196808993816 0.0274521093815565 0.0275681708008051 0.0276555791497231 0.0276276003569365 0.0276137292385101 0.0275645200163126 0.0274719092994928 0.027313070371747 0.0272636692970991 0.0272335205227137 0.0271628703922033 0.027156300842762 0.0271112807095051 0.0270653497427702 0.0270498991012573 0.0270765591412783 0.0270904805511236 0.0270268395543098 0.0265268608927727 0.0260422397404909 0.0255166403949261 0.0261290706694126 0.0264709107577801 0.0267371702939272 0.0263479501008987 0.0257059503346682 0.0252965800464153 0.0250032991170883 0.0254745092242956
0.0263738408684731 0.0263914093375206 0.0263818297535181 0.0263315308839083 0.0263587906956673 0.0264799501746893 0.0263902898877859 0.0267163999378681 0.0266165006905794 0.0267386008054018 0.0268856808543205 0.0270524192601442 0.0271367691457272 0.0272272005677223 0.0273097492754459 0.0274349898099899 0.0275176502764225 0.0275745298713446 0.0275458209216595 0.0275280307978392 0.0274402294307947 0.0274065490812063 0.0272764805704355 0.0272451303899288 0.0272058509290218 0.0272042602300644 0.0271626003086567 0.0270967595279217 0.0270795896649361 0.0270829405635595 0.0269389804452658 0.0267098397016525 0.0269064903259277 0.0270449295639992 0.0270182900130749 0.0265235304832458 0.0260998103767633 0.0257890503853559 0.025696849450469 0.0260567497462034 0.0250873696058989 0.025023989379406 0.0247929207980633 0.0252921599894762
0.0262973699718714 0.026337830349803 0.0263374391943216 0.0263725202530622 0.0265297293663025 0.0265474803745747 0.0265562105923891 0.0267106108367443 0.0267025399953127 0.026744369417429 0.0268128793686628 0.0269565004855394 0.0270672291517258 0.0271508693695068 0.0273099709302187 0.0273082200437784 0.0274176392704248 0.0274039097130299 0.027462599799037 0.0274260006844997 0.0274127498269081 0.0273917000740767 0.0273094903677702 0.0272649005055428 0.0272394996136427 0.0272470004856586 0.0271467491984367 0.0269992798566818 0.0268755108118057 0.0268268901854753 0.0268468204885721 0.0267827697098255 0.0268915202468634 0.0266149304807186 0.0265855491161346 0.0265179593116045 0.0265616402029991 0.0265122298151255 0.0262342300266027 0.0265644900500774 0.0257443208247423 0.0261969696730375 0.0259517692029476 0.0255661103874445
0.0261242799460888 0.0263082999736071 0.0265322495251894 0.0266089309006929 0.0265970807522535 0.0266113206744194 0.0266713798046112 0.0267463605850935 0.0267705991864204 0.0267311204224825 0.0268356893211603 0.0269322600215673 0.0270290896296501 0.0270846299827099 0.0272090490907431 0.0272711906582117 0.0272520706057549 0.0272765401750803 0.0273317601531744 0.0273777507245541 0.0273087695240974 0.0273142401129007 0.0273214299231768 0.027357479557395 0.027371259406209 0.0272240694612265 0.027055760845542 0.0268144905567169 0.0267862007021904 0.0267236698418856 0.0267113391309977 0.0266611892729998 0.0267828106880188 0.0266527701169252 0.0266737304627895 0.0267258901149035 0.0267910305410624 0.0270198807120323 0.0272112302482128 0.0272522699087858 0.0270347706973553 0.0264012292027473 0.0258141607046127 0.025434909388423
0.026379780843854 0.0265868995338678 0.026623310521245 0.026683310046792 0.0266683995723724 0.0266818609088659 0.0267752595245838 0.0267467107623816 0.0267369095236063 0.0267611797899008 0.0267786104232073 0.0268597807735205 0.0269962791353464 0.027017880231142 0.0271013602614403 0.0271629299968481 0.0272564291954041 0.027239179238677 0.0272921901196241 0.0272430498152971 0.027278320863843 0.0272998306900263 0.0273795500397682 0.0273340605199337 0.0272543895989656 0.0270863901823759 0.0269184000790119 0.0263888295739889 0.0261447392404079 0.0262365099042654 0.0262844692915678 0.0263221897184849 0.0266261305660009 0.0264342799782753 0.0265215504914522 0.0266795102506876 0.0270615704357624 0.0268556103110313 0.0272393692284822 0.027354009449482 0.0271902792155743 0.0257384497672319 0.0251265708357096 0.0250436495989561
0.0265279803425074 0.0266531500965357 0.026678679510951 0.0267089307308197 0.0267260801047087 0.0266619808971882 0.0267177000641823 0.0267483107745647 0.0267711393535137 0.0267479196190834 0.0268054902553558 0.0267988704144955 0.0269264299422503 0.026970200240612 0.0269907899200916 0.027047460898757 0.0271645300090313 0.0271157994866371 0.0271563306450844 0.0271716807037592 0.0272204801440239 0.0272272806614637 0.0272644907236099 0.0272725205868483 0.0270981099456549 0.026904659345746 0.026649909093976 0.025946069508791 0.0259521305561066 0.0255094692111015 0.025720089673996 0.0261511504650116 0.0262285992503166 0.026173559948802 0.0263559408485889 0.0267752092331648 0.0268407706171274 0.0269769299775362 0.0270839799195528 0.027260210365057 0.0271081794053316 0.0269265491515398 0.0264484994113445 0.0258743297308683
0.026500390842557 0.0266451798379421 0.0267225205898285 0.0267382301390171 0.0267947297543287 0.0267119705677032 0.0267587993294001 0.0267446395009756 0.0266713406890631 0.0266983900219202 0.0266868006438017 0.0267423298209906 0.0268430504947901 0.0268543791025877 0.0269576404243708 0.0269408207386732 0.0270100403577089 0.0270667597651482 0.0270460806787014 0.027106299996376 0.0271263308823109 0.0271164793521166 0.0271183792501688 0.0271073095500469 0.0271291602402925 0.0269939992576838 0.0268732607364655 0.0264405999332666 0.0247604306787252 0.0238165203481913 0.0246409606188536 0.0247177109122276 0.0251698400825262 0.026000589132309 0.0261293295770884 0.0265315603464842 0.0267103090882301 0.0269142892211676 0.027029350399971 0.0271461103111506 0.0272572692483664 0.0272618606686592 0.0268767401576042 0.0256361402571201
0.0265437308698893 0.0266855806112289 0.0268102306872606 0.0267864502966404 0.0267879292368889 0.0267334803938866 0.0266810394823551 0.0267358906567097 0.0266152005642653 0.0266590695828199 0.0266537293791771 0.0267013199627399 0.0267323292791843 0.0268002897500992 0.0268047992140055 0.0268299598246813 0.0268790908157825 0.026893250644207 0.0269301794469357 0.0269600991159678 0.0269690006971359 0.0270306505262852 0.0270542707294226 0.0270392000675201 0.0269462205469608 0.0265195500105619 0.0258710291236639 0.0264488402754068 0.0253372397273779 0.0236512999981642 0.0236351508647203 0.0231322105973959 0.0232390500605106 0.0248625501990318 0.0257989000529051 0.0263885203748941 0.0267592500895262 0.0269004497677088 0.0270337108522654 0.0271152593195438 0.0272933393716812 0.0272477995604277 0.0270030293613672 0.0266080498695374
0.0266094096004963 0.0267912596464157 0.0268575400114059 0.0267587304115295 0.026784610003233 0.0267338398844004 0.0266892295330763 0.0266258791089058 0.0265796594321728 0.0265219695866108 0.0265659391880035 0.0265640206634998 0.0266526397317648 0.0267264191061258 0.0267669390887022 0.026729129254818 0.0267075300216675 0.0267964396625757 0.026799850165844 0.0268164295703173 0.0268663093447685 0.0269362404942513 0.0268846098333597 0.0268850605934858 0.026867289096117 0.0267243105918169 0.0261752493679523 0.0257810708135366 0.0254420600831509 0.0239192303270102 0.0244093500077724 0.0240783002227545 0.0240481700748205 0.0247568506747484 0.0253813005983829 0.0265306998044252 0.0268202591687441 0.0268695708364248 0.0270570795983076 0.0271696001291275 0.027199799194932 0.0272405594587326 0.0270791202783585 0.0269009806215763
0.0264779198914766 0.0267555993050337 0.0267802309244871 0.0266386102885008 0.0266273505985737 0.026643680408597 0.0265830494463444 0.0265252701938152 0.026497570797801 0.0264573991298676 0.0264324191957712 0.0264393594115973 0.0264865607023239 0.0266567505896091 0.0266463998705149 0.0265902392566204 0.0265607293695211 0.0266183502972126 0.0266449507325888 0.0267547201365232 0.0267581194639206 0.0267928205430508 0.026708809658885 0.026453809812665 0.026505820453167 0.0262672696262598 0.0262760203331709 0.0260015390813351 0.0262188501656055 0.0255746897310019 0.0251099690794945 0.0246552601456642 0.0239419899880886 0.0243985801935196 0.0259721204638481 0.0267172995954752 0.0267401896417141 0.0268310904502869 0.0269655492156744 0.0270446892827749 0.0270620100200176 0.0271055102348328 0.027142159640789 0.0269970800727606
0.026336669921875 0.0265610907226801 0.0265762005001307 0.0265906602144241 0.0265330597758293 0.0265333503484726 0.0265199895948172 0.0264387391507626 0.0264346208423376 0.0264396201819181 0.026386110112071 0.0263719707727432 0.0264248307794333 0.0264981407672167 0.0265178494155407 0.0264410004019737 0.0264430195093155 0.0264612697064877 0.0265427008271217 0.0266261901706457 0.026661230251193 0.0266665797680616 0.0265745297074318 0.0264770705252886 0.0264388099312782 0.0264023896306753 0.026127340272069 0.0260735508054495 0.0257401391863823 0.0259247906506062 0.0256681591272354 0.0252424906939268 0.0251358598470688 0.0254656802862883 0.0266404207795858 0.0266154408454895 0.0267470106482506 0.0267729107290506 0.0268545895814896 0.0268453005701303 0.0267704408615828 0.0268296897411346 0.0268152300268412 0.0269044693559408
0.0260832607746124 0.0263132899999619 0.0262761209160089 0.0263728499412537 0.0263533592224121 0.0264027994126081 0.0264374203979969 0.0264077894389629 0.0263943299651146 0.0264084301888943 0.0263644307851791 0.0263731498271227 0.0263683591037989 0.0264153406023979 0.026315700262785 0.0262603107839823 0.0262639001011848 0.0263321008533239 0.0264659207314253 0.0265180505812168 0.026596849784255 0.0265184193849564 0.0264218393713236 0.0264323595911264 0.02644057944417 0.0264595691114664 0.0264206603169441 0.0262601505964994 0.0262350998818874 0.0261353105306625 0.0263530407100916 0.0259196106344461 0.0263350699096918 0.0263995695859194 0.0263557694852352 0.0265671107918024 0.0265096090734005 0.026611840352416 0.0265603698790073 0.0267792604863644 0.0268398597836494 0.0269183292984962 0.0269522797316313 0.0271833594888449
0.0257252398878336 0.025951849296689 0.0260919705033302 0.0261690691113472 0.0261513702571392 0.0262847505509853 0.0264239702373743 0.0264266207814217 0.0263839103281498 0.0264252796769142 0.0264218393713236 0.0263980496674776 0.0264074504375458 0.0263734702020884 0.0262765996158123 0.0261614806950092 0.0261712707579136 0.0262391697615385 0.0262821298092604 0.0264295600354671 0.0265270806849003 0.0264391992241144 0.0263817701488733 0.0264317095279694 0.0264454390853643 0.0263385698199272 0.0259071309119463 0.0252013802528381 0.0247300490736961 0.025346539914608 0.0262937098741531 0.0262972004711628 0.0254813395440578 0.0243910402059555 0.024131340906024 0.0240111593157053 0.0252131596207619 0.0262684505432844 0.0267918892204762 0.0269080195575953 0.0268584508448839 0.0268217101693153 0.0269407797604799 0.0270318705588579
0.0254804696887732 0.0256853792816401 0.025849899277091 0.0259155090898275 0.0260478891432285 0.0262931603938341 0.0265761204063892 0.0264474991708994 0.026384299620986 0.0263418294489384 0.026442090049386 0.0265200007706881 0.0264876093715429 0.0263690799474716 0.026261180639267 0.0261534601449966 0.0261254198849201 0.0261366907507181 0.0261621400713921 0.026176780462265 0.026216609403491 0.0262094307690859 0.0261471401900053 0.0261688102036715 0.0262883808463812 0.0263088997453451 0.0256315991282463 0.0253247004002333 0.0250476505607367 0.025491489097476 0.0260881204158068 0.0255269501358271 0.0240788292139769 0.0226377490907907 0.0225863792002201 0.0221648197621107 0.0226891897618771 0.0236509293317795 0.0257290303707123 0.0243201199918985 0.0231960695236921 0.0228211805224419 0.023360300809145 0.0242668706923723
0.0251912605017424 0.0254595093429089 0.0256238002330065 0.0258699096739292 0.0260986294597387 0.0265019200742245 0.0266452301293612 0.0264942795038223 0.0263498798012733 0.0262996405363083 0.0263526495546103 0.0265477299690247 0.0265212394297123 0.0263694394379854 0.02628118917346 0.026127839460969 0.026067890226841 0.0260060299187899 0.0259523894637823 0.0258645098656416 0.0258061699569225 0.0258703101426363 0.0259740203619003 0.0259695798158646 0.026042440906167 0.0260435100644827 0.0262173991650343 0.0251423697918653 0.0239231791347265 0.0235912706702948 0.0232020504772663 0.0242215394973755 0.0247933901846409 0.024506950750947 0.0224369503557682 0.022464569658041 0.0239708591252565 0.0246228706091642 0.025954719632864 0.0254679303616285 0.0247650593519211 0.0246247891336679 0.0242222901433706 0.0250212494283915
0.0251211896538734 0.0252396501600742 0.0254560094326735 0.0257751699537039 0.0259384401142597 0.0262075606733561 0.026312630623579 0.0262042190879583 0.0261029303073883 0.0260743908584118 0.0261379908770323 0.0262735392898321 0.0263633094727993 0.0262864492833614 0.0261306092143059 0.0260703694075346 0.0259957108646631 0.0259046591818333 0.0257843397557735 0.0256203301250935 0.025483900681138 0.0255644302815199 0.0257378499954939 0.0258065704256296 0.0257156603038311 0.0250241197645664 0.0256068203598261 0.0249751191586256 0.023055849596858 0.0233643893152475 0.0235877893865108 0.0242350697517395 0.0242901798337698 0.0250448994338512 0.0242462307214737 0.0242132991552353 0.0240505207329988 0.0246717501431704 0.0262244194746017 0.0266871396452188 0.0266980994492769 0.0267354305833578 0.0268195997923613 0.0268712397664785
0.025017399340868 0.0251941606402397 0.0253746304661036 0.0255402401089668 0.0257323607802391 0.0258596409112215 0.025904880836606 0.025847340002656 0.0257870201021433 0.0257231593132019 0.0257562901824713 0.0258255302906036 0.0259358193725348 0.0259947497397661 0.0260211192071438 0.0260029695928097 0.0259794592857361 0.025812579318881 0.0256865005940199 0.0255204308778048 0.0253814496099949 0.0254924800246954 0.0258104708045721 0.0256189107894897 0.0253234095871449 0.02473952062428 0.0256434101611376 0.025041539222002 0.0245719999074936 0.0255232509225607 0.0259290300309658 0.0266052093356848 0.026922270655632 0.0270021893084049 0.0270226802676916 0.0269410498440266 0.0269279107451439 0.027342539280653 0.0276050008833408 0.027674350887537 0.0273851901292801 0.0274629294872284 0.0276327896863222 0.027480399236083
0.0250071100890636 0.0250997003167868 0.0251543391495943 0.0253369305282831 0.0254269801080227 0.0255200602114201 0.0255038198083639 0.0254377909004688 0.025422390550375 0.0253917295485735 0.0254541896283627 0.0255893208086491 0.0256100092083216 0.0256607998162508 0.0257687494158745 0.0258951205760241 0.0258609503507614 0.025721600279212 0.0255517493933439 0.0254368893802166 0.0255097895860672 0.0257043708115816 0.02588751912117 0.0256993398070335 0.0256371702998877 0.0258587598800659 0.0255011506378651 0.0257498994469643 0.0257254093885422 0.026236979290843 0.0267703402787447 0.0270343106240034 0.0273145493119955 0.0272953994572163 0.0273907091468573 0.0274343099445105 0.0275373291224241 0.0277605801820755 0.0280784796923399 0.0277682207524776 0.0276364907622337 0.0279083997011185 0.0280757509171963 0.0280187390744686
0.02500488050282 0.025028059259057 0.0250664204359055 0.0251192096620798 0.0250802505761385 0.0251717194914818 0.0251433495432138 0.0250625908374786 0.0250402595847845 0.0250255893915892 0.0250908192247152 0.0251670498400927 0.0252559091895819 0.0254004392772913 0.0255988501012325 0.0259543601423502 0.0258465092629194 0.0256116408854723 0.0254701599478722 0.0254414808005095 0.0255929604172707 0.0258080791682005 0.0260123703628778 0.0257043596357107 0.0258307196199894 0.025557029992342 0.0256209503859282 0.0263301897794008 0.0262928493320942 0.0266619604080915 0.0269539598375559 0.0271098800003529 0.0274052508175373 0.0276159103959799 0.0277515593916178 0.0278198104351759 0.0279913302510977 0.0280716307461262 0.0283521600067616 0.0281719099730253 0.0281829200685024 0.0282096806913614 0.0283365193754435 0.0284586306661367
