ENMTML/All_vars/Predictors/EUR_only/bio4.asc
NCOLS 411 
NROWS 214 
XLLCORNER -11.5 
YLLCORNER 35.666666666112 
CELLSIZE 0.166666666666667 
NODATA_value -3.4e+38 
[rows 180 to 199 of 214, columns 270 to 314 of 411]
0.024449210613966 0.0245242696255445 0.0245861392468214 0.0246370509266853 0.0245924107730389 0.0246360395103693 0.0242804307490587 0.0235063992440701 0.022603889927268 0.022944949567318 0.0219899993389845 0.0217895898967981 0.022155249491334 0.0229280702769756 0.0223044995218515 0.0217797998338938 0.0201030001044273 0.0196804404258728 0.0188822895288467 0.0188213605433702 0.0187423098832369 -3.4e+38 -3.4e+38 -3.4e+38 -3.4e+38 -3.4e+38 -3.4e+38 -3.4e+38 -3.4e+38 -3.4e+38 -3.4e+38 -3.4e+38 -3.4e+38 -3.4e+38 -3.4e+38 -3.4e+38 -3.4e+38 -3.4e+38 -3.4e+38 -3.4e+38 -3.4e+38 -3.4e+38 -3.4e+38 -3.4e+38 -3.4e+38
0.0248976498842239 0.0250076707452536 0.0250934604555368 0.0248752105981112 0.0243972893804312 0.0238181501626968 0.0234045498073101 0.0232657603919506 0.024036280810833 0.0240275897085667 0.0238026008009911 0.0232952199876308 0.022868599742651 0.0232310201972723 0.0231728907674551 0.0222514308989048 0.0220929495990276 0.0212114006280899 0.020021690055728 0.019653620198369 0.0196234695613384 0.0194026492536068 0.0191409606486559 0.0191617198288441 0.0191652197390795 0.0193434208631516 -3.4e+38 -3.4e+38 -3.4e+38 -3.4e+38 -3.4e+38 -3.4e+38 -3.4e+38 0.0196616295725107 0.0195509791374207 0.019935330376029 -3.4e+38 -3.4e+38 -3.4e+38 -3.4e+38 -3.4e+38 -3.4e+38 0.0200985204428434 0.0207458604127169 0.0218719393014908
0.0253678299486637 0.0254532806575298 0.0254001393914223 0.0252361390739679 0.0252307206392288 0.0249122399836779 0.024203909561038 0.0236585196107626 0.0232941191643476 0.0244451500475407 0.0244231894612312 0.0244883298873901 0.0239189099520445 0.0240010898560286 0.0240203104913235 0.0236335806548595 0.0230261292308569 0.0222191400825977 0.0214966498315334 0.0216153897345066 0.0218386091291904 0.0210724696516991 0.0204735398292542 0.0198115892708302 0.0199050698429346 0.0198804903775454 0.0197389908134937 0.0200357791036367 0.0197712704539299 0.0197564605623484 0.0200240798294544 0.020140390843153 0.0204752292484045 0.0220001190900803 0.0224535800516605 0.0232031997293234 0.0218941494822502 0.0210227407515049 0.0210602506995201 0.0206526108086109 0.02107816003263 0.0210938099771738 0.0234486404806376 0.0254449993371964 0.0260793101042509
0.0257903896272182 0.025808909907937 0.0258624199777842 0.0257029701024294 0.0254978500306606 0.024962930008769 0.0248134192079306 0.0242030005902052 0.0240789502859116 0.0245648100972176 0.0244285501539707 0.0241311192512512 0.0237510893493891 0.0240130592137575 0.0243781693279743 0.0238702408969402 0.0225776601582766 0.0217682104557753 0.0218780804425478 0.0224000196903944 0.02273029088974 0.0228419508785009 0.0223680604249239 0.0211457498371601 0.0211621895432472 0.021085150539875 0.0216943304985762 0.0224058106541634 0.0225471705198288 0.0219551492482424 0.0226381607353687 0.0231846999377012 0.0237676501274109 0.0243857800960541 0.0254308506846428 0.0259813107550144 0.0246263798326254 0.0255269892513752 0.0246144291013479 0.0251585505902767 0.0248759798705578 0.0264037102460861 0.0268001705408096 0.0269345995038748 0.0267585795372725
0.026250759139657 0.0262145698070526 0.0260616894811392 0.0256244298070669 0.0251299291849136 0.0245902501046658 0.0242127403616905 0.0247830990701914 0.0241005197167397 0.0247070901095867 0.024515500292182 0.0246391706168652 0.024325780570507 0.0242840107530355 0.0244277399033308 0.0242318194359541 0.0244849193841219 0.0240090098232031 0.0232070293277502 0.0225430894643068 0.02185277082026 0.023583909496665 0.0237875208258629 0.0232702791690826 0.0233059898018837 0.0228215102106333 0.0248648300766945 0.0253340899944305 0.0256382301449776 0.0250820592045784 0.0255735591053963 0.02634003944695 0.0265290401875973 0.0259850807487965 0.0258083809167147 0.0264333691447973 0.0270326901227236 0.0271743796765804 0.0271982904523611 0.027463810518384 0.0274397600442171 0.0274897199124098 0.0275209899991751 0.0274460799992085 0.027576670050621
0.0263529196381569 0.0261762291193008 0.0258426796644926 0.0254243891686201 0.025363689288497 0.0253485403954983 0.0251469109207392 0.0247011501342058 0.0243357997387648 0.0244455691426992 0.0245783608406782 0.0245374199002981 0.0244123004376888 0.0247421003878117 0.0247730892151594 0.0241103805601597 0.0245535597205162 0.0244607795029879 0.0244331005960703 0.0238917805254459 0.0234880093485117 0.0233780592679977 0.0233281794935465 0.0231361202895641 0.0243510194122791 0.0241906698793173 0.0252983495593071 0.0260963402688503 0.0265434291213751 0.0266877505928278 0.0266008991748095 0.0267386697232723 0.0272587798535824 0.0273928195238113 0.0270673409104347 0.0270542092621326 0.0272638499736786 0.0276017300784588 0.0278822295367718 0.0281709805130959 0.0285526793450117 0.0286692995578051 0.0288890209048986 0.0290907993912697 0.0288232304155827
0.0263443104922771 0.0263003502041101 0.0261469408869743 0.0256841797381639 0.0255933608859777 0.0256132297217846 0.0253927707672119 0.0251348204910755 0.0248181391507387 0.0248332004994154 0.0246121808886528 0.024654159322381 0.0248415991663933 0.0249242093414068 0.0244400799274445 0.0244625695049763 0.0244953408837318 0.0247909892350435 0.0248303208500147 0.0251293908804655 0.0251270495355129 0.0250294804573059 0.024754099547863 0.0247305706143379 0.0243357308208942 0.0246360804885626 0.0246575102210045 0.0248833000659943 0.0251320004463196 0.0261297393590212 0.0271629691123962 0.0274220891296864 0.0275388099253178 0.0275652296841145 0.0277140401303768 0.0278363507241011 0.0279578194022179 0.0281533692032099 0.0284800697118044 0.0288528595119715 0.0291524007916451 0.0291170608252287 0.0290153808891773 0.0289797708392143 0.0287891607731581
0.0264451894909143 0.0264611691236496 0.0263153295964003 0.0258511006832123 0.0257257297635078 0.0257886108011007 0.0254942495375872 0.0252235606312752 0.0249723698943853 0.024921640753746 0.0249697305262089 0.0249836090952158 0.0249074306339025 0.0251198802143335 0.0253200102597475 0.0253107994794846 0.0254038590937853 0.025393009185791 0.0256708990782499 0.0257911495864391 0.0259617101401091 0.0260861292481422 0.0258493293076754 0.0261309593915939 0.026296179741621 0.0265169199556112 0.0274387896060944 0.0269045997411013 0.0264293402433395 0.0269608590751886 0.027626059949398 0.0278069600462914 0.0280361603945494 0.0280906409025192 0.0281735491007566 0.0282135400921106 0.0283442195504904 0.0285257399082184 0.0287667103111744 0.0290503893047571 0.029071319848299 0.0293426606804132 0.0293729100376368 0.0295184291899204 0.0294365305453539
0.0264539401978254 0.02638228982687 0.0261911693960428 0.0259203799068928 0.0259824804961681 0.0258733592927456 0.0255589596927166 0.0252272393554449 0.0249917805194855 0.0249109491705894 0.0250492095947266 0.0251378398388624 0.0249778404831886 0.0250815898180008 0.0253188703209162 0.0255222804844379 0.0257471799850464 0.0259848199784756 0.026105210185051 0.026192219927907 0.0263387095183134 0.0264696199446917 0.0263835806399584 0.0261926595121622 0.0263953600078821 0.0267692394554615 0.0275203101336956 0.0280958209186792 0.0285560004413128 0.0287505406886339 0.0288030803203583 0.0288369506597519 0.0288818404078484 0.0288161002099514 0.0288306400179863 0.0287444107234478 0.0287925601005554 0.0289270207285881 0.0290141496807337 0.029514929279685 0.029850859194994 0.0299973394721746 0.0304423794150352 0.0307130496948957 0.0305521506816149
0.0264114197343588 0.0262421891093254 0.0260240901261568 0.0258757993578911 0.025635089725256 0.0255607403814793 0.0253429897129536 0.0251155104488134 0.0249491594731808 0.0248300097882748 0.024826979264617 0.0250350404530764 0.0252356398850679 0.0253431405872107 0.0256820302456617 0.0259298104792833 0.0260304696857929 0.0261881407350302 0.0262740701436996 0.0262739602476358 0.0265258308500051 0.0266941208392382 0.0265767704695463 0.0266711991280317 0.0269394498318434 0.027538139373064 0.0284655094146729 0.0289064608514309 0.0291503593325615 0.0292385295033455 0.0295045506209135 0.0295196995139122 0.0294746495783329 0.0293137393891811 0.0292403306812048 0.0293415207415819 0.029330100864172 0.0292136892676353 0.0292847007513046 0.0296176001429558 0.0304880607873201 0.0309110097587109 0.0307465903460979 0.0304259806871414 0.0304384306073189
0.0262021292001009 0.0259559992700815 0.0258881393820047 0.0259255692362785 0.0258610099554062 0.0254397299140692 0.0251983795315027 0.0250147506594658 0.0248022507876158 0.0247073005884886 0.0248181391507387 0.025037569925189 0.0254318993538618 0.0258989799767733 0.0261385403573513 0.0263712108135223 0.026257349178195 0.026159830391407 0.026181660592556 0.0262970700860023 0.0263736397027969 0.0264087095856667 0.0266837906092405 0.0272885505110025 0.0278355106711388 0.028360839933157 0.0290692094713449 0.0296267904341221 0.0298423208296299 0.0299432408064604 0.0299375895410776 0.0301281493157148 0.0299829598516226 0.0298459697514772 0.0297376606613398 0.0296057108789682 0.0296722892671824 0.0295009892433882 0.0293718203902245 0.0297930203378201 0.0303589291870594 0.0305793508887291 0.0310148503631353 0.0311054699122906 0.0315408706665039
0.0259849596768618 0.0257373806089163 0.0258595105260611 0.0258069392293692 0.0256993900984526 0.0254283808171749 0.025137759745121 0.0248331297188997 0.0246606208384037 0.0247076191008091 0.0249837208539248 0.0251158606261015 0.0256415791809559 0.0261365994811058 0.026376660913229 0.0264229495078325 0.0263537801802158 0.0262187905609608 0.0262801703065634 0.0262366998940706 0.0261961799114943 0.0262739807367325 0.0269749406725168 0.0275816805660725 0.0280573405325413 0.0285816993564367 0.0293218605220318 0.0298880394548178 0.0303724594414234 0.0304302293807268 0.0305892508476973 0.0305683892220259 0.0300142206251621 0.0300555508583784 0.0302919205278158 0.0300026703625917 0.0298348907381296 0.0297511592507362 0.0297418609261513 0.0301498305052519 0.0306127890944481 0.0311534591019154 0.0312940813601017 0.0314778983592987 0.0314316004514694
0.025917349383235 0.0258306097239256 0.0258250497281551 0.025718480348587 0.0255746506154537 0.025243790820241 0.0249632708728313 0.0246787499636412 0.02454774081707 0.0245884191244841 0.0247042700648308 0.0252070408314466 0.0258387792855501 0.0263008698821068 0.0262932702898979 0.0263577997684479 0.0264847800135612 0.0264408495277166 0.0264631193131208 0.0263738092035055 0.0265425704419613 0.0265688803046942 0.0268349293619394 0.0272768307477236 0.0281145200133324 0.0292233806103468 0.0300269592553377 0.0304478500038385 0.0310487095266581 0.0312894694507122 0.0313726700842381 0.031009629368782 0.0306993406265974 0.030859500169754 0.0305719207972288 0.0307055599987507 0.0304437093436718 0.0305287502706051 0.0303240790963173 0.0307346396148205 0.0313897989690304 0.0318204388022423 0.0318659693002701 0.0317187011241913 0.0321533717215061
0.0259399395436049 0.025784570723772 0.0256934501230717 0.0255982000380754 0.0254489202052355 0.0251489393413067 0.0248760897666216 0.0246045496314764 0.0245066992938519 0.0245413891971111 0.0248805396258831 0.0254020392894745 0.0259086508303881 0.026235980913043 0.0263558998703957 0.0265624392777681 0.0266441404819489 0.0266458205878735 0.0265844091773033 0.0266454797238111 0.0267591997981071 0.0269045997411013 0.0271127503365278 0.0277292095124722 0.0286538396030664 0.0294665396213531 0.0301586203277111 0.0306965596973896 0.0315294004976749 0.0319125801324844 0.0321360900998116 0.0317906700074673 0.0317551493644714 0.0314777903258801 0.0310557205229998 0.0317553989589214 0.0321555808186531 0.0313525497913361 0.0317004881799221 0.0316483899950981 0.031605739146471 0.0320924483239651 0.0322267599403858 0.0327922888100147 0.032395251095295
0.0259463805705309 0.0259718392044306 0.0257769301533699 0.0255874209105968 0.0253289602696896 0.0249602403491735 0.024655370041728 0.0244101490825415 0.0245182793587446 0.0245978701859713 0.0249573700129986 0.0255189593881369 0.0260198004543781 0.0263607800006866 0.0266104191541672 0.0267635602504015 0.0268449392169714 0.0267519298940897 0.0266955103725195 0.0268539600074291 0.0271430891007185 0.0275121405720711 0.0278396904468536 0.028140539303422 0.0288554299622774 0.0297309998422861 0.0305426400154829 0.0311308298259974 0.0318570509552956 0.0322526507079601 0.0324428305029869 0.0320454090833664 0.0319463983178139 0.0321247987449169 0.0321165286004543 0.0319125205278397 0.0326795391738415 0.032309278845787 0.0322070904076099 0.0322569906711578 0.0320770107209682 0.0327577404677868 0.0331677906215191 0.0334686487913132 0.0336851216852665
0.0258095301687717 0.0258813593536615 0.0259085707366467 0.0256464406847954 0.0253819990903139 0.0248980596661568 0.0244712308049202 0.0241310596466064 0.0241194907575846 0.0244932807981968 0.0250561591237783 0.0255994405597448 0.0261104591190815 0.0266014393419027 0.0268135108053684 0.0267939995974302 0.0268307495862246 0.0268043708056211 0.0268948096781969 0.027448320761323 0.0273285806179047 0.0275484900921583 0.0278746597468853 0.0284627303481102 0.0292244292795658 0.029954869300127 0.0307681895792484 0.0315096601843834 0.032038901001215 0.0318876504898071 0.0324359312653542 0.0325126014649868 0.0325528904795647 0.0324312783777714 0.0324306301772594 0.0325467810034752 0.032617099583149 0.032621331512928 0.0325199104845524 0.0325828790664673 0.0327446088194847 0.0331111811101437 0.0334507599473 0.0333511009812355 0.0327747687697411
0.0257827900350094 0.0258310604840517 0.0259209703654051 0.0257807597517967 0.0254664793610573 0.024976909160614 0.0245305802673101 0.0243885293602943 0.0243820492178202 0.0250451993197203 0.0252134799957275 0.0264102108776569 0.0265659708529711 0.0267652701586485 0.0268960501998663 0.0268201902508736 0.0267295893281698 0.0269190706312656 0.0270056501030922 0.0270348992198706 0.0273107700049877 0.0279093198478222 0.0282716900110245 0.0286705307662487 0.0293481200933456 0.0302086602896452 0.0309808906167746 0.0315835289657116 0.0317368991672993 0.0321328490972519 0.0327863395214081 0.0326771512627602 0.0325634181499481 0.0326358713209629 0.032423559576273 0.0324548594653606 0.0325469709932804 0.0326609387993813 0.0327669493854046 0.032664630562067 0.0330132506787777 0.0332453288137913 0.0335206985473633 0.0335756689310074 0.0335521101951599
0.0258022602647543 0.0258172191679478 0.025933800265193 0.0259688794612885 0.0256231091916561 0.0251259002834558 0.0249981805682182 0.0248201694339514 0.0250664800405502 0.024949299171567 0.0251922104507685 0.0259716100990772 0.0264643002301455 0.0268088895827532 0.026841189712286 0.0268467608839273 0.0269951391965151 0.0266868304461241 0.0271666496992111 0.0270667690783739 0.0271320194005966 0.0276345405727625 0.0282184593379498 0.0289400592446327 0.0295633394271135 0.0303550306707621 0.0311438702046871 0.0317919589579105 0.0322871208190918 0.0323709212243557 0.0324483886361122 0.0324165299534798 0.0325498692691326 0.0325445793569088 0.0325554497539997 0.0326940789818764 0.0327865891158581 0.0327831394970417 0.0327901691198349 0.0328953005373478 0.0328361615538597 0.0329909510910511 0.0331962108612061 0.033034909516573 0.0330792888998985
0.0257885605096817 0.025825809687376 0.0259851906448603 0.0259476806968451 0.0256238393485546 0.0255449004471302 0.0252986699342728 0.0249210800975561 0.0250664092600346 0.0250908099114895 0.0252415891736746 0.0257776901125908 0.0263698995113373 0.0265895593911409 0.0267726592719555 0.0268737394362688 0.0266903806477785 0.0267467200756073 0.0274233594536781 0.027242049574852 0.0272675603628159 0.0276743695139885 0.0282544195652008 0.0290279407054186 0.0297674294561148 0.0303155202418566 0.0311615504324436 0.0317892804741859 0.0322804488241673 0.0321566797792912 0.0325676798820496 0.0324698686599731 0.0324486494064331 0.0323944687843323 0.032521340996027 0.0325514003634453 0.0325362607836723 0.0326701104640961 0.0327628701925278 0.0327142886817455 0.0325850583612919 0.0325882695615292 0.0328302010893822 0.0330531410872936 0.0331967994570732
0.0258757993578911 0.0258861891925335 0.0258403401821852 0.0258604194968939 0.0258018299937248 0.0257997903972864 0.0258616209030151 0.02522799000144 0.0253191497176886 0.0255935005843639 0.0259754601866007 0.0259929597377777 0.0262956507503986 0.0266519505530596 0.0267705805599689 0.0267862994223833 0.0268983598798513 0.0270722694694996 0.0271547809243202 0.0274016391485929 0.027746519073844 0.0280310697853565 0.0286501403898001 0.0292754508554935 0.0298599693924189 0.0304667595773935 0.031127730384469 0.0313321202993393 0.0318540595471859 0.0321192294359207 0.0324575006961823 0.0325446389615536 0.0323747918009758 0.0321879014372826 0.0319084301590919 0.0318607799708843 0.0320382490754128 0.0321544818580151 0.0322244018316269 0.0322905592620373 0.0322115197777748 0.0322370305657387 0.0322638489305973 0.032138891518116 0.0321790091693401
