ENMTML/All_vars/Predictors/EUR_only/bio4.asc
NCOLS 411 
NROWS 214 
XLLCORNER -11.5 
YLLCORNER 35.666666666112 
CELLSIZE 0.166666666666667 
NODATA_value -3.4e+38 
[rows 140 to 159 of 214, columns 90 to 134 of 411]
0.0200720801949501 0.0201381798833609 0.0201445892453194 0.0202565602958202 0.0202768705785275 0.0203900597989559 0.0204666294157505 0.0205730795860291 0.0206766203045845 0.0208182297646999 0.0210099704563618 0.021161999553442 0.0211591199040413 0.0211510006338358 0.0211698394268751 0.0211507491767406 0.0212371200323105 0.0213165692985058 0.021447429433465 0.0214335191994905 0.0212136898189783 0.0211824495345354 0.0217300802469254 0.0217965301126242 0.0218499507755041 0.0218667890876532 0.0210593901574612 0.0207327101379633 0.0209604296833277 0.0215277299284935 0.0217273496091366 0.0219981297850609 0.0222463794052601 0.0224144104868174 0.0225393902510405 0.0227390509098768 0.0229533892124891 0.0229684300720692 0.0228696502745152 0.0227882601320744 0.0225926898419857 0.022337419912219 0.0224327594041824 0.022404320538044 0.0224912595003843
0.020154470577836 0.0201748106628656 0.0202404893934727 0.0203562695533037 0.0204339995980263 0.0205137208104134 0.0206471905112267 0.0208034906536341 0.020946379750967 0.0211053900420666 0.0212932601571083 0.0213537495583296 0.0213659591972828 0.0213165991008282 0.0213027093559504 0.0212897304445505 0.021276269108057 0.021446680650115 0.0217467099428177 0.0217154994606972 0.0218039397150278 0.0218537002801895 0.021785069257021 0.0216245204210281 0.021639209240675 0.021212549880147 0.0209076795727015 0.0206598006188869 0.0211740098893642 0.0216933693736792 0.0218523200601339 0.0222702398896217 0.0224632006138563 0.0226798392832279 0.0228515192866325 0.0229563098400831 0.0231698993593454 0.0230309404432774 0.0229248106479645 0.0226063691079617 0.0223673805594444 0.0222358107566833 0.0222885701805353 0.0222904607653618 0.0224049296230078
0.0201030299067497 0.0201692990958691 0.0202743802219629 0.0203976295888424 0.0205072797834873 0.0206909608095884 0.02081716991961 0.020988630130887 0.0211557801812887 0.0213880594819784 0.0214852690696716 0.0214885901659727 0.0215029008686543 0.0214757397770882 0.0214081108570099 0.0214172508567572 0.0214674398303032 0.021612549200654 0.0218378398567438 0.0221063606441021 0.0222404003143311 0.0220071692019701 0.0217641200870275 0.0215795002877712 0.0215526595711708 0.0216369293630123 0.0215624403208494 0.0216269791126251 0.0219335500150919 0.0220035407692194 0.022164560854435 0.0222572293132544 0.0224269106984138 0.0226282197982073 0.0229130107909441 0.0231763496994972 0.0233197696506977 0.0230723191052675 0.0228313002735376 0.0224535390734673 0.0224398802965879 0.0220962800085545 0.0221159998327494 0.0221473108977079 0.0216962806880474
0.0199928004294634 0.0201093200594187 0.0201912298798561 0.0203734897077084 0.0205857791006565 0.0207327008247375 0.020916860550642 0.0211094804108143 0.0213211700320244 0.0216363407671452 0.0216835793107748 0.0217008106410503 0.0216398891061544 0.0215640403330326 0.0214553195983171 0.0214797891676426 0.0215974096208811 0.0217292793095112 0.021880840882659 0.0219869893044233 0.0219499301165342 0.0217813104391098 0.0215521100908518 0.0215075891464949 0.0213935803622007 0.0213603805750608 0.0214962903410196 0.0217522792518139 0.0218874998390675 0.0218680705875158 0.0219774506986141 0.0220273397862911 0.021982790902257 0.0223430991172791 0.0224405098706484 0.0225361809134483 0.0230300594121218 0.0227293092757463 0.022515419870615 0.0216742604970932 0.0221476908773184 0.0211088806390762 0.0215433705598116 0.0215135794132948 0.0215305406600237
0.0199129693210125 0.0200658198446035 0.0201254095882177 0.020248930901289 0.0205402206629515 0.0208253003656864 0.0210360400378704 0.0212625209242105 0.0215470399707556 0.021883200854063 0.021873090416193 0.0217984691262245 0.0217387806624174 0.0216418206691742 0.0215858407318592 0.0215547196567059 0.0216250494122505 0.021656459197402 0.0216364208608866 0.021687850356102 0.021494509652257 0.0212774109095335 0.0212471708655357 0.0212920997291803 0.0213704500347376 0.0216067600995302 0.0216029305011034 0.0215416196733713 0.0215319208800793 0.0218328405171633 0.0217427592724562 0.0219567995518446 0.0219534002244473 0.0216833595186472 0.0213543102145195 0.0215371996164322 0.0228027291595936 0.0219353996217251 0.0210450999438763 0.0204549394547939 0.0203966107219458 0.0204512104392052 0.0206112992018461 0.0218025092035532 0.0218334402889013
0.0198234207928181 0.0200864691287279 0.0201604105532169 0.0202826801687479 0.0206492096185684 0.0209748204797506 0.0211723707616329 0.0213877391070127 0.0217402391135693 0.0218758601695299 0.0219493694603443 0.0218851193785667 0.0218064896762371 0.0217758100479841 0.0216367803514004 0.0216780193150043 0.0216529201716185 0.0215586107224226 0.0215028394013643 0.0213332194834948 0.0213966406881809 0.0214742291718721 0.0217941999435425 0.0217159409075975 0.0216811709105968 0.0214034095406532 0.0212439503520727 0.0214652605354786 0.0215919706970453 0.0217174291610718 0.0212778300046921 0.0208352096378803 0.020659489557147 0.0210332497954369 0.0204297807067633 0.0215488094836473 0.0208924897015095 0.0202926695346832 0.0213321708142757 0.0200656000524759 0.0195991992950439 0.02030199021101 0.0210984703153372 0.0205649808049202 0.0203911494463682
0.0199279692023993 0.0201514903455973 0.0202835891395807 0.0204527508467436 0.0208222195506096 0.0210188291966915 0.0212813708931208 0.021547919139266 0.0217667501419783 0.021899439394474 0.0219798106700182 0.0219709407538176 0.0218836795538664 0.0218524299561977 0.0216753799468279 0.0216339807957411 0.0216550603508949 0.0215183794498444 0.0214002002030611 0.0216730404645205 0.0219665002077818 0.0219600591808558 0.0218688305467367 0.0217506997287273 0.0216146297752857 0.0213134493678808 0.020936319604516 0.0206762701272964 0.021024189889431 0.020653560757637 0.0208504106849432 0.0201111305505037 0.0194494891911745 0.0197099391371012 0.0192140396684408 0.0199032705277205 0.0215313006192446 0.0206798408180475 0.0198116097599268 0.0192594900727272 0.0190801899880171 0.0200447496026754 0.0200538299977779 0.0187045708298683 0.0190042797476053
0.0199747104197741 0.020236199721694 0.0203926507383585 0.0206937100738287 0.0208870992064476 0.0211658794432878 0.0213608406484127 0.0216256007552147 0.0218043699860573 0.0219224207103252 0.0219769403338432 0.0220053493976593 0.0219454690814018 0.0218402296304703 0.0218073707073927 0.0216151103377342 0.0215777903795242 0.0216203201562166 0.0220129396766424 0.0219742301851511 0.0219359397888184 0.0218531899154186 0.0215208996087313 0.0211258195340633 0.0216967202723026 0.02116266079247 0.0208154208958149 0.0205106697976589 0.0202760193496943 0.0192919708788395 0.0197035204619169 0.0193691402673721 0.0193401202559471 0.0199270900338888 0.0205988008528948 0.0211628191173077 0.0200807005167007 0.019604729488492 0.0188219100236893 0.019299840554595 0.0198158193379641 0.019476180896163 0.0204632300883532 0.0186565704643726 0.0191351901739836
0.0201332792639732 0.020339360460639 0.0205524303019047 0.0207624398171902 0.0209786705672741 0.021199369803071 0.0214470196515322 0.0216519702225924 0.0218550693243742 0.0219564903527498 0.0220069102942944 0.0220048893243074 0.021943299099803 0.0219300501048565 0.0217338409274817 0.0216026194393635 0.0215029902756214 0.022056870162487 0.0222069900482893 0.022061949595809 0.0218411590903997 0.0215604603290558 0.0209763906896114 0.0209046695381403 0.0207988098263741 0.0205482803285122 0.0200161002576351 0.0188848692923784 0.0192344095557928 0.0190127994865179 0.0196614190936089 0.0193350501358509 0.0194387398660183 0.018848380073905 0.0192154198884964 0.0195064805448055 0.0197230204939842 0.0188324004411697 0.019056610763073 0.0190917700529099 0.019354309886694 0.0196126494556665 0.0205147098749876 0.0207750592380762 0.0212019197642803
0.0202676393091679 0.0203972402960062 0.0206706002354622 0.020859619602561 0.0210731104016304 0.0212458707392216 0.0214813891798258 0.0216644499450922 0.0218839701265097 0.0219955295324326 0.0220851991325617 0.022009739652276 0.0220321901142597 0.0219366792589426 0.0217821691185236 0.0217058602720499 0.0222194399684668 0.0224503893405199 0.0224141199141741 0.022155299782753 0.0220546200871468 0.0213233903050423 0.0209243707358837 0.0203119497746229 0.019932959228754 0.0194937996566296 0.0190395191311836 0.0197172295302153 0.0195359401404858 0.0194340404123068 0.0202260799705982 0.0200999602675438 0.0207613408565521 0.0195247307419777 0.0196138899773359 0.0195399504154921 0.0192131698131561 0.0189464297145605 0.0185149796307087 0.0191484298557043 0.0194388292729855 0.0200605392456055 0.0185488797724247 0.0195490401238203 0.0212850496172905
0.0203229300677776 0.0204168800264597 0.0206923708319664 0.0208986103534698 0.0210498105734587 0.0211109891533852 0.0214082598686218 0.02171590924263 0.0218879599124193 0.0220430493354797 0.0221405997872353 0.0221148002892733 0.0220780093222857 0.0218772292137146 0.0218208208680153 0.0222964398562908 0.0225111898034811 0.0222403407096863 0.0218842104077339 0.0214540306478739 0.0219484101980925 0.0213170293718576 0.0212653893977404 0.0214083306491375 0.0208724197000265 0.0203125905245543 0.0204623099416494 0.0198978409171104 0.0205505900084972 0.020444929599762 0.0208117291331291 0.021122170612216 0.0209077000617981 0.0210276301950216 0.02055699005723 0.0217849295586348 0.0201466493308544 0.0198809504508972 0.0204833801835775 0.0211008507758379 0.0215924996882677 0.0204649306833744 0.0195607002824545 0.0208744499832392 0.0209893491119146
0.0202149003744125 0.0202257595956326 0.0206795707345009 0.0209568198770285 0.0210563000291586 0.0211430992931128 0.0214133895933628 0.0218062307685614 0.0219424609094858 0.0220973007380962 0.0221670009195805 0.0221510007977486 0.0219497196376324 0.0219841096550226 0.0222882907837629 0.0223730690777302 0.0224395394325256 0.0223449300974607 0.0222573392093182 0.0216297898441553 0.0208616200834513 0.0217626597732306 0.0208578202873468 0.0197979398071766 0.0191346295177937 0.0190701503306627 0.0186328291893005 0.0197845809161663 0.0219892598688602 0.0211514309048653 0.0213442891836166 0.0219871494919062 0.021635539829731 0.0212637707591057 0.022046510130167 0.021748399361968 0.0214621108025312 0.0211151596158743 0.0209492202848196 0.0209484491497278 0.0213323403149843 0.0210409201681614 0.0195638593286276 0.0227135792374611 0.0227486006915569
0.0201415698975325 0.0200741495937109 0.0204960498958826 0.0208859890699387 0.0210267994552851 0.0211830493062735 0.0215084906667471 0.0218331292271614 0.021961810067296 0.022148359566927 0.0222423505038023 0.022208459675312 0.0220258701592684 0.0222014505416155 0.0224496498703957 0.022563349455595 0.02221504971385 0.0218602698296309 0.0218947399407625 0.0215842705219984 0.0202351808547974 0.0201079696416855 0.0198292192071676 0.0194091107696295 0.0192969907075167 0.0188470203429461 0.0192570593208075 0.0209187008440495 0.0214489493519068 0.0223974101245403 0.0229611098766327 0.0225000698119402 0.0223242696374655 0.0220965705811977 0.0225243698805571 0.0222112499177456 0.0222604293376207 0.0220400597900152 0.0225437395274639 0.0226279199123383 0.0229060407727957 0.021014429628849 0.0224958006292582 0.0229843594133854 0.0243995394557714
0.0202836208045483 0.019953329116106 0.0204424392431974 0.0209847595542669 0.0211500395089388 0.0211722403764725 0.0214228108525276 0.0217742994427681 0.0220256708562374 0.022180650383234 0.0222645904868841 0.0223512891680002 0.0223208907991648 0.0224292408674955 0.0225082896649837 0.0223220307379961 0.0222220309078693 0.0223307497799397 0.0217615608125925 0.0207171905785799 0.0208055898547173 0.0210091695189476 0.0217351503670216 0.0211841594427824 0.021447729319334 0.0208042208105326 0.0204657800495625 0.0215563606470823 0.0227727796882391 0.0233017597347498 0.0237216297537088 0.0236141309142113 0.0233849007636309 0.0234863199293613 0.0238293800503016 0.0239387601613998 0.023955250158906 0.0240949206054211 0.0240424107760191 0.024282980710268 0.0235442705452442 0.0238355696201324 0.0238470900803804 0.024273969233036 0.0235588196665049
0.0198342893272638 0.0201381593942642 0.019885590299964 0.0208772104233503 0.021167129278183 0.0211212802678347 0.0214048400521278 0.0217591691762209 0.0220181997865438 0.0220757201313972 0.0222574304789305 0.0223037991672754 0.0224018394947052 0.0223100800067186 0.0224731005728245 0.0223239101469517 0.0225737690925598 0.0222012307494879 0.0215304493904114 0.0216061491519213 0.0205786302685738 0.0201964899897575 0.0199991595000029 0.0197663903236389 0.0204144902527332 0.0219342894852161 0.0220282301306725 0.0234736297279596 0.0240578204393387 0.0241871904581785 0.0243810005486012 0.0245504602789879 0.0245297998189926 0.0247964896261692 0.0249656904488802 0.0248774904757738 0.0249895993620157 0.0250598601996899 0.0252616498619318 0.025289710611105 0.0251180995255709 0.0251990593969822 0.0252200197428465 0.02492062933743 0.0246462393552065
0.0197428204119205 0.0202322509139776 0.0201362799853086 0.0206091608852148 0.0210001803934574 0.0210006199777126 0.0211526602506638 0.021785220131278 0.0219374094158411 0.0220428500324488 0.0221337992697954 0.0221861600875854 0.0222459901124239 0.0220991894602776 0.0220478791743517 0.0223763398826122 0.0219939108937979 0.0213311593979597 0.0215382091701031 0.0205678604543209 0.0201948191970587 0.0197960697114468 0.0205221697688103 0.0211955700069666 0.0223156306892633 0.0236487798392773 0.0244426596909761 0.0243594702333212 0.0244938600808382 0.0245066192001104 0.0246189292520285 0.0247951801866293 0.0248911697417498 0.0253172591328621 0.0254084095358849 0.0253424998372793 0.0255186706781387 0.0256731305271387 0.0258029792457819 0.0258327908813953 0.0258396193385124 0.025700880214572 0.0255420599132776 0.0253586806356907 0.0247724894434214
0.0199210494756699 0.0199061594903469 0.0203654002398252 0.0207345597445965 0.0207322891801596 0.0206208303570747 0.0211211796849966 0.0217146798968315 0.0218975208699703 0.0219609104096889 0.0219946596771479 0.0221185497939587 0.021873040124774 0.0219243708997965 0.0220133699476719 0.0209071692079306 0.0213590208441019 0.0215781405568123 0.0205807704478502 0.0206390004605055 0.0204282496124506 0.0200138092041016 0.0209409799426794 0.0223980396986008 0.0241937097162008 0.0248491894453764 0.0248390808701515 0.0247234795242548 0.0245179701596498 0.0244186706840992 0.0243793092668056 0.024479579180479 0.0247051902115345 0.0249399095773697 0.0251801293343306 0.0254935007542372 0.0258237794041634 0.0260743908584118 0.0261636693030596 0.0261023491621017 0.0260490197688341 0.0258974395692348 0.0257412604987621 0.0255236700177193 0.0252252891659737
0.0199993103742599 0.0200147107243538 0.0204709898680449 0.0202855002135038 0.0204002298414707 0.0206077396869659 0.0210946891456842 0.0216187108308077 0.0218732003122568 0.0219365805387497 0.0220150090754032 0.0215612091124058 0.0213960707187653 0.0220002494752407 0.0211166199296713 0.0211312305182219 0.0203985702246428 0.0203490797430277 0.0203596390783787 0.0207068491727114 0.0208922307938337 0.0216415505856276 0.0222089700400829 0.0236987192183733 0.025208780542016 0.0251484308391809 0.0247422102838755 0.0245149191468954 0.0242555495351553 0.0239955205470324 0.0238903108984232 0.0238304007798433 0.024013040587306 0.0243309997022152 0.024701189249754 0.0252751801162958 0.0258963294327259 0.0263336598873138 0.0263315308839083 0.0262600593268871 0.0261091291904449 0.0259820204228163 0.0258178506046534 0.0256359297782183 0.0254544392228127
0.0196394193917513 0.0197761002928019 0.0200941096991301 0.0199069995433092 0.0201298706233501 0.0207792706787586 0.0211930498480797 0.0214385502040386 0.0218336507678032 0.0216485299170017 0.0212037190794945 0.0209411401301622 0.021226329728961 0.0216946396976709 0.0212048906832933 0.0204463396221399 0.019928390160203 0.0200870893895626 0.0208196491003036 0.02065834030509 0.0201398506760597 0.0208904407918453 0.0224037505686283 0.024090189486742 0.0248199198395014 0.0249284002929926 0.0245939996093512 0.0242478605359793 0.0237615797668695 0.0234009101986885 0.0231130998581648 0.0229871794581413 0.0230763498693705 0.0232346504926682 0.0234538801014423 0.0241256393492222 0.025289399549365 0.0261220093816519 0.0260847397148609 0.0259596891701221 0.0259583406150341 0.0258232392370701 0.0257325507700443 0.0255388505756855 0.0255773793905973
0.0191403403878212 0.0196643602102995 0.0196777805685997 0.0197838805615902 0.020291930064559 0.0207826402038336 0.0212472900748253 0.0216411408036947 0.0216626599431038 0.0215956103056669 0.0214891396462917 0.0211732499301434 0.0208813603967428 0.0210814997553825 0.0210596509277821 0.0210824403911829 0.0205189492553473 0.0200932491570711 0.0209849309176207 0.0204040091484785 0.0201045703142881 0.0204109102487564 0.0220319200307131 0.0233414992690086 0.0236718505620956 0.0237705390900373 0.0235993694514036 0.0234566498547792 0.0229578707367182 0.0224716495722532 0.0221182405948639 0.0218827202916145 0.0218468196690083 0.0218317694962025 0.0217519793659449 0.0225454401224852 0.0231148600578308 0.0236564092338085 0.0246023405343294 0.0250793807208538 0.0253071207553148 0.025341859087348 0.0253097098320723 0.0252862107008696 0.0254094507545233
