ENMTML/All_vars/Predictors/EUR_only/bio4.asc
NCOLS 440 
NROWS 275 
XLLCORNER -11.5 
YLLCORNER 25.4999999994691 
CELLSIZE 0.166666666666667 
NODATA_value -3.4e+38 
[rows 120 to 139 of 275, columns 352 to 395 of 440]
0.042552288621664 0.0427021309733391 0.0428668595850468 0.0430537909269333 0.0432473197579384 0.0433395802974701 0.0434918515384197 0.0436598211526871 0.0437427908182144 0.0438862293958664 0.04402244836092 0.0441548004746437 0.044258289039135 0.0443300418555737 0.0444701202213764 0.0445418618619442 0.0446791797876358 0.0446576587855816 0.0448423586785793 0.0448906905949116 0.0449603796005249 0.0449308007955551 0.0449457988142967 0.0450262315571308 0.0450563989579678 0.0448562912642956 0.0449556894600391 0.0450430884957314 0.0451521202921867 0.0452024303376675 0.0452595092356205 0.0453496687114239 0.0454120188951492 0.0453960485756397 0.0454770810902119 0.0455683209002018 0.0455484800040722 0.0456127412617207 0.0456378795206547 0.0456073917448521 0.0456458106637001 0.0456700995564461 0.0458033196628094 0.0458641909062862
0.0425918288528919 0.0427582301199436 0.0429503507912159 0.0430943705141544 0.0432477481663227 0.0434047915041447 0.0435602515935898 0.043708860874176 0.0438607707619667 0.0439587011933327 0.0441067293286324 0.0442512184381485 0.0443378686904907 0.0445201694965363 0.0445472002029419 0.0446195192635059 0.0447032190859318 0.0448293313384056 0.0448961481451988 0.0449306406080723 0.04497279971838 0.0449911095201969 0.0450731217861176 0.0451124012470245 0.0451271384954453 0.0450439900159836 0.0450630597770214 0.0451608709990978 0.045230109244585 0.045315109193325 0.0454184114933014 0.0454834699630737 0.0455515086650848 0.0455578602850437 0.0455984808504581 0.0455884486436844 0.0457657799124718 0.0457946881651878 0.0457742102444172 0.0457687191665173 0.045789610594511 0.045792318880558 0.0458795912563801 0.0459077395498753
0.0426218397915363 0.0427605696022511 0.0429618507623672 0.0431105606257915 0.0433431789278984 0.0434771813452244 0.0436175800859928 0.0437447987496853 0.0439642705023289 0.0440419688820839 0.044203981757164 0.0443379506468773 0.0444941110908985 0.0445310287177563 0.0446124486625195 0.0446940511465073 0.0447970703244209 0.0448821298778057 0.0449026003479958 0.044963788241148 0.0450348816812038 0.0451180413365364 0.0451432392001152 0.0451991185545921 0.045215331017971 0.0451835617423058 0.0452169887721539 0.0453021712601185 0.045370239764452 0.0454376898705959 0.0455102287232876 0.0456025712192059 0.0456774607300758 0.0456996709108353 0.045703649520874 0.0457349009811878 0.0458155609667301 0.0459051504731178 0.0459427796304226 0.0458829514682293 0.0459034107625484 0.0459428802132607 0.0459612309932709 0.0459568798542023
0.0426369495689869 0.0428596995770931 0.0429822504520416 0.0431500785052776 0.0433901809155941 0.0434987917542458 0.0436581298708916 0.0438506789505482 0.0440644808113575 0.044151209294796 0.0442420393228531 0.0443635210394859 0.0444779396057129 0.0445937812328339 0.0446603894233704 0.0447264797985554 0.0448448099195957 0.0449189208447933 0.0450047813355923 0.0450156815350056 0.0451257303357124 0.0451653301715851 0.0452315211296082 0.0452808700501919 0.045289408415556 0.0453593209385872 0.0453871302306652 0.0454440414905548 0.045524250715971 0.0455667488276958 0.0456054694950581 0.0456717908382416 0.0457269698381424 0.0458224788308144 0.0459095612168312 0.0459230691194534 0.0459634810686111 0.0459797605872154 0.0460236109793186 0.0460754111409187 0.0460614189505577 0.0460916310548782 0.046087559312582 0.046156719326973
0.0427323207259178 0.042841050773859 0.0429907701909542 0.0431851781904697 0.0434034503996372 0.0435743406414986 0.0437428988516331 0.0439134798943996 0.044071938842535 0.0441692210733891 0.0442575588822365 0.0443885698914528 0.044501468539238 0.0446767695248127 0.0447367615997791 0.0448507405817509 0.0448779389262199 0.0450208410620689 0.045059759169817 0.0451524890959263 0.0452006496489048 0.0452502816915512 0.0453346706926823 0.0453666895627975 0.0454155318439007 0.0454734899103642 0.0454962514340878 0.0455351211130619 0.0455841310322285 0.0456436090171337 0.0457167997956276 0.0457520000636578 0.0458270497620106 0.0458794683218002 0.0459556989371777 0.0460312701761723 0.0460851602256298 0.0460727699100971 0.0461079701781273 0.0461070612072945 0.0461699105799198 0.046219740062952 0.0462817400693893 0.0463321805000305
0.042736578732729 0.0428228490054607 0.0429918505251408 0.0431548804044724 0.0433644615113735 0.0435655415058136 0.0437367595732212 0.0438980907201767 0.0440617501735687 0.0442618615925312 0.0443781986832619 0.044525720179081 0.0446322187781334 0.0447383783757687 0.044801190495491 0.0448962301015854 0.044964861124754 0.045022901147604 0.0451026596128941 0.0451826490461826 0.0453079715371132 0.0453247018158436 0.0453791506588459 0.045453280210495 0.0455069988965988 0.0455550290644169 0.0455989502370358 0.0457154586911201 0.0457667708396912 0.0458168797194958 0.0458445698022842 0.0458598807454109 0.0459575988352299 0.0459594391286373 0.04604522138834 0.0460116490721703 0.0460974909365177 0.0461447909474373 0.0461581610143185 0.046249620616436 0.0462694205343723 0.046325609087944 0.0463826507329941 0.0464082807302475
0.0426503606140614 0.0428172685205936 0.043031070381403 0.0431598909199238 0.0433869585394859 0.043518390506506 0.0437385998666286 0.0439260490238667 0.0441492199897766 0.0442771501839161 0.0444071106612682 0.0444971285760403 0.044630479067564 0.0447578094899654 0.0448141284286976 0.04490727186203 0.0449852794408798 0.045073140412569 0.0451428517699242 0.0451900400221348 0.0453249290585518 0.0453344210982323 0.045443419367075 0.0455287210643291 0.0455614812672138 0.045700628310442 0.0457165688276291 0.0457904599606991 0.0458608902990818 0.0458765104413033 0.0459420494735241 0.0459768697619438 0.0459942296147346 0.0460636094212532 0.04611461982131 0.0461205616593361 0.0462078489363194 0.0462183281779289 0.0462617203593254 0.0462698116898537 0.046341210603714 0.0464300401508808 0.0464599393308163 0.0464875400066376
0.042615219950676 0.0428080894052982 0.0429534688591957 0.0431129112839699 0.0433397889137268 0.043540608137846 0.043687678873539 0.0439332686364651 0.0440930798649788 0.04417385160923 0.0443772710859776 0.0445142611861229 0.0446578115224838 0.0447356812655926 0.0448274090886116 0.0449210815131664 0.0449913218617439 0.0450704507529736 0.0451338291168213 0.0452373884618282 0.0453389212489128 0.0453877300024033 0.0454952009022236 0.045564878731966 0.0456329584121704 0.0456775911152363 0.0458312295377254 0.0458716116845608 0.0459024384617805 0.0459632314741611 0.0459819994866848 0.0460241883993149 0.0460972599685192 0.0461331605911255 0.046137660741806 0.0462320297956467 0.0462571196258068 0.0462988801300526 0.0463204681873322 0.046357948333025 0.0464517585933208 0.0464844182133675 0.0464846417307854 0.0465090200304985
0.0425722189247608 0.0427245497703552 0.0428829006850719 0.0430669412016869 0.0432424694299698 0.0434955917298794 0.043618481606245 0.0438537895679474 0.0440433286130428 0.0441840514540672 0.0443561710417271 0.0444980785250664 0.0446290783584118 0.0447123683989048 0.0448339395225048 0.044945240020752 0.0449725911021233 0.0450393408536911 0.0451455898582935 0.0451634004712105 0.0453305281698704 0.0454217717051506 0.04548180103302 0.0455848015844822 0.0456787496805191 0.0457802005112171 0.0458682700991631 0.045936930924654 0.0459799394011497 0.0460287295281887 0.0460621193051338 0.0460828505456448 0.0461328290402889 0.046207420527935 0.0462376102805138 0.0462576411664486 0.0463022701442242 0.0463423393666744 0.0463481396436691 0.0464331582188606 0.0464179888367653 0.0464726909995079 0.0465230606496334 0.0465789288282394
0.0425045192241669 0.042684979736805 0.0428019985556602 0.0429911985993385 0.0432237796485424 0.0433754585683346 0.0435485392808914 0.0437666699290276 0.0439062714576721 0.0441085211932659 0.0442691296339035 0.0444320701062679 0.0445364005863667 0.0447458997368813 0.0448459088802338 0.0448722615838051 0.0449760407209396 0.0450111292302608 0.0450696609914303 0.045226689428091 0.0453181602060795 0.0453871414065361 0.0454865917563438 0.0455812513828278 0.0457118898630142 0.045807521790266 0.0459275282919407 0.0460324808955193 0.0460980497300625 0.0461146384477615 0.0461360588669777 0.0461373291909695 0.0461539290845394 0.0462007187306881 0.0462596118450165 0.0462737083435059 0.0463091395795345 0.0463320314884186 0.0464093796908855 0.0464021489024162 0.0464669093489647 0.0464927405118942 0.0466143302619457 0.046673059463501
0.0423980988562107 0.0425647795200348 0.0427156202495098 0.0429226197302341 0.043019849807024 0.0432461090385914 0.0434563085436821 0.0436326786875725 0.0438103191554546 0.0439775809645653 0.0441512614488602 0.0442987494170666 0.0444136597216129 0.0446144081652164 0.0447330512106419 0.0448275506496429 0.0448895990848541 0.0449511110782623 0.0450434200465679 0.0451468788087368 0.0452796593308449 0.0453836098313332 0.0454594008624554 0.0455546118319035 0.0456873401999474 0.0458014197647572 0.045947689563036 0.0460391491651535 0.0461519211530685 0.0461686104536057 0.0462050512433052 0.0461834706366062 0.0461870096623898 0.0462336912751198 0.0462402291595936 0.046311479061842 0.0463046990334988 0.0463325791060925 0.0463619790971279 0.0464107096195221 0.0464968383312225 0.0465308390557766 0.0466178506612778 0.0466962791979313
0.0423085913062096 0.0424398183822632 0.0426270812749863 0.0427899099886417 0.0429219789803028 0.0430870391428471 0.0432898215949535 0.0434119701385498 0.0436036884784698 0.043844360858202 0.0440211594104767 0.0441392809152603 0.0442395098507404 0.0444419793784618 0.0445983596146107 0.0446856208145618 0.0447815991938114 0.0448363311588764 0.0449625588953495 0.0450456403195858 0.0452096611261368 0.0453024096786976 0.0454442501068115 0.0455553494393826 0.0456542000174522 0.0458233617246151 0.0458976291120052 0.0460876002907753 0.0461362414062023 0.0461896285414696 0.0462487414479256 0.0462280102074146 0.0462366491556168 0.0462488494813442 0.0462726093828678 0.0462373793125153 0.0462454482913017 0.0463339611887932 0.0463645197451115 0.0463812798261642 0.0465024299919605 0.0465551316738129 0.0466147810220718 0.0467209108173847
0.0421840101480484 0.0423223599791527 0.0424827411770821 0.0426385998725891 0.0427854284644127 0.0429548695683479 0.0431089997291565 0.0433054491877556 0.0434421598911285 0.0436465293169022 0.0438008904457092 0.0439161993563175 0.0440747290849686 0.0442635081708431 0.0443751104176044 0.0445344597101212 0.0446183308959007 0.0446760691702366 0.0448044203221798 0.0449400991201401 0.0451264716684818 0.0451808907091618 0.0453801490366459 0.0454704686999321 0.0456259995698929 0.0457721687853336 0.0459381602704525 0.0460706204175949 0.0461518205702305 0.0462020486593246 0.0461732111871243 0.0461691804230213 0.0461860708892345 0.0462066195905209 0.0462294593453407 0.0462457202374935 0.0462837181985378 0.0462506413459778 0.046286940574646 0.0463594309985638 0.0464726611971855 0.0465347915887833 0.0466258600354195 0.0467051193118095
0.042057491838932 0.0422508716583252 0.0423089303076267 0.0424743816256523 0.0425995588302612 0.0427540391683578 0.0429276488721371 0.0430814512073994 0.0432540103793144 0.0434550605714321 0.0435646399855614 0.0437312796711922 0.0438790507614613 0.0440211705863476 0.0441533513367176 0.0443225689232349 0.0444194190204144 0.0445443205535412 0.0446091815829277 0.0447721295058727 0.044970441609621 0.0450659990310669 0.0452349595725536 0.0453714914619923 0.0455027483403683 0.045701690018177 0.0458885207772255 0.0460793115198612 0.046225368976593 0.0461805686354637 0.0461488291621208 0.0461370497941971 0.0461694411933422 0.0461609698832035 0.0461068116128445 0.046159528195858 0.046154398471117 0.0462685003876686 0.0462559387087822 0.0463213995099068 0.0463990904390812 0.0465209595859051 0.0466411300003529 0.0467044785618782
0.041877880692482 0.0420408807694912 0.0421450398862362 0.0422813408076763 0.0424057692289352 0.0425737500190735 0.0427123792469501 0.0428648702800274 0.0430283211171627 0.0432044304907322 0.0433569997549057 0.0435139387845993 0.0437048189342022 0.0437995083630085 0.0439459681510925 0.0440759398043156 0.0441995188593864 0.0443020090460777 0.0444921590387821 0.0445856004953384 0.044718898832798 0.0449148118495941 0.0450799502432346 0.045218501240015 0.0453456901013851 0.0455307289958 0.0457694604992867 0.0459333509206772 0.0460285805165768 0.0460245087742805 0.0460508987307549 0.0460293404757977 0.0460657514631748 0.0460463501513004 0.0461057983338833 0.0460657700896263 0.0461285710334778 0.0461553186178207 0.046207208186388 0.0462401211261749 0.0463385581970215 0.0464312396943569 0.0465455986559391 0.0465945899486542
0.0416701212525368 0.0417990610003471 0.0419503189623356 0.0420818403363228 0.0422369092702866 0.0423232391476631 0.0424927212297916 0.0426647514104843 0.0427988395094872 0.0429143309593201 0.0430533289909363 0.0432227998971939 0.0434255301952362 0.0435672700405121 0.0436852797865868 0.0438108406960964 0.0439461395144463 0.0440822690725327 0.0442628785967827 0.0443767681717873 0.0445566885173321 0.0446846596896648 0.0449003502726555 0.0450085401535034 0.0452084988355637 0.0453621782362461 0.0455279015004635 0.0456643998622894 0.0457648411393166 0.0458074286580086 0.0458717308938503 0.0458883792161942 0.0458813197910786 0.0459153093397617 0.0459766909480095 0.0459516383707523 0.0460173413157463 0.0460293292999268 0.0461273714900017 0.0462210215628147 0.0462209284305573 0.0463493503630161 0.0463741086423397 0.0464899502694607
0.0414663106203079 0.0416445210576057 0.0417229011654854 0.0418391302227974 0.0419379696249962 0.0421232208609581 0.0422396287322044 0.042387031018734 0.042542390525341 0.0426545590162277 0.0428300611674786 0.0430056303739548 0.0431181006133556 0.0432770401239395 0.0434264689683914 0.0435399189591408 0.0437242612242699 0.0438619889318943 0.0439700894057751 0.0441791191697121 0.0442926287651062 0.0444504395127296 0.0446651503443718 0.0447749905288219 0.0449938513338566 0.0451153591275215 0.0453032106161118 0.0453772805631161 0.0455077402293682 0.0455897003412247 0.0456092990934849 0.0456677600741386 0.0457070395350456 0.0457964614033699 0.0457702912390232 0.0458281002938747 0.045873511582613 0.0459441989660263 0.0459604188799858 0.0460228808224201 0.0461679100990295 0.0462095104157925 0.0463247708976269 0.0463749803602695
0.0412506312131882 0.0414169505238533 0.0414947383105755 0.0416297912597656 0.0417338311672211 0.0418483689427376 0.042005930095911 0.0421222783625126 0.0422399118542671 0.042381290346384 0.0425248816609383 0.0426971018314362 0.0428828708827496 0.0429800190031528 0.043139461427927 0.0432931110262871 0.0434340201318264 0.0435775890946388 0.0437204614281654 0.0438901409506798 0.0440307408571243 0.0442401990294456 0.0443713515996933 0.0445060208439827 0.0447431206703186 0.044850829988718 0.0450213886797428 0.0451476015150547 0.0452535711228848 0.0453229807317257 0.0453814193606377 0.045408770442009 0.0454995408654213 0.0455664992332458 0.045634038746357 0.0456470586359501 0.0456982217729092 0.0457744002342224 0.0458144210278988 0.0459384508430958 0.0459824614226818 0.0460429191589355 0.0461771115660667 0.0462254993617535
0.0410541594028473 0.0411667600274086 0.0413037203252316 0.0413735806941986 0.0414901897311211 0.0416112504899502 0.0416950508952141 0.041856050491333 0.0420069210231304 0.0421420708298683 0.042221911251545 0.0424204617738724 0.0425489097833633 0.042743731290102 0.0428568683564663 0.0429429709911346 0.0431382693350315 0.0432341992855072 0.0434608906507492 0.0436113886535168 0.0437422804534435 0.0439287610352039 0.0441181212663651 0.0442525111138821 0.0444564409554005 0.0446025505661964 0.0447530597448349 0.0448861382901669 0.0449841395020485 0.0450698211789131 0.0451289005577564 0.0452107898890972 0.0452952012419701 0.045325368642807 0.0453815907239914 0.0454649887979031 0.0455781407654285 0.0455676093697548 0.0456406809389591 0.045700628310442 0.0457968898117542 0.0459250882267952 0.0459771007299423 0.0460935607552528
0.0408629812300205 0.0409441292285919 0.0410490185022354 0.041116539388895 0.0412754602730274 0.0413294211030006 0.0414728000760078 0.0415598601102829 0.0416466891765594 0.041811890900135 0.0419493392109871 0.0420941114425659 0.0422320291399956 0.0424200110137463 0.0425227805972099 0.0426378212869167 0.042813278734684 0.0429773293435574 0.043149258941412 0.0432502701878548 0.0435023605823517 0.0436117388308048 0.0438106097280979 0.0439665503799915 0.0441283881664276 0.0443456806242466 0.0444416701793671 0.044590599834919 0.044715978205204 0.0448341183364391 0.0448664799332619 0.0450041517615318 0.0450596399605274 0.0451015308499336 0.0451687388122082 0.0452238209545612 0.0453382097184658 0.0453703887760639 0.0454335100948811 0.045502919703722 0.0455914214253426 0.0457517802715302 0.0457728207111359 0.0459074787795544
