ENMTML/All_vars/Predictors/EUR_only/bio4.asc
NCOLS 411 
NROWS 214 
XLLCORNER -11.5 
YLLCORNER 35.666666666112 
CELLSIZE 0.166666666666667 
NODATA_value -3.4e+38 
[rows 140 to 159 of 214, columns 45 to 89 of 411]
0.0132268704473972 0.0135469604283571 0.0138965295627713 0.0141030801460147 0.014394829981029 0.0145653197541833 0.0147544397041202 0.0148926703259349 0.0150959296151996 0.0151992496103048 0.0154640600085258 0.0156949292868376 0.0160565990954638 0.0163396801799536 0.0165845695883036 0.0167166702449322 0.0168278906494379 0.016954330727458 0.0171245094388723 0.0172857698053122 0.0174903105944395 0.0176476798951626 0.0178485494107008 0.01804861985147 0.0182888507843018 0.0184054803103209 0.0185254905372858 0.0186835806816816 0.0187436696141958 0.0188675504177809 0.0190111193805933 0.0190397407859564 0.0191641505807638 0.0192526504397392 0.0193134192377329 0.0194068197160959 0.019502179697156 0.0195424500852823 0.0196108799427748 0.019692599773407 0.0197209194302559 0.0198184102773666 0.0198068097233772 0.0198710206896067 0.0200118198990822
-3.4e+38 0.0134235601872206 0.0137350400909781 0.013941390439868 0.0142049603164196 0.014465169981122 0.0146894697099924 0.0148891098797321 0.0151240704581141 0.0152963297441602 0.0155053799971938 0.0157823208719492 0.0160995200276375 0.0163790006190538 0.0166196506470442 0.0167933106422424 0.0169772896915674 0.0171164497733116 0.0172961801290512 0.0174992792308331 0.0176429897546768 0.0177949499338865 0.0179766695946455 0.0181951895356178 0.0183632094413042 0.0185206308960915 0.018699100241065 0.0188174303621054 0.0189408306032419 0.0189626906067133 0.0190658401697874 0.0191291105002165 0.0192131604999304 0.0192906800657511 0.0193502604961395 0.0194186605513096 0.0194934699684381 0.019579229876399 0.019626010209322 0.0196989998221397 0.0196984801441431 0.0197549294680357 0.019758939743042 0.0198617801070213 0.0199950691312551
-3.4e+38 -3.4e+38 -3.4e+38 -3.4e+38 -3.4e+38 0.0143812298774719 0.0145542500540614 0.014830170199275 0.0150336502119899 0.0153194600716233 0.0155211100354791 0.015851179137826 0.0161349400877953 0.0163999702781439 0.0166404508054256 0.0169034898281097 0.0170926693826914 0.01725222915411 0.0173608604818583 0.0176014099270105 0.0177692696452141 0.0179207995533943 0.0180427394807339 0.0182819291949272 0.0184325594455004 0.0186120495200157 0.0187206603586674 0.0188874695450068 0.018998509272933 0.0190814100205898 0.0191013794392347 0.0191555507481098 0.019210260361433 0.0193381607532501 0.0193857606500387 0.0194496400654316 0.0195498801767826 0.0196403991430998 0.0196798704564571 0.0196909699589014 0.019699439406395 0.0197036601603031 0.0197034608572721 0.0198065191507339 0.0199278704822063
-3.4e+38 -3.4e+38 -3.4e+38 -3.4e+38 -3.4e+38 -3.4e+38 -3.4e+38 -3.4e+38 -3.4e+38 0.0152660198509693 0.0155226299539208 0.0158185996115208 0.0161421708762646 0.0164845902472734 0.0167113393545151 0.0169028397649527 0.0170846208930016 0.0173064991831779 0.0174398105591536 0.017645500600338 0.0178340598940849 0.0180016905069351 0.0181841794401407 0.0182962901890278 0.0184720605611801 0.0186505503952503 0.0187681000679731 0.0189398601651192 0.0190274994820356 0.0190870892256498 0.0191245693713427 0.0191568806767464 0.0192172694951296 0.0192993301898241 0.0193639304488897 0.0194239094853401 0.0195712000131607 0.0196421705186367 0.0196342095732689 0.0196461398154497 0.019618010148406 0.0196045394986868 0.0196263696998358 0.0197146199643612 0.0198539607226849
-3.4e+38 -3.4e+38 -3.4e+38 -3.4e+38 -3.4e+38 -3.4e+38 -3.4e+38 -3.4e+38 -3.4e+38 0.0152670396491885 0.0155565403401852 0.0158315394073725 0.0161463897675276 0.0164586696773767 0.0167164504528046 0.0169424396008253 0.0171523001044989 0.017366049811244 0.0175450704991817 0.0177369993180037 0.0178926903754473 0.0180368907749653 0.0182124692946672 0.0182987693697214 0.0185236893594265 0.0186595693230629 0.0187816303223372 0.0188988205045462 0.0190053097903728 0.0190494004637003 0.0190756302326918 0.0191564597189426 0.0191710591316223 0.0192114897072315 0.0192803591489792 0.0194048807024956 0.0195090007036924 0.0196251608431339 0.019681790843606 0.01965899951756 0.0196729991585016 0.0195731800049543 0.0195490401238203 0.0195933803915977 0.0197617094963789
-3.4e+38 -3.4e+38 -3.4e+38 -3.4e+38 -3.4e+38 -3.4e+38 -3.4e+38 -3.4e+38 -3.4e+38 -3.4e+38 -3.4e+38 0.0158185195177794 0.0160915106534958 0.016388900578022 0.0166597291827202 0.0169202703982592 0.0171529091894627 0.0173811800777912 0.0175981894135475 0.0177570208907127 0.0179372206330299 0.0180805493146181 0.0182128790766001 0.0183143094182014 0.0185420904308558 0.0186485592275858 0.0187663100659847 0.01885717920959 0.0188930295407772 0.0189498607069254 0.0190223902463913 0.0190287493169308 0.0190955698490143 0.0191557891666889 0.0192165598273277 0.01933947019279 0.0194868203252554 0.0196389593183994 0.01973314024508 0.0197446793317795 0.0196318197995424 0.0194605700671673 0.0193743892014027 0.0195173900574446 0.0196649897843599
-3.4e+38 -3.4e+38 -3.4e+38 -3.4e+38 -3.4e+38 -3.4e+38 -3.4e+38 -3.4e+38 -3.4e+38 -3.4e+38 -3.4e+38 0.0157482791692019 0.0160552896559238 0.0163143202662468 0.01665098965168 0.0169028099626303 0.0171520505100489 0.0173832401633263 0.0175828095525503 0.017771489918232 0.017963670194149 0.0180827807635069 0.0182683505117893 0.0183586906641722 0.0184977408498526 0.018606249243021 0.0187226105481386 0.018761869519949 0.0188459493219852 0.018909640610218 0.018946960568428 0.018974369391799 0.0189750101417303 0.0190512891858816 0.0190747007727623 0.019228370860219 0.0193965304642916 0.0195756703615189 0.0196329094469547 0.0196512304246426 0.0195664092898369 0.0193704292178154 0.0193703006953001 0.0195141509175301 0.0196483805775642
-3.4e+38 -3.4e+38 -3.4e+38 -3.4e+38 -3.4e+38 -3.4e+38 -3.4e+38 -3.4e+38 -3.4e+38 -3.4e+38 -3.4e+38 0.0157330594956875 0.0159976705908775 0.0162978991866112 0.0165759697556496 0.0168984904885292 0.0171020906418562 0.0173661205917597 0.0175670497119427 0.01778843998909 0.0179645698517561 0.0181136205792427 0.0182581804692745 0.0183527804911137 0.0184708498418331 0.0185943897813559 0.0186760798096657 0.0187214501202106 0.0187580902129412 0.0188114792108536 0.0188867207616568 0.0189102999866009 0.0189233999699354 0.0189840905368328 0.0190008692443371 0.0191335696727037 0.0193146001547575 0.019393440335989 0.0194834098219872 0.019520990550518 0.0194969996809959 0.0194855201989412 0.0195077694952488 0.019640339538455 0.0197981894016266
-3.4e+38 -3.4e+38 -3.4e+38 -3.4e+38 -3.4e+38 -3.4e+38 -3.4e+38 -3.4e+38 -3.4e+38 -3.4e+38 -3.4e+38 -3.4e+38 -3.4e+38 0.0161936897784472 0.0164846908301115 0.0167488399893045 0.0170367807149887 0.0172434598207474 0.0175346303731203 0.0176819395273924 0.0179152302443981 0.0181079395115376 0.0182514302432537 0.0183517690747976 0.0184225104749203 0.0185478199273348 0.0185881201177835 0.0186507292091846 0.0186836905777454 0.0187126994132996 0.0187787804752588 0.0187590103596449 0.0188399497419596 0.0189012102782726 0.0189875904470682 0.0190849509090185 0.0191566701978445 0.0192827004939318 0.0193820204585791 0.0194700192660093 0.0194799099117517 0.0195215400308371 0.0196052808314562 0.0197807792574167 0.0199386700987816
-3.4e+38 -3.4e+38 -3.4e+38 -3.4e+38 -3.4e+38 -3.4e+38 -3.4e+38 -3.4e+38 -3.4e+38 -3.4e+38 -3.4e+38 -3.4e+38 -3.4e+38 -3.4e+38 0.0164034403860569 0.0167055204510689 0.0169642399996519 0.0172148700803518 0.0174464005976915 0.0176675505936146 0.0178995206952095 0.0180651396512985 0.0182287208735943 0.0183369591832161 0.0184320099651814 0.0185338892042637 0.0185731705278158 0.0186165701597929 0.0186218302696943 0.0186582207679749 0.0186799000948668 0.0186822507530451 0.0187180191278458 0.0187921691685915 0.0188280697911978 0.0189287606626749 0.0190420597791672 0.0191258005797863 0.019246419891715 0.0194470696151257 0.0194416996091604 0.0195641294121742 0.0196512509137392 0.0198470801115036 0.020116500556469
-3.4e+38 -3.4e+38 -3.4e+38 -3.4e+38 -3.4e+38 -3.4e+38 -3.4e+38 -3.4e+38 -3.4e+38 -3.4e+38 -3.4e+38 -3.4e+38 -3.4e+38 -3.4e+38 -3.4e+38 -3.4e+38 0.0169530492275953 0.0171964801847935 0.0174283795058727 0.0176346804946661 0.017850099131465 0.0180687196552753 0.0181924402713776 0.018332539126277 0.0184445306658745 0.0184774994850159 0.0185478907078505 0.0185241308063269 0.0185456499457359 0.0186058897525072 0.018600020557642 0.0185744296759367 0.0186716597527266 0.0186631307005882 0.0187804792076349 0.0188616905361414 0.0189756006002426 0.0190653596073389 0.0191906299442053 0.0193170104175806 0.0193424299359322 0.0194654408842325 0.0197018198668957 0.019964599981904 0.0202083401381969
-3.4e+38 -3.4e+38 -3.4e+38 -3.4e+38 -3.4e+38 -3.4e+38 -3.4e+38 -3.4e+38 -3.4e+38 -3.4e+38 -3.4e+38 -3.4e+38 -3.4e+38 -3.4e+38 -3.4e+38 -3.4e+38 -3.4e+38 0.0171586405485868 0.0173657406121492 0.0175859201699495 0.0178637094795704 0.0180671308189631 0.0182239599525928 0.0183090008795261 0.0184163507074118 0.018469300121069 0.0185437090694904 0.0185031294822693 0.0185136906802654 0.0184537600725889 0.0184910893440247 0.018486900255084 0.0184840001165867 0.0186017397791147 0.018695829436183 0.0187807995826006 0.0189020205289125 0.0189826507121325 0.0190683100372553 0.0191391091793776 0.0191816091537476 0.0193848591297865 0.0197150409221649 0.0200497694313526 0.0202164202928543
-3.4e+38 -3.4e+38 -3.4e+38 -3.4e+38 -3.4e+38 -3.4e+38 -3.4e+38 -3.4e+38 -3.4e+38 -3.4e+38 -3.4e+38 -3.4e+38 -3.4e+38 -3.4e+38 -3.4e+38 -3.4e+38 0.0167625304311514 0.0170917902141809 0.0173869393765926 0.0175996702164412 0.0178383607417345 0.0180392991751432 0.0182006694376469 0.0182962100952864 0.0184281393885612 0.0184803102165461 0.0184948202222586 0.0184928402304649 0.0184868890792131 0.0184272602200508 0.0184179209172726 0.0183917097747326 0.0185022596269846 0.0185987893491983 0.0186487901955843 0.0186918508261442 0.0187414307147264 0.0188568402081728 0.0188507903367281 0.0190312601625919 0.0192086696624756 0.0192004200071096 0.0196993201971054 0.0201112497597933 0.0202459692955017
-3.4e+38 -3.4e+38 -3.4e+38 -3.4e+38 -3.4e+38 -3.4e+38 -3.4e+38 -3.4e+38 -3.4e+38 -3.4e+38 -3.4e+38 -3.4e+38 -3.4e+38 -3.4e+38 -3.4e+38 -3.4e+38 0.0167882107198238 0.0170104205608368 0.0172994192689657 0.0175977796316147 0.0178249906748533 0.0180900003761053 0.0182401798665524 0.0183456595987082 0.0184238608926535 0.018503300845623 0.0185163207352161 0.0185215696692467 0.0184633694589138 0.0183986499905586 0.018438309431076 0.0184556394815445 0.0185049008578062 0.0186026692390442 0.0186419207602739 0.018632810562849 0.0186443608254194 0.0187176391482353 0.0188459903001785 0.018899779766798 0.0189098995178938 0.0190063491463661 0.0196021907031536 0.0200604908168316 0.0201756693422794
-3.4e+38 -3.4e+38 -3.4e+38 -3.4e+38 -3.4e+38 -3.4e+38 -3.4e+38 -3.4e+38 -3.4e+38 -3.4e+38 -3.4e+38 -3.4e+38 -3.4e+38 -3.4e+38 -3.4e+38 -3.4e+38 -3.4e+38 0.0169903691858053 0.0172947607934475 0.0175567902624607 0.0178406294435263 0.0180498603731394 0.0182486400008202 0.0183397401124239 0.0184464193880558 0.0185048300772905 0.0185268707573414 0.0185125600546598 0.0185017809271812 0.0184943806380033 0.0184755995869637 0.0184889193624258 0.0185685008764267 0.0185965392738581 0.0186729896813631 0.0186118893325329 0.0186382401734591 0.0188070591539145 0.0188948791474104 0.018918989226222 0.0185900405049324 0.0187740493565798 0.0195547491312027 0.0200095903128386 0.0200014691799879
-3.4e+38 -3.4e+38 -3.4e+38 -3.4e+38 -3.4e+38 -3.4e+38 -3.4e+38 -3.4e+38 -3.4e+38 -3.4e+38 -3.4e+38 -3.4e+38 -3.4e+38 -3.4e+38 -3.4e+38 -3.4e+38 -3.4e+38 0.0169475004076958 0.017263900488615 0.0175829399377108 0.0178181100636721 0.01805897988379 0.0182139705866575 0.0183493494987488 0.0184605102986097 0.0184985902160406 0.0185645502060652 0.0185630396008492 0.0186133291572332 0.0185799300670624 0.0185907408595085 0.0185835994780064 0.0185918305069208 0.0186870004981756 0.0187278091907501 0.0187513008713722 0.0188366491347551 0.0189508497714996 0.019096240401268 0.0191110502928495 0.0188791695982218 0.0187247097492218 0.0192081704735756 0.0199970901012421 0.0199938993901014
-3.4e+38 -3.4e+38 -3.4e+38 -3.4e+38 -3.4e+38 -3.4e+38 -3.4e+38 -3.4e+38 -3.4e+38 -3.4e+38 -3.4e+38 -3.4e+38 -3.4e+38 -3.4e+38 -3.4e+38 -3.4e+38 -3.4e+38 0.0168671403080225 0.0172035302966833 0.0174928698688745 0.0177728999406099 0.0179843604564667 0.0182207692414522 0.0183830596506596 0.0184958893805742 0.0185614190995693 0.0185750406235456 0.0186536405235529 0.0186344999819994 0.0186895690858364 0.0187047906219959 0.0187319293618202 0.0187532007694244 0.0188265200704336 0.0188608504831791 0.0189030393958092 0.0190025996416807 0.0190978199243546 0.019047349691391 0.0188970994204283 0.0188853405416012 0.0188037194311619 0.0192946400493383 0.0197182390838861 0.0201181303709745
-3.4e+38 -3.4e+38 -3.4e+38 -3.4e+38 -3.4e+38 -3.4e+38 -3.4e+38 -3.4e+38 -3.4e+38 -3.4e+38 -3.4e+38 -3.4e+38 -3.4e+38 -3.4e+38 -3.4e+38 -3.4e+38 -3.4e+38 0.0168848391622305 0.0172282699495554 0.0174626708030701 0.0177778396755457 0.0180210694670677 0.0182027406990528 0.0184018705040216 0.018511600792408 0.0185722596943378 0.0186471007764339 0.0186972208321095 0.0187243297696114 0.018738329410553 0.0187596194446087 0.0187816806137562 0.0188191793859005 0.0188759006559849 0.0189553592354059 0.019085630774498 0.0190804190933704 0.0191130600869656 0.0191061403602362 0.0188470799475908 0.0187035407871008 0.0190634205937386 0.0193214491009712 0.0193520300090313 0.0198000408709049
-3.4e+38 -3.4e+38 -3.4e+38 -3.4e+38 -3.4e+38 -3.4e+38 -3.4e+38 -3.4e+38 -3.4e+38 -3.4e+38 -3.4e+38 -3.4e+38 -3.4e+38 -3.4e+38 -3.4e+38 -3.4e+38 0.0166375506669283 0.0168722104281187 0.0172237996011972 0.017539020627737 0.0177440606057644 0.018016779795289 0.0182761196047068 0.0184456296265125 0.0185169391334057 0.0186798106878996 0.0187558997422457 0.018830930814147 0.0188435800373554 0.0188457798212767 0.0188543796539307 0.0188703294843435 0.0189203806221485 0.0190262198448181 0.0190920699387789 0.0191454607993364 0.0190668106079102 0.0192315205931664 0.0192820504307747 0.0192500706762075 0.0191645808517933 0.0193099193274975 0.0194847192615271 0.0195075701922178 0.0192784797400236
-3.4e+38 -3.4e+38 -3.4e+38 -3.4e+38 -3.4e+38 -3.4e+38 -3.4e+38 -3.4e+38 -3.4e+38 -3.4e+38 -3.4e+38 -3.4e+38 -3.4e+38 -3.4e+38 -3.4e+38 -3.4e+38 0.0165823604911566 0.0169355198740959 0.0172427296638489 0.0175550598651171 0.0178389493376017 0.0180895701050758 0.0182947292923927 0.0184465404599905 0.0186426602303982 0.0187595803290606 0.0187978092581034 0.0188704803586006 0.0189301893115044 0.0189419090747833 0.0189372207969427 0.0189841706305742 0.0189781803637743 0.0190300196409225 0.0191811993718147 0.0191700905561447 0.0192632004618645 0.0193693693727255 0.0193799808621407 0.0195438507944345 0.0194984003901482 0.0191640798002481 0.0191933494061232 0.019295709207654 0.019372159615159
