ENMTML/All_vars/Predictors/EUR_only/bio5.asc
NCOLS 440 
NROWS 275 
XLLCORNER -11.5 
YLLCORNER 25.4999999994691 
CELLSIZE 0.166666666666667 
NODATA_value -3.4e+38 
[rows 126 to 146 of 275, columns 235 to 281 of 440]
23.9225997924805 23.8225994110107 23.9225997924805 24.0226001739502 24.0226001739502 24.1226005554199 24.2226009368896 24.2226009368896 24.2355003356934 24.3225994110107 24.3225994110107 24.3225994110107 24.3355007171631 24.4354991912842 24.4354991912842 24.4354991912842 24.6226005554199 25.0967998504639 25.283899307251 25.283899307251 25.283899307251 25.3967990875244 25.3967990875244 25.3967990875244 25.4097003936768 25.4097003936768 25.5097007751465 25.5226001739502 25.6226005554199 25.6354999542236 25.5354995727539 25.5484008789062 25.5484008789062 25.6483993530273 25.6354999542236 25.4484004974365 25.5354995727539 25.4484004974365 25.4484004974365 25.2355003356934 25.3225994110107 25.2226009368896 25.3225994110107 25.3225994110107 25.2226009368896 25.2226009368896 25.2096996307373
23.9225997924805 23.8225994110107 23.9354991912842 23.9354991912842 24.1226005554199 24.1226005554199 24.1226005554199 24.2226009368896 24.2226009368896 24.1354999542236 24.2355003356934 24.3225994110107 24.3355007171631 24.3355007171631 24.3355007171631 24.4225997924805 24.6096992492676 24.7968006134033 24.9967994689941 25.1839008331299 25.3838996887207 25.3967990875244 25.4967994689941 25.5839004516602 25.5097007751465 25.5097007751465 25.6096992492676 25.6226005554199 25.7355003356934 25.7355003356934 25.7355003356934 25.6613006591797 25.8484001159668 25.8484001159668 25.6483993530273 25.6483993530273 25.7355003356934 25.6483993530273 25.5484008789062 25.4484004974365 25.4354991912842 25.3225994110107 25.6226005554199 25.4225997924805 25.3225994110107 25.4225997924805 25.4097003936768
23.9225997924805 23.8355007171631 23.9225997924805 23.9225997924805 24.0226001739502 24.1226005554199 24.1226005554199 24.2226009368896 24.2226009368896 24.1354999542236 24.2355003356934 24.3225994110107 24.2355003356934 24.3225994110107 24.4225997924805 24.5226001739502 24.5226001739502 24.7096996307373 24.7968006134033 24.9839000701904 25.0967998504639 25.2968006134033 25.3967990875244 25.5967998504639 25.6096992492676 25.6968002319336 25.7096996307373 25.7226009368896 25.8355007171631 25.9354991912842 25.9484004974365 25.9484004974365 25.9612998962402 25.7612991333008 25.8484001159668 25.9484004974365 25.8484001159668 25.8355007171631 25.5484008789062 25.4484004974365 25.4354991912842 25.4354991912842 25.7226009368896 25.6226005554199 25.5226001739502 25.4225997924805 25.4225997924805
23.8225994110107 23.8225994110107 23.8355007171631 23.8355007171631 23.9225997924805 24.0226001739502 24.0354995727539 24.1226005554199 24.2226009368896 24.2226009368896 24.2226009368896 24.2226009368896 24.3225994110107 24.4225997924805 24.4225997924805 24.5226001739502 24.6096992492676 24.7968006134033 24.8967990875244 25.0839004516602 25.1968002319336 25.2968006134033 25.3967990875244 25.6968002319336 25.7968006134033 25.809700012207 25.8225994110107 25.9097003936768 25.9354991912842 26.0354995727539 26.1354999542236 26.1483993530273 26.0484008789062 26.0484008789062 26.0484008789062 25.9484004974365 26.0354995727539 25.8484001159668 25.8355007171631 25.7355003356934 25.6354999542236 25.6354999542236 25.8225994110107 25.7226009368896 25.7226009368896 25.7226009368896 25.6226005554199
23.8225994110107 23.8355007171631 23.9354991912842 24.0354995727539 24.0354995727539 24.0354995727539 24.0354995727539 24.0354995727539 24.1354999542236 24.2226009368896 24.2226009368896 24.2226009368896 24.2226009368896 24.3225994110107 24.309700012207 24.4097003936768 24.4097003936768 24.6968002319336 24.8967990875244 24.9839000701904 25.0967998504639 25.2968006134033 25.5839004516602 25.7968006134033 25.9097003936768 26.0097007751465 26.1096992492676 26.0226001739502 26.0226001739502 26.1226005554199 26.3355007171631 26.3355007171631 26.2483997344971 26.2483997344971 26.2355003356934 26.1483993530273 26.1483993530273 26.1354999542236 26.0354995727539 25.9354991912842 25.8355007171631 25.8355007171631 26.0226001739502 25.9225997924805 25.9225997924805 25.9225997924805 25.8225994110107
23.8355007171631 23.8355007171631 23.9354991912842 24.0354995727539 24.1483993530273 24.2355003356934 24.3355007171631 24.2226009368896 24.0354995727539 24.1354999542236 24.1354999542236 24.2226009368896 24.2226009368896 24.2226009368896 24.1226005554199 24.309700012207 24.3967990875244 24.4967994689941 24.5967998504639 24.8967990875244 25.1968002319336 25.3967990875244 25.5839004516602 25.7968006134033 25.7968006134033 25.9967994689941 26.2096996307373 26.309700012207 26.3225994110107 26.309700012207 26.4225997924805 26.4354991912842 26.4354991912842 26.4354991912842 26.3355007171631 26.3355007171631 26.3484001159668 26.3484001159668 26.2355003356934 26.2355003356934 26.1354999542236 26.2226009368896 26.1354999542236 26.1226005554199 26.1226005554199 26.1226005554199 26.0226001739502
23.7355003356934 23.8355007171631 23.9484004974365 23.9484004974365 24.0484008789062 24.3484001159668 24.4354991912842 24.3355007171631 24.3355007171631 24.1354999542236 24.2226009368896 24.2226009368896 24.1226005554199 24.0226001739502 24.0226001739502 24.1968002319336 24.2968006134033 24.3967990875244 24.6839008331299 24.8967990875244 24.9967994689941 25.1968002319336 25.4967994689941 25.5967998504639 25.8967990875244 26.0967998504639 26.0097007751465 26.2096996307373 26.4097003936768 26.5097007751465 26.5354995727539 26.6226005554199 26.5354995727539 26.5354995727539 26.5354995727539 26.6354999542236 26.6354999542236 26.5354995727539 26.4354991912842 26.4354991912842 26.5226001739502 26.4225997924805 26.3355007171631 26.3355007171631 26.4225997924805 26.3225994110107 26.3225994110107
23.8484001159668 23.9354991912842 23.9484004974365 24.1483993530273 24.2483997344971 24.3484001159668 24.3484001159668 24.3355007171631 24.3355007171631 24.3355007171631 24.2355003356934 24.1226005554199 24.0226001739502 24.0226001739502 24.1096992492676 24.0967998504639 24.2968006134033 24.4839000701904 24.6839008331299 24.9967994689941 25.0967998504639 25.283899307251 25.4967994689941 25.6968002319336 25.7968006134033 26.0839004516602 25.9967994689941 25.9967994689941 26.1096992492676 26.4097003936768 26.6096992492676 26.6226005554199 26.7096996307373 26.8225994110107 26.8225994110107 26.8355007171631 26.8225994110107 26.7226009368896 26.6354999542236 26.7355003356934 26.7226009368896 26.8225994110107 26.7226009368896 26.7096996307373 26.7096996307373 26.7096996307373 26.5226001739502
24.0354995727539 23.9484004974365 24.0484008789062 24.06130027771 24.2483997344971 24.4484004974365 24.5354995727539 24.5354995727539 24.4354991912842 24.2355003356934 24.3355007171631 24.309700012207 24.1096992492676 24.0097007751465 23.9097003936768 23.9967994689941 24.1968002319336 24.5967998504639 24.8838996887207 25.1839008331299 25.283899307251 25.3838996887207 25.4839000701904 25.6839008331299 25.7968006134033 25.9839000701904 25.9967994689941 26.1968002319336 26.1968002319336 26.2096996307373 26.4097003936768 26.5097007751465 26.6096992492676 26.6226005554199 26.7226009368896 26.8225994110107 26.9225997924805 26.9225997924805 26.9225997924805 27.0226001739502 27.0226001739502 27.0226001739502 26.9097003936768 26.8225994110107 26.809700012207 26.7096996307373 26.6226005554199
24.2483997344971 24.2483997344971 24.3484001159668 24.3484001159668 24.3484001159668 24.3484001159668 24.5354995727539 24.5484008789062 24.6354999542236 24.5354995727539 24.4354991912842 24.309700012207 24.1226005554199 24.1096992492676 23.9097003936768 24.0097007751465 24.3967990875244 24.6839008331299 25.0839004516602 25.2968006134033 25.4839000701904 25.5839004516602 25.783899307251 25.8838996887207 25.9839000701904 26.0839004516602 26.0967998504639 26.1968002319336 26.1968002319336 26.2968006134033 26.5097007751465 26.6096992492676 26.7226009368896 26.6226005554199 26.6226005554199 26.7226009368896 26.8225994110107 27.0226001739502 27.0226001739502 27.2226009368896 27.2226009368896 27.2226009368896 27.2096996307373 27.1096992492676 27.1096992492676 27.0097007751465 27.1096992492676
24.56130027771 24.56130027771 24.6483993530273 24.5484008789062 24.4612998962402 24.5484008789062 24.4484004974365 24.5354995727539 24.5354995727539 24.6354999542236 24.6226005554199 24.5226001739502 24.4225997924805 24.309700012207 24.2096996307373 24.309700012207 24.5967998504639 24.8967990875244 25.2968006134033 25.3838996887207 25.4839000701904 25.6839008331299 25.783899307251 25.8838996887207 25.8967990875244 26.0839004516602 26.3838996887207 26.4839000701904 26.3967990875244 26.4967994689941 26.6968002319336 26.7968006134033 26.9097003936768 26.9225997924805 26.8225994110107 26.8225994110107 27.0097007751465 27.0097007751465 27.0226001739502 27.1226005554199 27.309700012207 27.4225997924805 27.5097007751465 27.5097007751465 27.4097003936768 27.4967994689941 27.309700012207
24.9484004974365 24.8484001159668 24.9484004974365 24.8612995147705 24.7612991333008 24.6613006591797 24.56130027771 24.4484004974365 24.6354999542236 24.6354999542236 24.6354999542236 24.6354999542236 24.7226009368896 24.6226005554199 24.6096992492676 24.7096996307373 24.809700012207 25.1839008331299 25.4839000701904 25.6968002319336 25.783899307251 25.8838996887207 25.8967990875244 26.0839004516602 26.0839004516602 26.1839008331299 26.3838996887207 26.5839004516602 26.6968002319336 26.6968002319336 26.7968006134033 26.809700012207 26.9967994689941 27.1096992492676 27.1096992492676 27.1096992492676 27.1226005554199 27.309700012207 27.2096996307373 27.2096996307373 27.3225994110107 27.3967990875244 27.4097003936768 27.4097003936768 27.5967998504639 27.3967990875244 27.2968006134033
24.9612998962402 24.9484004974365 25.1613006591797 25.3484001159668 25.2483997344971 25.06130027771 24.7612991333008 24.6483993530273 24.6483993530273 24.7355003356934 24.7483997344971 24.7355003356934 24.7355003356934 24.9225997924805 25.0097007751465 25.0967998504639 25.2968006134033 25.3967990875244 25.6839008331299 25.9839000701904 25.9839000701904 26.0839004516602 26.0839004516602 26.0839004516602 26.1839008331299 26.1968002319336 26.4839000701904 26.6839008331299 26.8838996887207 26.8967990875244 26.809700012207 26.9097003936768 27.1096992492676 27.2096996307373 27.309700012207 27.309700012207 27.4097003936768 27.3225994110107 27.4225997924805 27.5097007751465 27.5097007751465 27.6968002319336 27.809700012207 27.6968002319336 27.6096992492676 27.6968002319336 27.4967994689941
25.2483997344971 25.2612991333008 25.2612991333008 25.06130027771 25.4612998962402 25.5484008789062 25.1613006591797 24.8484001159668 24.8484001159668 24.7483997344971 24.8355007171631 24.9354991912842 25.0226001739502 25.0226001739502 25.2096996307373 25.309700012207 25.4097003936768 25.7968006134033 26.0839004516602 26.1968002319336 26.1839008331299 26.1968002319336 26.1839008331299 26.1839008331299 26.283899307251 26.3838996887207 26.6968002319336 26.8967990875244 26.9967994689941 27.0097007751465 26.9967994689941 27.1968002319336 27.4097003936768 27.4097003936768 27.5097007751465 27.6096992492676 27.6096992492676 27.6096992492676 27.7096996307373 27.7968006134033 27.6096992492676 27.8967990875244 27.8967990875244 27.8838996887207 27.9967994689941 27.8967990875244 27.6839008331299
25.4612998962402 25.4741992950439 25.56130027771 25.4612998962402 25.1613006591797 25.06130027771 25.2612991333008 25.2483997344971 25.1613006591797 25.0484008789062 24.9484004974365 25.0354995727539 25.1226005554199 25.2226009368896 25.3225994110107 25.5097007751465 25.6968002319336 25.9097003936768 26.1968002319336 26.2968006134033 26.4839000701904 26.3967990875244 26.4839000701904 26.6968002319336 26.5967998504639 26.6968002319336 26.8967990875244 27.0967998504639 27.2968006134033 27.309700012207 27.309700012207 27.309700012207 27.5226001739502 27.7096996307373 27.7226009368896 27.7226009368896 27.9097003936768 27.9097003936768 27.9967994689941 28.0097007751465 27.9967994689941 27.9097003936768 28.0967998504639 28.1839008331299 28.283899307251 28.0839004516602 27.7968006134033
25.6613006591797 25.7612991333008 25.5741996765137 25.4741992950439 25.56130027771 25.0741996765137 25.06130027771 25.2612991333008 25.4484004974365 25.2483997344971 25.1483993530273 25.0484008789062 25.2355003356934 25.3355007171631 25.4225997924805 25.5226001739502 25.7096996307373 25.9097003936768 26.1096992492676 26.3967990875244 26.5967998504639 26.7968006134033 26.7968006134033 26.8967990875244 26.9967994689941 27.0967998504639 27.2096996307373 27.2968006134033 27.4967994689941 27.4967994689941 27.5097007751465 27.6096992492676 27.7096996307373 27.9097003936768 27.809700012207 27.9097003936768 28.0097007751465 28.1096992492676 28.2096996307373 28.2096996307373 28.1968002319336 28.2968006134033 28.3967990875244 28.283899307251 28.4839000701904 28.2968006134033 28.0967998504639
25.9741992950439 25.8742008209229 25.9741992950439 25.8742008209229 25.8742008209229 25.8742008209229 25.4612998962402 25.2612991333008 25.5484008789062 25.4612998962402 25.4484004974365 25.1483993530273 25.3355007171631 25.4354991912842 25.5354995727539 25.8225994110107 25.9225997924805 26.0097007751465 26.2096996307373 26.309700012207 26.5097007751465 26.9967994689941 26.9967994689941 26.9097003936768 27.2096996307373 27.2096996307373 27.4097003936768 27.5097007751465 27.6096992492676 27.6096992492676 27.7096996307373 27.8225994110107 27.8225994110107 28.0226001739502 28.0097007751465 28.0226001739502 28.0226001739502 28.2226009368896 28.5097007751465 28.4967994689941 28.5097007751465 28.5967998504639 28.4967994689941 28.4839000701904 28.6839008331299 28.4967994689941 28.1839008331299
26.2742004394531 26.0741996765137 25.7742004394531 25.7742004394531 25.6742000579834 25.8742008209229 25.8742008209229 25.5741996765137 25.7612991333008 25.7612991333008 25.56130027771 25.3612995147705 25.5484008789062 25.5354995727539 25.7355003356934 25.7355003356934 25.9225997924805 26.1226005554199 26.1226005554199 26.4097003936768 26.6096992492676 26.809700012207 27.0097007751465 27.2096996307373 27.309700012207 27.309700012207 27.5097007751465 27.7096996307373 27.7096996307373 27.7226009368896 27.8225994110107 28.0097007751465 27.9225997924805 28.1226005554199 28.2096996307373 28.1226005554199 28.2096996307373 28.3225994110107 28.5097007751465 28.5097007751465 28.5097007751465 28.4967994689941 28.4967994689941 28.4967994689941 28.3838996887207 28.283899307251 28.0967998504639
26.7742004394531 26.2742004394531 25.4871006011963 25.5870990753174 25.6742000579834 25.5870990753174 25.5741996765137 25.5741996765137 26.06130027771 25.9612998962402 25.7612991333008 25.4612998962402 25.7483997344971 25.6483993530273 25.7483997344971 25.8355007171631 25.8355007171631 26.0226001739502 26.3225994110107 26.4225997924805 26.5097007751465 26.7096996307373 26.9097003936768 27.1096992492676 27.4225997924805 27.5097007751465 27.5226001739502 27.809700012207 27.7226009368896 27.8225994110107 27.9225997924805 28.1226005554199 28.1226005554199 28.2226009368896 28.2226009368896 28.2355003356934 28.3225994110107 28.5097007751465 28.4097003936768 28.4097003936768 28.3967990875244 28.3967990875244 28.2968006134033 28.2968006134033 28.1968002319336 28.0967998504639 27.9967994689941
26.3742008209229 26.6870994567871 26.2742004394531 25.6742000579834 25.3742008209229 25.5741996765137 25.6870994567871 25.8742008209229 26.1742000579834 26.1742000579834 26.1613006591797 25.7612991333008 25.7483997344971 25.7483997344971 25.7483997344971 25.9354991912842 25.9354991912842 25.9354991912842 26.1226005554199 26.4225997924805 26.6096992492676 26.7226009368896 26.9225997924805 27.1226005554199 27.4225997924805 27.6354999542236 27.7355003356934 27.8225994110107 27.8225994110107 27.9225997924805 28.0354995727539 28.2226009368896 28.1354999542236 28.2355003356934 28.3225994110107 28.4225997924805 28.5226001739502 28.4225997924805 28.4225997924805 28.4097003936768 28.309700012207 28.309700012207 28.2096996307373 28.1968002319336 28.1096992492676 28.0097007751465 27.9967994689941
25.9741992950439 25.8742008209229 26.6742000579834 26.2742004394531 25.8742008209229 25.5870990753174 25.7870998382568 25.9871006011963 26.1742000579834 26.2612991333008 26.2612991333008 26.2612991333008 25.8612995147705 25.9612998962402 25.6483993530273 25.7483997344971 25.9484004974365 26.0354995727539 26.1226005554199 26.4225997924805 26.7226009368896 26.7226009368896 27.0097007751465 27.2226009368896 27.4225997924805 27.6354999542236 27.7355003356934 27.7355003356934 27.9225997924805 28.0226001739502 28.1226005554199 28.1354999542236 28.2355003356934 28.3355007171631 28.4354991912842 28.5354995727539 28.5354995727539 28.5226001739502 28.5226001739502 28.4225997924805 28.4097003936768 28.309700012207 28.1968002319336 28.1096992492676 28.0967998504639 28.0967998504639 28.0967998504639
