ENMTML/All_vars/Predictors/EUR_only/bio5.asc
NCOLS 440 
NROWS 275 
XLLCORNER -11.5 
YLLCORNER 25.4999999994691 
CELLSIZE 0.166666666666667 
NODATA_value -3.4e+38 
[rows 252 to 272 of 275, columns 329 to 375 of 440]
40.8613014221191 41.0612983703613 41.1613006591797 41.480598449707 41.6805992126465 41.9000015258789 42.0999984741211 42.2999992370605 42.480598449707 42.5999984741211 42.7000007629395 42.7999992370605 42.9870986938477 43.1741981506348 43.2742004394531 43.2742004394531 43.2871017456055 43.3741989135742 43.3741989135742 43.5741996765137 43.6741981506348 43.6741981506348 43.7742004394531 43.9612998962402 44.0612983703613 44.2612991333008 44.2612991333008 43.7742004394531 43.2871017456055 -3.4e+38 -3.4e+38 -3.4e+38 -3.4e+38 -3.4e+38 -3.4e+38 -3.4e+38 -3.4e+38 -3.4e+38 -3.4e+38 -3.4e+38 -3.4e+38 -3.4e+38 -3.4e+38 -3.4e+38 38.2515983581543 38.4515991210938 38.9547996520996
40.8613014221191 40.9612998962402 41.1613006591797 41.3805999755859 41.6805992126465 41.9000015258789 42.0999984741211 42.2999992370605 42.5 42.5999984741211 42.7000007629395 42.8871002197266 43.0741996765137 43.1870994567871 43.2742004394531 43.2742004394531 43.3613014221191 43.3741989135742 43.4742012023926 43.6613006591797 43.5612983703613 43.6483993530273 43.6613006591797 43.7612991333008 43.9483985900879 44.0484008789062 44.1483993530273 44.0612983703613 43.587100982666 -3.4e+38 -3.4e+38 -3.4e+38 -3.4e+38 -3.4e+38 -3.4e+38 -3.4e+38 -3.4e+38 -3.4e+38 -3.4e+38 -3.4e+38 -3.4e+38 -3.4e+38 -3.4e+38 -3.4e+38 37.6483993530273 37.5484008789062 38.1483993530273
40.7612991333008 40.8805999755859 41.0806007385254 41.3805999755859 41.5999984741211 41.7999992370605 42.0999984741211 42.2999992370605 42.4870986938477 42.587100982666 42.7742004394531 42.9742012023926 43.087100982666 43.2742004394531 43.3613014221191 43.3484001159668 43.4483985900879 43.4612998962402 43.6483993530273 43.5484008789062 43.5484008789062 43.5484008789062 43.5612983703613 43.6483993530273 43.6613006591797 43.7612991333008 43.7612991333008 43.6741981506348 43.1870994567871 42.6805992126465 -3.4e+38 -3.4e+38 -3.4e+38 -3.4e+38 -3.4e+38 -3.4e+38 -3.4e+38 -3.4e+38 -3.4e+38 -3.4e+38 -3.4e+38 -3.4e+38 -3.4e+38 -3.4e+38 -3.4e+38 36.7484016418457 37.4515991210938
40.7612991333008 40.980598449707 41.2806015014648 41.3805999755859 41.5 41.7999992370605 42 42.2999992370605 42.4870986938477 42.6741981506348 42.7742004394531 42.9742012023926 43.1613006591797 43.3613014221191 43.3484001159668 43.4483985900879 43.5354995727539 43.6355018615723 43.5354995727539 43.5354995727539 43.5354995727539 43.5354995727539 43.4483985900879 43.4483985900879 43.4483985900879 43.4483985900879 43.2612991333008 43.0741996765137 42.7871017456055 42.2999992370605 -3.4e+38 -3.4e+38 -3.4e+38 -3.4e+38 -3.4e+38 -3.4e+38 -3.4e+38 -3.4e+38 -3.4e+38 -3.4e+38 -3.4e+38 -3.4e+38 -3.4e+38 -3.4e+38 -3.4e+38 -3.4e+38 37.2484016418457
40.6613006591797 40.8805999755859 41.0999984741211 41.2806015014648 41.4000015258789 41.7871017456055 41.9870986938477 42.2742004394531 42.4870986938477 42.6741981506348 42.8613014221191 42.9612998962402 43.2484016418457 43.3613014221191 43.4483985900879 43.5354995727539 43.722599029541 43.5354995727539 43.5354995727539 43.5354995727539 43.4483985900879 43.4355010986328 43.3484001159668 43.3354988098145 43.1483993530273 43.0612983703613 42.8613014221191 42.5741996765137 42.2871017456055 41.8871002197266 41.5 -3.4e+38 -3.4e+38 -3.4e+38 -3.4e+38 -3.4e+38 -3.4e+38 -3.4e+38 -3.4e+38 -3.4e+38 -3.4e+38 -3.4e+38 -3.4e+38 -3.4e+38 -3.4e+38 -3.4e+38 36.8516006469727
40.5806007385254 40.7806015014648 41 41.2999992370605 41.587100982666 41.7999992370605 41.9870986938477 42.2742004394531 42.4870986938477 42.7612991333008 42.9612998962402 43.0612983703613 43.2612991333008 43.4483985900879 43.5484008789062 43.7355003356934 43.7097015380859 43.6096992492676 43.6096992492676 43.5225982666016 43.4225997924805 43.3354988098145 43.2355003356934 43.1355018615723 42.9483985900879 42.7484016418457 42.5612983703613 42.1741981506348 41.8741989135742 41.4870986938477 41 -3.4e+38 -3.4e+38 -3.4e+38 -3.4e+38 -3.4e+38 -3.4e+38 -3.4e+38 -3.4e+38 -3.4e+38 -3.4e+38 -3.4e+38 -3.4e+38 -3.4e+38 -3.4e+38 -3.4e+38 -3.4e+38
40.5806007385254 40.7999992370605 40.980598449707 41.2999992370605 41.5999984741211 41.7871017456055 41.9870986938477 42.2742004394531 42.5612983703613 42.7612991333008 42.9612998962402 43.1483993530273 43.2612991333008 43.4483985900879 43.722599029541 43.8226013183594 43.8226013183594 43.7097015380859 43.6096992492676 43.4225997924805 43.3354988098145 43.2355003356934 43.1226005554199 42.9355010986328 42.7355003356934 42.5484008789062 42.2484016418457 41.9612998962402 41.5741996765137 41.1870994567871 40.7000007629395 40.2999992370605 -3.4e+38 -3.4e+38 -3.4e+38 -3.4e+38 -3.4e+38 -3.4e+38 -3.4e+38 -3.4e+38 -3.4e+38 -3.4e+38 -3.4e+38 -3.4e+38 -3.4e+38 -3.4e+38 -3.4e+38
40.7806015014648 40.980598449707 41.0999984741211 41.3871002197266 41.6870994567871 41.8871002197266 42.0741996765137 42.2742004394531 42.5612983703613 42.7612991333008 42.9612998962402 43.1483993530273 43.3354988098145 43.5354995727539 43.6355018615723 43.7355003356934 43.809700012207 43.722599029541 43.6096992492676 43.4225997924805 43.3226013183594 43.1355018615723 42.9355010986328 42.7355003356934 42.6355018615723 42.3484001159668 42.0484008789062 41.7612991333008 41.3613014221191 40.9870986938477 40.587100982666 40.1870994567871 -3.4e+38 -3.4e+38 -3.4e+38 -3.4e+38 -3.4e+38 -3.4e+38 -3.4e+38 -3.4e+38 -3.4e+38 -3.4e+38 -3.4e+38 -3.4e+38 -3.4e+38 -3.4e+38 -3.4e+38
40.7806015014648 41 41.2000007629395 41.3871002197266 41.6870994567871 41.8741989135742 42.0741996765137 42.2612991333008 42.4612998962402 42.7484016418457 43.0484008789062 43.2355003356934 43.3354988098145 43.4355010986328 43.5354995727539 43.6355018615723 43.6226005554199 43.6226005554199 43.5225982666016 43.4225997924805 43.3226013183594 43.1226005554199 42.9355010986328 42.6355018615723 42.4355010986328 42.1355018615723 41.8484001159668 41.5484008789062 41.2484016418457 40.8741989135742 40.5612983703613 40.1741981506348 39.8741989135742 -3.4e+38 -3.4e+38 -3.4e+38 -3.4e+38 -3.4e+38 -3.4e+38 -3.4e+38 -3.4e+38 -3.4e+38 -3.4e+38 -3.4e+38 -3.4e+38 -3.4e+38 -3.4e+38
40.6805992126465 41 41.2000007629395 41.4870986938477 41.587100982666 41.8741989135742 42.0612983703613 42.3484001159668 42.5484008789062 42.8354988098145 43.0484008789062 43.1355018615723 43.2355003356934 43.3354988098145 43.5225982666016 43.5354995727539 43.6226005554199 43.5225982666016 43.4225997924805 43.3226013183594 43.222599029541 43.0225982666016 42.8226013183594 42.5354995727539 42.3226013183594 42.0354995727539 41.7355003356934 41.3484001159668 41.1483993530273 40.7612991333008 40.5612983703613 40.1613006591797 39.8613014221191 -3.4e+38 -3.4e+38 -3.4e+38 -3.4e+38 -3.4e+38 -3.4e+38 -3.4e+38 -3.4e+38 -3.4e+38 -3.4e+38 -3.4e+38 -3.4e+38 -3.4e+38 -3.4e+38
40.7806015014648 40.9870986938477 41.1870994567871 41.4742012023926 41.6741981506348 41.8613014221191 42.1613006591797 42.4483985900879 42.6483993530273 42.7484016418457 42.8354988098145 42.9355010986328 43.1355018615723 43.3226013183594 43.4355010986328 43.4225997924805 43.4225997924805 43.4225997924805 43.3226013183594 43.222599029541 43.2097015380859 43.1096992492676 42.722599029541 42.5225982666016 42.2355003356934 42.0354995727539 41.8354988098145 41.4355010986328 41.1355018615723 40.8354988098145 40.5484008789062 40.2484016418457 39.8613014221191 39.5484008789062 39.2484016418457 -3.4e+38 -3.4e+38 -3.4e+38 -3.4e+38 -3.4e+38 -3.4e+38 -3.4e+38 -3.4e+38 -3.4e+38 -3.4e+38 -3.4e+38 -3.4e+38
40.7999992370605 40.9870986938477 41.1741981506348 41.4742012023926 41.7742004394531 42.0612983703613 42.3484001159668 42.6483993530273 42.6483993530273 42.6355018615723 42.7355003356934 42.8354988098145 43.0225982666016 43.1226005554199 43.3226013183594 43.4096984863281 43.3226013183594 43.309700012207 43.2097015380859 43.0225982666016 43.0225982666016 42.8226013183594 42.6226005554199 42.5225982666016 42.3226013183594 41.9355010986328 41.6355018615723 41.3354988098145 41.1355018615723 40.8354988098145 40.6355018615723 40.2355003356934 39.9355010986328 39.5484008789062 39.2355003356934 38.8484001159668 -3.4e+38 -3.4e+38 -3.4e+38 -3.4e+38 -3.4e+38 -3.4e+38 -3.4e+38 -3.4e+38 -3.4e+38 -3.4e+38 -3.4e+38
40.7871017456055 40.9870986938477 41.1741981506348 41.4742012023926 41.7742004394531 42.0612983703613 42.3484001159668 42.6483993530273 42.5484008789062 42.6355018615723 42.6355018615723 42.7355003356934 42.9225997924805 43.0225982666016 43.1226005554199 43.222599029541 43.222599029541 43.1226005554199 43.1226005554199 43.0097007751465 42.809700012207 42.6226005554199 42.5225982666016 42.4096984863281 42.1226005554199 41.8226013183594 41.5354995727539 41.3226013183594 41.0354995727539 40.8226013183594 40.6355018615723 40.3226013183594 39.9355010986328 39.6355018615723 39.2355003356934 38.9225997924805 38.5225982666016 38.2355003356934 -3.4e+38 -3.4e+38 -3.4e+38 -3.4e+38 -3.4e+38 -3.4e+38 -3.4e+38 -3.4e+38 -3.4e+38
40.7000007629395 40.9870986938477 41.2742004394531 41.4742012023926 41.8613014221191 42.0612983703613 42.3484001159668 42.5354995727539 42.5354995727539 42.5354995727539 42.6355018615723 42.722599029541 42.8226013183594 42.9225997924805 43.0225982666016 43.1096992492676 43.1226005554199 43.0225982666016 42.9225997924805 42.9096984863281 42.7097015380859 42.6096992492676 42.5097007751465 42.222599029541 42.0225982666016 41.722599029541 41.5225982666016 41.3226013183594 41.0225982666016 40.722599029541 40.722599029541 40.4225997924805 40.0225982666016 39.722599029541 39.4096984863281 39.0097007751465 38.7097015380859 38.396800994873 -3.4e+38 -3.4e+38 -3.4e+38 -3.4e+38 -3.4e+38 -3.4e+38 -3.4e+38 -3.4e+38 -3.4e+38
40.7999992370605 41.0741996765137 41.3613014221191 41.5612983703613 41.9612998962402 42.2484016418457 42.4355010986328 42.4355010986328 42.4355010986328 42.4225997924805 42.5354995727539 42.6226005554199 42.722599029541 42.8226013183594 42.9225997924805 42.9225997924805 43.0225982666016 42.9225997924805 42.809700012207 42.722599029541 42.6096992492676 42.4225997924805 42.3226013183594 42.1226005554199 41.9225997924805 41.8226013183594 41.5225982666016 41.4096984863281 41.1226005554199 40.8226013183594 40.809700012207 40.4096984863281 40.1096992492676 39.9096984863281 39.5097007751465 39.1096992492676 38.7967987060547 38.4838981628418 38.1838989257812 -3.4e+38 -3.4e+38 -3.4e+38 -3.4e+38 -3.4e+38 -3.4e+38 -3.4e+38 -3.4e+38
40.9870986938477 40.9742012023926 41.2742004394531 41.6613006591797 41.9483985900879 42.4355010986328 42.3484001159668 42.3354988098145 42.3354988098145 42.3226013183594 42.3354988098145 42.5225982666016 42.6355018615723 42.6355018615723 42.722599029541 42.722599029541 42.8226013183594 42.8226013183594 42.722599029541 42.7097015380859 42.5225982666016 42.4096984863281 42.2097015380859 42.0097007751465 41.809700012207 41.7097015380859 41.5097007751465 41.3226013183594 41.1226005554199 41.0097007751465 40.6096992492676 40.4096984863281 40.2097015380859 39.9967994689941 39.6968002319336 39.2967987060547 38.9900016784668 38.689998626709 38.2900009155273 37.9799995422363 37.8838996887207 -3.4e+38 -3.4e+38 -3.4e+38 -3.4e+38 -3.4e+38 -3.4e+38
40.8741989135742 41.0741996765137 41.2742004394531 41.7484016418457 42.1483993530273 42.4355010986328 42.3354988098145 42.3354988098145 42.3226013183594 42.222599029541 42.2355003356934 42.4225997924805 42.6226005554199 42.5225982666016 42.6226005554199 42.6226005554199 42.5225982666016 42.5225982666016 42.6096992492676 42.5097007751465 42.4096984863281 42.2097015380859 42.1096992492676 41.9096984863281 41.7097015380859 41.6096992492676 41.4096984863281 41.309700012207 41.1096992492676 40.809700012207 40.5968017578125 40.5097007751465 40.2097015380859 40.0968017578125 39.7967987060547 39.4967994689941 39.2900009155273 39.0800018310547 38.689998626709 38.189998626709 -3.4e+38 -3.4e+38 -3.4e+38 -3.4e+38 -3.4e+38 -3.4e+38 -3.4e+38
40.8741989135742 41.1741981506348 41.3741989135742 41.8484001159668 42.3354988098145 42.3354988098145 42.4355010986328 42.3226013183594 42.3226013183594 42.2355003356934 42.1355018615723 42.222599029541 42.4225997924805 42.3226013183594 42.4225997924805 42.5097007751465 42.4096984863281 42.4096984863281 42.3226013183594 42.4096984863281 42.309700012207 42.1096992492676 42.0097007751465 41.9096984863281 41.7097015380859 41.6096992492676 41.5097007751465 41.309700012207 41.1096992492676 40.809700012207 40.6096992492676 40.6096992492676 40.396800994873 40.2967987060547 40.0900001525879 39.7839012145996 39.4900016784668 39.4900016784668 39.3800010681152 39.0900001525879 39.5097007751465 -3.4e+38 -3.4e+38 -3.4e+38 -3.4e+38 -3.4e+38 -3.4e+38
40.9870986938477 41.2742004394531 41.4612998962402 41.9355010986328 42.3354988098145 42.3354988098145 42.3354988098145 42.4225997924805 42.3354988098145 42.222599029541 42.1226005554199 42.1226005554199 42.222599029541 42.3226013183594 42.309700012207 42.309700012207 42.222599029541 42.222599029541 42.222599029541 42.309700012207 42.1226005554199 42.0097007751465 41.9096984863281 41.809700012207 41.7097015380859 41.6096992492676 41.5097007751465 41.4096984863281 41.1968002319336 40.9096984863281 40.7967987060547 40.5968017578125 40.396800994873 40.4967994689941 40.2967987060547 39.9838981628418 39.7900009155273 40.0839004516602 40.0968017578125 40.4096984863281 41.0612983703613 40.9000015258789 -3.4e+38 38.2290000915527 -3.4e+38 -3.4e+38 -3.4e+38
41.2742004394531 41.4742012023926 41.6613006591797 41.9483985900879 42.1483993530273 42.4355010986328 42.2355003356934 42.4225997924805 42.3226013183594 42.3226013183594 41.9225997924805 41.9355010986328 42.1226005554199 42.309700012207 42.3226013183594 42.1226005554199 42.1226005554199 42.222599029541 42.222599029541 42.1226005554199 42.0097007751465 41.9225997924805 41.9096984863281 41.809700012207 41.7097015380859 41.6226005554199 41.5097007751465 41.4096984863281 41.309700012207 41.0097007751465 40.809700012207 40.6096992492676 40.6968002319336 40.7097015380859 40.4096984863281 40.1968002319336 40.2967987060547 40.5097007751465 40.5225982666016 40.8484001159668 40.9870986938477 -3.4e+38 -3.4e+38 38.4258003234863 -3.4e+38 -3.4e+38 38.7806015014648
41.5741996765137 41.6741981506348 41.6613006591797 41.8484001159668 41.9483985900879 42.3354988098145 42.2355003356934 42.3226013183594 42.3354988098145 42.4225997924805 41.8354988098145 41.9355010986328 42.1226005554199 42.1226005554199 42.3226013183594 42.222599029541 42.1226005554199 42.1226005554199 42.2097015380859 42.0225982666016 41.9225997924805 41.9096984863281 41.8226013183594 41.722599029541 41.722599029541 41.7097015380859 41.5097007751465 41.4096984863281 41.309700012207 41.1096992492676 41.0097007751465 40.9967994689941 40.9096984863281 40.9096984863281 40.6096992492676 40.4096984863281 40.5097007751465 40.722599029541 40.8354988098145 40.9483985900879 40.7871017456055 -3.4e+38 -3.4e+38 38.9418983459473 -3.4e+38 -3.4e+38 38.980598449707
