ENMTML/All_vars/Predictors/EUR_only/bio5.asc
NCOLS 440 
NROWS 275 
XLLCORNER -11.5 
YLLCORNER 25.4999999994691 
CELLSIZE 0.166666666666667 
NODATA_value -3.4e+38 
[rows 210 to 230 of 275, columns 282 to 328 of 440]
-3.4e+38 -3.4e+38 28.2451992034912 30.2581005096436 32.1710014343262 33.2644996643066 33.8451995849609 34.2290000915527 34.6226005554199 35.4418983459473 35.9225997924805 36.722599029541 37.4225997924805 37.6418991088867 37.6805992126465 38 37.9870986938477 37.6870994567871 38.0741996765137 38.3613014221191 38.6613006591797 38.8613014221191 38.9483985900879 39.0484008789062 39.1483993530273 39.2484016418457 39.1483993530273 39.2484016418457 39.4483985900879 39.6613006591797 40.0612983703613 40.2612991333008 40.0741996765137 39.8741989135742 39.6741981506348 39.5741996765137 39.4742012023926 39.6870994567871 39.9742012023926 40.4742012023926 40.9742012023926 41.3613014221191 41.5612983703613 41.6613006591797 41.9742012023926 42.4612998962402 42.8613014221191
-3.4e+38 -3.4e+38 30.0741996765137 30.56130027771 31.9515991210938 33.2452011108398 33.432300567627 35.0289993286133 35.9418983459473 36.4612998962402 36.6226005554199 37.4031982421875 37.8226013183594 37.9418983459473 37.9418983459473 38 37.7999992370605 37.7000007629395 37.9742012023926 38.2612991333008 38.5612983703613 38.8613014221191 39.1483993530273 39.2484016418457 39.3484001159668 39.5484008789062 39.7484016418457 39.8484001159668 39.9483985900879 40.0612983703613 40.1741981506348 40.2742004394531 40.1741981506348 40.1741981506348 40.087100982666 40.1741981506348 40.1870994567871 40.2742004394531 40.4742012023926 40.7742004394531 41.2612991333008 41.6613006591797 41.9612998962402 42.1613006591797 42.2612991333008 42.4742012023926 42.8613014221191
-3.4e+38 -3.4e+38 29.5548000335693 30.4484004974365 32.5419006347656 34.032299041748 34.0225982666016 35.3194007873535 36.5612983703613 37.2419013977051 37.103199005127 36.9838981628418 37.8838996887207 38.103199005127 37.9418983459473 37.8805999755859 37.980598449707 37.9000015258789 37.8741989135742 38.0741996765137 38.3741989135742 38.8613014221191 39.2484016418457 39.4483985900879 39.6483993530273 39.7484016418457 39.7612991333008 39.9483985900879 40.0484008789062 40.1613006591797 40.1613006591797 40.2742004394531 40.3741989135742 40.1741981506348 40.1741981506348 40.2742004394531 40.4742012023926 40.5741996765137 40.6741981506348 40.8741989135742 41.2742004394531 41.6741981506348 42.0612983703613 42.3613014221191 42.4612998962402 42.6613006591797 42.9742012023926
-3.4e+38 -3.4e+38 31.1613006591797 31.9515991210938 31.6354999542236 34.0225982666016 33.3064994812012 35.5032005310059 36.722599029541 37.5225982666016 37.8031997680664 37.8676986694336 37.9645004272461 38.0839004516602 38.0225982666016 37.8613014221191 37.8805999755859 37.8805999755859 37.8871002197266 38.1741981506348 38.1741981506348 38.5612983703613 38.9612998962402 39.3613014221191 39.6613006591797 39.8613014221191 39.8613014221191 39.8613014221191 39.9612998962402 40.1613006591797 40.2612991333008 40.3741989135742 40.3741989135742 40.2742004394531 40.3741989135742 40.4742012023926 40.5741996765137 40.7742004394531 40.9742012023926 41.0741996765137 41.3741989135742 41.6741981506348 42.0612983703613 42.4612998962402 42.5612983703613 42.7742004394531 43.0612983703613
-3.4e+38 31.06130027771 31.6613006591797 31.2516002655029 30.7387008666992 34.0419006347656 34.9225997924805 36.0032005310059 36.6226005554199 37.3838996887207 37.9838981628418 38.1677017211914 38.0839004516602 38.0032005310059 37.8226013183594 37.7612991333008 37.8613014221191 37.7999992370605 38 38.2871017456055 38.2871017456055 38.4742012023926 38.5741996765137 38.7742004394531 39.0612983703613 39.5612983703613 40.1613006591797 40.0612983703613 40.1613006591797 40.3613014221191 40.3741989135742 40.4742012023926 40.3741989135742 40.3871002197266 40.6741981506348 40.5741996765137 40.5741996765137 40.9742012023926 41.1741981506348 41.1741981506348 41.4742012023926 41.7742004394531 42.0612983703613 42.3741989135742 42.6613006591797 42.8613014221191 43.1613006591797
-3.4e+38 -3.4e+38 31.8612995147705 31.9515991210938 31.432300567627 35.3418998718262 36.222599029541 36.722599029541 36.9031982421875 37.1838989257812 37.4838981628418 37.7032012939453 37.7839012145996 37.603199005127 37.5225982666016 37.7419013977051 37.8613014221191 37.980598449707 38.0999984741211 38.0999984741211 38.087100982666 37.8871002197266 37.5741996765137 37.587100982666 38.1741981506348 39.0741996765137 39.7742004394531 40.3613014221191 40.3613014221191 40.3741989135742 40.4742012023926 40.3741989135742 40.4742012023926 40.6741981506348 40.6741981506348 40.5741996765137 40.5741996765137 40.8741989135742 41.1613006591797 41.3741989135742 41.5741996765137 41.7612991333008 42.0612983703613 42.3741989135742 42.7612991333008 42.7612991333008 42.9612998962402
-3.4e+38 -3.4e+38 31.7581005096436 30.9515991210938 29.1354999542236 35.1161003112793 36.2999992370605 36.8031997680664 36.103199005127 36.4031982421875 36.5032005310059 36.8031997680664 37.0032005310059 36.9225997924805 37.0419006347656 37.3613014221191 37.4612998962402 37.5806007385254 37.7806015014648 37.9000015258789 37.9000015258789 37.7000007629395 37.3871002197266 37.9870986938477 38.7742004394531 39.2742004394531 39.7612991333008 40.0612983703613 40.4612998962402 40.4742012023926 40.3871002197266 40.3871002197266 40.5741996765137 40.7742004394531 40.6741981506348 40.6741981506348 40.5741996765137 40.6741981506348 40.8741989135742 41.1741981506348 41.4612998962402 41.6741981506348 41.9612998962402 42.3613014221191 42.7612991333008 42.8741989135742 42.8613014221191
-3.4e+38 -3.4e+38 30.8645000457764 30.6548004150391 29.43869972229 33.7322998046875 35.2128982543945 36.1968002319336 35.896800994873 35.603199005127 35.603199005127 35.5032005310059 35.7032012939453 35.8226013183594 35.6418991088867 35.9418983459473 36.5612983703613 36.980598449707 36.7806015014648 37.3805999755859 38.0999984741211 38.4870986938477 38.4870986938477 38.7999992370605 39.3871002197266 39.587100982666 39.8741989135742 40.0741996765137 40.1870994567871 40.4742012023926 40.4742012023926 40.4742012023926 40.5741996765137 40.7742004394531 40.7871017456055 40.7742004394531 40.6741981506348 40.6741981506348 40.6741981506348 40.9742012023926 41.2742004394531 41.6613006591797 41.9612998962402 42.3613014221191 42.7612991333008 43.0612983703613 43.0612983703613
-3.4e+38 -3.4e+38 30.2677001953125 30.56130027771 30.2451992034912 31.7451992034912 33.432300567627 34.222599029541 34.6128997802734 34.6226005554199 34.4225997924805 34.3226013183594 34.0225982666016 34.222599029541 33.722599029541 34.3613014221191 34.6613006591797 34.6613006591797 35.6805992126465 37.480598449707 38.0999984741211 38.5999984741211 39 39.3871002197266 39.587100982666 39.7000007629395 39.8871002197266 40.087100982666 40.1741981506348 40.2871017456055 40.3871002197266 40.3871002197266 40.4870986938477 40.6870994567871 40.7871017456055 40.6870994567871 40.4870986938477 40.3871002197266 40.4742012023926 40.8741989135742 41.2612991333008 41.5612983703613 41.8613014221191 42.2742004394531 42.7612991333008 43.0612983703613 43.0612983703613
-3.4e+38 -3.4e+38 30.2709999084473 30.4710006713867 30.6613006591797 30.4515991210938 30.9547996520996 32.0452003479004 32.6290016174316 33.0419006347656 32.7419013977051 33.1418991088867 34.2419013977051 34.9418983459473 34.7419013977051 34.9418983459473 35.7612991333008 36.1613006591797 37.1805992126465 37.8805999755859 38.2000007629395 38.5999984741211 39 39.2806015014648 39.4000015258789 39.587100982666 39.7000007629395 39.9000015258789 40 40.0999984741211 40.2000007629395 40.4000015258789 40.4000015258789 40.5 40.6870994567871 40.4870986938477 40.2871017456055 40.3741989135742 40.4742012023926 40.7742004394531 41.0741996765137 41.4742012023926 41.8613014221191 42.2742004394531 42.7612991333008 43.0612983703613 43.0612983703613
-3.4e+38 -3.4e+38 -3.4e+38 30.2709999084473 30.1452007293701 30.0484008789062 29.8612995147705 30.4419002532959 31.2418994903564 32.3418998718262 33.1418991088867 34.0419006347656 35.0419006347656 35.7612991333008 36.5419006347656 37.1613006591797 37.5612983703613 38.1613006591797 38.2806015014648 38.3805999755859 38.5806007385254 38.7806015014648 38.9000015258789 39 39.1805992126465 39.2000007629395 39.4000015258789 39.5999984741211 39.7999992370605 40 40.0999984741211 40.2999992370605 40.4000015258789 40.5 40.5 40.4870986938477 40.587100982666 40.8741989135742 40.8741989135742 40.8741989135742 41.0612983703613 41.3741989135742 41.7742004394531 42.1741981506348 42.6741981506348 43.0612983703613 43.0612983703613
-3.4e+38 -3.4e+38 30.2548007965088 28.0193996429443 25.6935005187988 30.4258003234863 30.2355003356934 30.4419002532959 31.06130027771 31.9806003570557 33.0612983703613 34.3418998718262 35.2612991333008 35.8613014221191 36.1613006591797 36.8418998718262 37.9612998962402 38.2612991333008 38.2612991333008 38.3613014221191 38.4612998962402 38.4612998962402 38.4612998962402 38.5612983703613 38.7806015014648 38.980598449707 39.0806007385254 39.2806015014648 39.5806007385254 39.6805992126465 39.8805999755859 40.0999984741211 40.3805999755859 40.4000015258789 40.5 40.587100982666 40.6870994567871 40.7742004394531 41.0741996765137 41.2742004394531 41.4742012023926 41.5741996765137 41.6741981506348 42.1741981506348 42.6741981506348 43.0612983703613 43.0612983703613
-3.4e+38 30.2418994903564 27.7096996307373 21.809700012207 27.7935009002686 30.7226009368896 27.8225994110107 30.3418998718262 31.1613006591797 31.8805999755859 32.980598449707 33.7612991333008 34.2612991333008 34.2612991333008 35.3418998718262 36.7419013977051 37.4612998962402 37.8613014221191 37.9612998962402 37.8613014221191 37.7806015014648 37.8613014221191 37.9612998962402 38.1613006591797 38.4612998962402 38.6613006591797 38.9612998962402 39.1805992126465 39.3805999755859 39.5612983703613 39.6805992126465 39.8805999755859 40.0806007385254 40.2999992370605 40.2000007629395 40.2000007629395 40.4000015258789 40.587100982666 40.8871002197266 41.2742004394531 41.5741996765137 41.7871017456055 41.7742004394531 42.087100982666 42.6741981506348 43.0741996765137 43.0741996765137
-3.4e+38 28.5226001739502 24.0160999298096 30.9032001495361 31.0226001739502 23.7064990997314 25.6032009124756 30.2418994903564 30.3612995147705 32.1613006591797 32.6805992126465 32.5612983703613 33.4612998962402 34.2612991333008 35.2612991333008 36.2612991333008 36.9612998962402 37.3418998718262 37.2419013977051 37.0612983703613 37.1613006591797 37.3418998718262 37.6613006591797 37.9418983459473 38.1613006591797 38.4612998962402 38.7612991333008 39.0612983703613 39.2612991333008 39.4612998962402 39.6613006591797 39.6613006591797 39.7612991333008 39.980598449707 39.980598449707 39.980598449707 40.2000007629395 40.3871002197266 40.6870994567871 41.087100982666 41.4870986938477 41.8871002197266 41.9870986938477 42.1741981506348 42.5741996765137 43.0741996765137 43.2612991333008
30.9419002532959 27.6226005554199 25.9193992614746 32.3226013183594 25.0258007049561 24.4193992614746 27.9419002532959 31.1613006591797 32.7806015014648 32.7806015014648 32.9612998962402 33.1613006591797 33.3418998718262 33.9612998962402 34.8613014221191 35.6613006591797 36.2612991333008 36.5612983703613 36.8418998718262 36.9418983459473 37.1418991088867 37.2612991333008 37.5612983703613 37.7419013977051 37.9418983459473 38.2419013977051 38.5419006347656 38.8418998718262 39.0419006347656 39.2419013977051 39.4418983459473 39.4612998962402 39.5612983703613 39.6805992126465 39.7806015014648 39.8805999755859 40.0806007385254 40.2999992370605 40.6870994567871 40.9870986938477 41.3871002197266 41.7999992370605 42.1870994567871 42.3871002197266 42.5741996765137 42.9742012023926 43.2612991333008
29.3323001861572 27.8194007873535 31.5065002441406 26.93869972229 23.93869972229 28.3418998718262 32.3613014221191 33.7000007629395 33.1805992126465 33.7806015014648 34.1805992126465 34.1805992126465 34.3613014221191 34.6418991088867 35.0419006347656 35.6418991088867 36.0612983703613 36.4418983459473 36.6613006591797 36.9418983459473 37.0612983703613 37.2419013977051 37.4418983459473 37.6418991088867 37.7419013977051 38.0419006347656 38.4225997924805 38.6226005554199 38.7419013977051 39.0225982666016 39.222599029541 39.2419013977051 39.4612998962402 39.6613006591797 39.7806015014648 39.9000015258789 40.0999984741211 40.4000015258789 40.5999984741211 40.9000015258789 41.2999992370605 41.7871017456055 42.1870994567871 42.587100982666 42.587100982666 42.8871002197266 43.1741981506348
27.7290000915527 28.7194004058838 27.5323009490967 30.9129009246826 32.8418998718262 34.6805992126465 35.2871017456055 34.8871002197266 34.4000015258789 34.4000015258789 34.5806007385254 34.980598449707 35.0806007385254 35.2612991333008 35.4612998962402 35.7419013977051 36.0419006347656 36.2612991333008 36.5419006347656 36.7419013977051 36.9612998962402 37.1418991088867 37.3418998718262 37.4418983459473 37.5419006347656 37.8226013183594 38.1226005554199 38.5225982666016 39.0032005310059 39.222599029541 39.222599029541 39.1418991088867 39.3613014221191 39.6418991088867 39.8613014221191 39.980598449707 40.1805992126465 40.4000015258789 40.5999984741211 40.8805999755859 41.2999992370605 41.7871017456055 42.1870994567871 42.587100982666 42.7871017456055 42.9742012023926 43.0741996765137
29.0323009490967 27.3290004730225 25.8355007171631 32.603199005127 35.2419013977051 35.5806007385254 35.4870986938477 35.2871017456055 34.7000007629395 34.5 34.980598449707 35.4000015258789 35.6805992126465 35.7612991333008 35.8805999755859 35.9612998962402 35.9612998962402 36.0612983703613 36.3418998718262 36.6613006591797 36.8613014221191 37.0419006347656 37.2419013977051 37.3418998718262 37.4418983459473 37.5419006347656 38.0225982666016 38.3226013183594 38.603199005127 38.6226005554199 38.8226013183594 39.222599029541 39.4418983459473 39.6418991088867 39.7612991333008 39.980598449707 40.2612991333008 40.480598449707 40.6805992126465 40.9000015258789 41.2871017456055 41.6870994567871 42.0999984741211 42.4870986938477 42.7871017456055 42.9742012023926 43.1870994567871
31.9354991912842 28.3323001861572 29.8194007873535 32.7032012939453 34.3226013183594 35.0806007385254 35.2000007629395 35.1805992126465 35.0999984741211 34.9000015258789 35.3805999755859 35.7999992370605 35.980598449707 36.0806007385254 36.1805992126465 36.2806015014648 36.1805992126465 36.0612983703613 36.2612991333008 36.5612983703613 36.8613014221191 36.9612998962402 37.1418991088867 37.2419013977051 37.3418998718262 37.5419006347656 37.9225997924805 38.103199005127 38.4031982421875 38.603199005127 39.0032005310059 39.1226005554199 39.3418998718262 39.5612983703613 39.8613014221191 39.980598449707 40.2806015014648 40.5806007385254 40.7806015014648 40.9000015258789 41.2000007629395 41.5999984741211 42.087100982666 42.3871002197266 42.7871017456055 42.9742012023926 43.087100982666
33.3354988098145 30.4290008544922 30.4258003234863 32.6194000244141 34.019401550293 34.4418983459473 34.1418991088867 34.0612983703613 34.8805999755859 35.480598449707 35.7806015014648 36.0806007385254 36.1805992126465 36.2806015014648 36.3805999755859 36.4000015258789 36.3805999755859 36.1805992126465 36.3613014221191 36.5806007385254 36.6805992126465 36.8613014221191 36.8805999755859 37.0612983703613 37.1613006591797 37.3418998718262 37.722599029541 38.0225982666016 38.5097007751465 38.8064994812012 38.9225997924805 39.0419006347656 39.3418998718262 39.6613006591797 39.7806015014648 39.980598449707 40.2806015014648 40.5806007385254 40.7999992370605 41 41.2000007629395 41.5 41.9870986938477 42.3871002197266 42.6870994567871 42.9870986938477 43.1741981506348
34.8418998718262 33.2322998046875 31.9354991912842 32.8386993408203 33.6418991088867 33.4355010986328 32.6323013305664 31.8290004730225 33.7419013977051 35.1613006591797 35.8805999755859 36.0806007385254 36.2999992370605 36.5 36.5999984741211 36.7000007629395 36.5999984741211 36.5 36.4000015258789 36.5 36.5999984741211 36.7000007629395 36.6805992126465 36.8805999755859 37.0612983703613 37.2612991333008 37.7419013977051 38.0225982666016 38.3226013183594 38.5097007751465 38.722599029541 39.1226005554199 39.3613014221191 39.6418991088867 39.7612991333008 39.980598449707 40.2806015014648 40.480598449707 40.7999992370605 41 41.2999992370605 41.587100982666 41.8871002197266 42.2871017456055 42.587100982666 42.8871002197266 43.1741981506348
