ENMTML/All_vars/Predictors/EUR_only/bio5.asc
NCOLS 440 
NROWS 275 
XLLCORNER -11.5 
YLLCORNER 25.4999999994691 
CELLSIZE 0.166666666666667 
NODATA_value -3.4e+38 
[rows 84 to 104 of 275, columns 282 to 328 of 440]
22.3700008392334 22.5599994659424 22.6599998474121 22.6599998474121 22.75 22.75 22.75 22.75 22.7600002288818 22.8500003814697 22.8500003814697 22.9500007629395 22.9500007629395 23.0400009155273 23.0400009155273 23.0400009155273 22.9400005340576 22.8400001525879 22.8400001525879 22.9400005340576 23.0400009155273 23.0400009155273 23.1499996185303 23.3400001525879 23.3400001525879 23.2399997711182 23.1499996185303 23.1399993896484 23.1399993896484 23.1399993896484 23.1399993896484 23.2299995422363 23.2299995422363 23.2399997711182 23.3299999237061 23.3299999237061 23.3299999237061 23.2299995422363 23.3299999237061 23.2299995422363 23.2299995422363 23.3299999237061 23.3299999237061 23.3299999237061 23.3299999237061 23.4300003051758 23.3400001525879
22.5699996948242 22.6599998474121 22.6700000762939 22.7600002288818 22.7600002288818 22.7600002288818 22.7600002288818 22.7600002288818 22.8600006103516 22.9500007629395 22.9500007629395 23.0499992370605 23.0499992370605 23.0499992370605 23.0499992370605 23.0400009155273 23.0400009155273 22.9400005340576 22.7399997711182 22.8400001525879 22.9400005340576 22.9500007629395 23.1499996185303 23.2399997711182 23.1399993896484 23.2399997711182 23.2399997711182 23.2399997711182 23.1499996185303 23.2399997711182 23.2399997711182 23.2399997711182 23.3400001525879 23.3400001525879 23.4300003051758 23.4400005340576 23.4300003051758 23.3400001525879 23.3400001525879 23.4300003051758 23.4300003051758 23.3400001525879 23.3400001525879 23.2399997711182 23.3299999237061 23.4400005340576 23.4400005340576
22.6700000762939 22.7700004577637 22.7700004577637 22.7600002288818 22.7700004577637 22.8600006103516 22.8600006103516 22.8600006103516 22.8600006103516 22.9500007629395 23.0499992370605 23.0499992370605 23.0499992370605 23.0499992370605 23.1399993896484 23.0499992370605 23.1399993896484 23.0499992370605 23.0499992370605 23.0400009155273 23.0499992370605 23.1499996185303 23.1399993896484 23.1499996185303 23.2399997711182 23.25 23.3500003814697 23.3400001525879 23.25 23.25 23.3400001525879 23.3500003814697 23.4400005340576 23.4400005340576 23.4400005340576 23.5400009155273 23.5400009155273 23.4400005340576 23.4400005340576 23.4400005340576 23.5300006866455 23.4400005340576 23.4300003051758 23.3400001525879 23.3400001525879 23.4400005340576 23.5400009155273
22.6800003051758 22.6700000762939 22.6700000762939 22.7700004577637 22.8600006103516 22.8600006103516 22.8600006103516 22.9599990844727 22.9599990844727 23.0499992370605 23.0499992370605 23.0499992370605 23.0499992370605 23.1399993896484 23.1499996185303 23.1499996185303 23.1499996185303 23.1499996185303 23.0499992370605 23.0499992370605 23.0499992370605 23.0499992370605 23.1499996185303 23.2399997711182 23.25 23.3500003814697 23.3500003814697 23.4500007629395 23.4500007629395 23.4400005340576 23.3500003814697 23.4500007629395 23.5400009155273 23.5400009155273 23.5400009155273 23.6399993896484 23.6399993896484 23.5400009155273 23.5300006866455 23.5400009155273 23.6399993896484 23.5400009155273 23.5400009155273 23.4400005340576 23.4400005340576 23.4500007629395 23.5499992370605
22.6700000762939 22.6700000762939 22.6700000762939 22.8700008392334 22.9599990844727 22.8700008392334 22.8700008392334 22.8600006103516 22.9599990844727 23.0599994659424 23.0499992370605 23.0499992370605 23.1499996185303 23.1499996185303 23.0499992370605 23.1399993896484 22.9500007629395 22.8500003814697 23.0499992370605 22.9500007629395 22.9500007629395 22.9500007629395 23.0599994659424 23.0499992370605 23.25 23.2399997711182 23.3500003814697 23.4500007629395 23.5499992370605 23.5499992370605 23.5400009155273 23.4500007629395 23.5499992370605 23.6399993896484 23.5499992370605 23.6399993896484 23.7399997711182 23.7399997711182 23.6399993896484 23.6399993896484 23.6399993896484 23.6399993896484 23.5499992370605 23.5400009155273 23.5499992370605 23.5499992370605 23.6399993896484
22.7700004577637 22.8700008392334 22.8700008392334 22.8700008392334 22.8600006103516 22.8600006103516 22.8600006103516 22.8600006103516 22.8600006103516 22.8600006103516 22.9599990844727 23.0599994659424 23.0499992370605 22.8500003814697 22.8400001525879 22.75 22.8500003814697 22.9500007629395 23.0499992370605 23.0499992370605 23.0499992370605 23.0599994659424 23.0599994659424 23.1499996185303 23.1599998474121 23.3500003814697 23.25 23.25 23.4500007629395 23.5499992370605 23.6499996185303 23.6499996185303 23.6499996185303 23.75 23.75 23.6499996185303 23.6499996185303 23.6399993896484 23.75 23.75 23.7399997711182 23.7399997711182 23.7399997711182 23.6499996185303 23.6399993896484 23.6399993896484 23.6499996185303
22.7800006866455 22.8700008392334 22.8700008392334 22.8700008392334 22.6700000762939 22.5599994659424 22.4699993133545 22.6599998474121 22.6599998474121 22.6599998474121 22.6599998474121 22.8500003814697 22.9500007629395 22.8600006103516 22.8600006103516 22.9500007629395 22.9500007629395 23.0499992370605 23.1599998474121 23.25 23.2600002288818 23.1599998474121 23.1499996185303 23.2600002288818 23.2600002288818 23.2600002288818 23.4599990844727 23.3600006103516 23.4500007629395 23.4599990844727 23.6599998474121 23.6599998474121 23.75 23.75 23.6499996185303 23.5499992370605 23.6499996185303 23.6499996185303 23.6499996185303 23.75 23.75 23.75 23.8400001525879 23.8400001525879 23.8400001525879 23.8500003814697 23.8400001525879
22.5799999237061 22.6800003051758 22.7700004577637 22.4699993133545 22.4699993133545 22.4699993133545 22.5699996948242 22.7600002288818 22.7600002288818 22.6599998474121 22.6599998474121 22.8500003814697 22.9599990844727 23.0499992370605 23.0599994659424 23.1499996185303 23.1499996185303 23.25 23.3600006103516 23.3600006103516 23.3600006103516 23.3600006103516 23.3600006103516 23.3600006103516 23.5599994659424 23.4500007629395 23.5599994659424 23.6599998474121 23.6599998474121 23.6599998474121 23.6599998474121 23.7600002288818 23.75 23.5599994659424 23.5599994659424 23.6499996185303 23.6499996185303 23.75 23.75 23.75 23.75 23.75 23.7600002288818 23.8500003814697 23.8500003814697 23.8500003814697 23.7600002288818
22.4799995422363 22.5699996948242 22.5799999237061 22.4699993133545 22.4799995422363 22.5699996948242 22.6700000762939 22.7700004577637 22.7700004577637 22.6700000762939 22.7700004577637 22.9599990844727 23.0599994659424 23.1599998474121 23.25 23.2600002288818 23.3600006103516 23.3600006103516 23.4599990844727 23.4699993133545 23.4699993133545 23.5699996948242 23.5699996948242 23.5599994659424 23.6599998474121 23.6599998474121 23.6700000762939 23.6599998474121 23.5599994659424 23.5599994659424 23.6599998474121 23.7600002288818 23.8500003814697 23.6499996185303 23.6499996185303 23.75 23.75 23.7600002288818 23.8500003814697 23.8500003814697 23.8500003814697 23.9500007629395 23.8500003814697 23.75 23.7600002288818 23.75 23.75
22.5699996948242 22.6700000762939 22.6800003051758 22.7700004577637 22.6800003051758 22.6700000762939 22.6700000762939 22.7800006866455 22.8700008392334 22.8799991607666 22.8700008392334 22.9699993133545 23.0699996948242 23.2600002288818 23.2600002288818 23.3600006103516 23.3700008392334 23.3700008392334 23.4699993133545 23.5699996948242 23.5699996948242 23.6599998474121 23.6700000762939 23.6700000762939 23.7600002288818 23.7600002288818 23.7700004577637 23.7600002288818 23.7600002288818 23.7600002288818 23.7600002288818 23.7600002288818 23.7600002288818 23.7600002288818 23.6499996185303 23.7600002288818 23.7600002288818 23.8600006103516 23.9599990844727 23.9599990844727 24.0499992370605 23.9500007629395 23.75 23.6599998474121 23.75 23.7600002288818 23.6599998474121
22.4799995422363 22.6700000762939 22.7800006866455 22.8700008392334 22.7800006866455 22.7700004577637 22.8700008392334 22.7700004577637 22.7800006866455 22.7800006866455 22.8700008392334 22.8799991607666 22.8799991607666 23.1700000762939 23.3700008392334 23.4699993133545 23.4699993133545 23.4699993133545 23.4699993133545 23.5699996948242 23.6700000762939 23.6700000762939 23.6700000762939 23.7700004577637 23.8600006103516 23.8600006103516 23.8700008392334 23.8600006103516 23.8600006103516 23.8700008392334 23.8600006103516 23.8600006103516 23.8600006103516 23.8600006103516 23.6599998474121 23.8600006103516 23.8600006103516 23.8600006103516 23.9599990844727 24.0599994659424 24.1499996185303 24.0499992370605 23.9599990844727 23.8600006103516 23.8600006103516 23.7600002288818 23.7600002288818
22.4699993133545 22.6700000762939 22.7700004577637 22.7800006866455 22.8700008392334 22.7800006866455 22.8700008392334 22.8700008392334 22.7800006866455 22.7800006866455 22.8799991607666 22.9799995422363 23.0799999237061 23.1800003051758 23.2700004577637 23.3700008392334 23.5699996948242 23.6700000762939 23.6700000762939 23.6700000762939 23.6700000762939 23.6700000762939 23.7700004577637 23.7700004577637 23.7700004577637 23.7700004577637 23.8700008392334 23.8700008392334 23.9699993133545 23.8700008392334 23.8700008392334 23.9599990844727 23.8700008392334 23.9599990844727 23.7700004577637 23.8600006103516 23.8600006103516 23.8600006103516 24.0599994659424 24.1599998474121 24.0599994659424 24.0499992370605 24.0599994659424 23.9599990844727 23.9599990844727 23.9500007629395 23.8600006103516
22.5799999237061 22.7700004577637 22.7800006866455 22.8700008392334 22.9699993133545 22.8799991607666 22.9699993133545 22.9699993133545 22.9699993133545 22.8799991607666 22.8799991607666 22.9799995422363 23.0799999237061 23.0799999237061 23.1800003051758 23.3799991607666 23.4799995422363 23.5699996948242 23.6700000762939 23.7700004577637 23.6700000762939 23.6700000762939 23.8700008392334 23.9699993133545 23.8700008392334 23.8799991607666 23.9699993133545 24.0699996948242 24.0699996948242 23.9699993133545 23.9699993133545 24.0699996948242 24.0699996948242 24.0699996948242 23.9599990844727 23.8700008392334 23.9599990844727 23.9699993133545 24.1599998474121 24.0599994659424 24.0599994659424 23.9599990844727 23.9599990844727 23.9500007629395 23.8600006103516 23.8600006103516 23.8600006103516
22.7700004577637 22.7800006866455 22.8799991607666 22.9799995422363 23.0699996948242 22.9799995422363 23.0799999237061 23.0799999237061 23.0799999237061 23.0799999237061 23.0799999237061 23.1800003051758 23.1800003051758 23.1800003051758 23.2800006866455 23.3799991607666 23.3799991607666 23.4799995422363 23.6700000762939 23.7800006866455 23.8700008392334 23.9799995422363 24.0799999237061 24.0699996948242 24.0799999237061 24.0699996948242 24.0699996948242 24.0799999237061 24.1700000762939 24.0699996948242 24.0699996948242 24.1700000762939 24.1700000762939 24.1700000762939 24.0599994659424 24.0599994659424 24.0599994659424 24.2600002288818 24.1599998474121 24.0599994659424 23.9699993133545 23.9599990844727 23.9599990844727 23.9599990844727 23.8700008392334 23.8600006103516 23.8600006103516
22.8799991607666 22.9799995422363 22.9799995422363 22.9799995422363 23.0699996948242 23.0799999237061 22.9699993133545 23.0799999237061 23.1800003051758 23.1800003051758 23.2800006866455 23.2900009155273 23.2900009155273 23.3799991607666 23.3799991607666 23.4799995422363 23.5799999237061 23.5799999237061 23.6800003051758 23.7800006866455 23.7800006866455 23.8799991607666 23.9799995422363 24.0799999237061 24.0799999237061 24.1800003051758 24.1800003051758 24.1700000762939 24.1800003051758 24.1700000762939 24.1700000762939 24.1700000762939 24.2700004577637 24.2700004577637 24.1700000762939 24.1700000762939 24.0699996948242 24.2700004577637 24.2600002288818 24.1599998474121 24.1599998474121 24.0599994659424 24.0599994659424 24.1599998474121 24.2600002288818 24.1599998474121 24.0599994659424
23.0799999237061 23.1700000762939 23.1800003051758 23.1800003051758 23.0799999237061 22.9799995422363 23.0699996948242 23.0799999237061 23.0799999237061 23.1800003051758 23.2900009155273 23.1800003051758 23.1800003051758 23.2800006866455 23.3899993896484 23.4799995422363 23.4799995422363 23.5799999237061 23.6800003051758 23.7800006866455 23.8799991607666 23.8799991607666 23.9899997711182 24.1900005340576 24.1800003051758 24.2900009155273 24.2800006866455 24.2800006866455 24.2800006866455 24.3700008392334 24.3700008392334 24.3700008392334 24.3799991607666 24.3799991607666 24.2600002288818 24.2700004577637 24.2700004577637 24.3700008392334 24.4599990844727 24.1700000762939 24.2600002288818 24.2600002288818 24.2600002288818 24.3600006103516 24.3600006103516 24.3600006103516 24.2700004577637
23.1700000762939 23.1800003051758 23.1800003051758 23.1800003051758 23.1800003051758 23.0799999237061 23.0799999237061 23.0799999237061 23.0900001525879 23.2800006866455 23.2800006866455 23.1800003051758 23.1800003051758 23.2800006866455 23.3899993896484 23.3799991607666 23.4899997711182 23.5900001525879 23.7800006866455 23.8799991607666 23.8899993896484 23.9799995422363 24.0900001525879 24.1800003051758 24.2800006866455 24.2800006866455 24.3799991607666 24.3799991607666 24.3799991607666 24.3799991607666 24.3799991607666 24.4699993133545 24.5699996948242 24.4799995422363 24.3700008392334 24.2700004577637 24.3700008392334 24.3700008392334 24.4699993133545 24.4599990844727 24.3600006103516 24.4599990844727 24.4699993133545 24.3600006103516 24.2600002288818 24.2600002288818 24.3600006103516
23.0699996948242 23.0699996948242 23.1700000762939 23.2800006866455 23.1800003051758 23.1800003051758 23.1900005340576 23.1900005340576 23.1800003051758 23.2800006866455 23.2800006866455 23.2800006866455 23.1900005340576 23.2800006866455 23.3799991607666 23.4899997711182 23.5900001525879 23.7800006866455 23.8799991607666 23.9899997711182 23.9899997711182 24.0799999237061 24.0900001525879 24.0900001525879 24.0900001525879 24.1800003051758 24.2900009155273 24.3799991607666 24.4799995422363 24.4799995422363 24.5699996948242 24.5799999237061 24.5799999237061 24.4699993133545 24.3700008392334 24.2800006866455 24.3700008392334 24.4599990844727 24.5599994659424 24.5699996948242 24.4699993133545 24.5699996948242 24.5599994659424 24.5599994659424 24.3700008392334 24.3700008392334 24.3600006103516
23.0699996948242 23.1700000762939 23.1700000762939 23.3799991607666 23.3799991607666 23.2700004577637 23.1800003051758 23.1700000762939 23.1800003051758 23.3799991607666 23.4799995422363 23.4899997711182 23.4899997711182 23.4899997711182 23.5799999237061 23.5900001525879 23.6900005340576 23.6900005340576 23.7900009155273 23.9899997711182 24.0900001525879 24.1900005340576 24.2900009155273 24.2800006866455 24.2800006866455 24.2800006866455 24.3899993896484 24.4899997711182 24.5799999237061 24.4799995422363 24.4799995422363 24.4799995422363 24.5799999237061 24.5699996948242 24.4699993133545 24.3700008392334 24.3700008392334 24.4699993133545 24.6700000762939 24.5699996948242 24.4699993133545 24.4599990844727 24.5699996948242 24.5699996948242 24.5599994659424 24.4699993133545 24.4599990844727
23.1700000762939 23.3700008392334 23.3700008392334 23.1700000762939 23.4699993133545 23.4699993133545 23.3799991607666 23.1800003051758 23.2800006866455 23.4799995422363 23.4799995422363 23.3899993896484 23.4799995422363 23.6900005340576 23.5900001525879 23.6800003051758 23.7900009155273 23.7900009155273 23.8899993896484 23.9899997711182 24.0900001525879 24.0900001525879 24.2900009155273 24.2900009155273 24.3899993896484 24.4899997711182 24.5799999237061 24.5900001525879 24.6800003051758 24.5799999237061 24.4799995422363 24.5699996948242 24.6700000762939 24.4699993133545 24.5699996948242 24.4699993133545 24.4699993133545 24.5699996948242 24.6700000762939 24.7600002288818 24.5699996948242 24.4699993133545 24.6599998474121 24.5699996948242 24.6599998474121 24.5699996948242 24.4599990844727
23.3700008392334 23.3700008392334 23.2700004577637 23.3700008392334 23.4799995422363 23.4799995422363 23.4799995422363 23.3799991607666 23.3899993896484 23.4899997711182 23.5799999237061 23.6800003051758 23.5900001525879 23.5900001525879 23.6900005340576 23.6900005340576 23.7900009155273 23.9899997711182 24.0900001525879 24.0900001525879 24.1000003814697 24.2900009155273 24.2999992370605 24.3899993896484 24.3899993896484 24.4899997711182 24.5900001525879 24.6800003051758 24.6800003051758 24.5799999237061 24.5799999237061 24.6800003051758 24.6800003051758 24.6700000762939 24.4799995422363 24.5699996948242 24.5699996948242 24.6800003051758 24.7800006866455 24.7700004577637 24.6700000762939 24.5699996948242 24.6599998474121 24.6700000762939 24.6599998474121 24.5699996948242 24.5599994659424
