ENMTML/All_vars/Predictors/EUR_only/bio6.asc
NCOLS 440 
NROWS 275 
XLLCORNER -11.5 
YLLCORNER 25.4999999994691 
CELLSIZE 0.166666666666667 
NODATA_value -3.4e+38 
[rows 252 to 272 of 275, columns 46 to 91 of 440]
4.59999990463257 4.51332998275757 4.5 4.413330078125 4.12666988372803 4.11332988739014 4.02666997909546 4.02666997909546 4.01332998275757 4.01332998275757 4.02666997909546 4.02666997909546 4.12666988372803 4.11332988739014 4.413330078125 4.42667007446289 4.21332979202271 4.21332979202271 4.21332979202271 4.31333017349243 4.32667016983032 4.52258014678955 4.52258014678955 4.92257976531982 4.9128999710083 4.61289978027344 4.52258014678955 4.51332998275757 4.31333017349243 4.21332979202271 4.21332979202271 4.19999980926514 3.90000009536743 3.413330078125 3.40000009536743 3.586669921875 3.40000009536743 3.09999990463257 2.90000009536743 3 3.09999990463257 3.20000004768372 3.29999995231628 3.5 3.59999990463257 3.59999990463257
4.11332988739014 4.51332998275757 4.69999980926514 4.59999990463257 4.61332988739014 4.413330078125 4.21332979202271 4.12666988372803 4.11332988739014 4.11332988739014 4.11332988739014 4.21332979202271 4.2266697883606 4.31333017349243 4.2266697883606 4.51332998275757 4.42667007446289 4.32667016983032 4.32667016983032 4.32667016983032 4.51332998275757 4.62666988372803 4.92667007446289 5.2266697883606 4.7266697883606 4.62258005142212 4.61332988739014 4.51332998275757 4.5 4.31333017349243 4.19999980926514 4.09999990463257 3.59999990463257 3.68667006492615 3.70000004768372 3.68667006492615 3.5 3.09999990463257 2.90000009536743 3 3.09999990463257 3.21333003044128 3.40000009536743 3.5 3.59999990463257 3.586669921875
4.61332988739014 4.59999990463257 4.61332988739014 4.69999980926514 4.71332979202271 4.71332979202271 4.81333017349243 4.32667016983032 3.913330078125 4.02666997909546 4.21332979202271 4.2266697883606 4.31333017349243 4.31333017349243 4.32667016983032 4.32667016983032 4.413330078125 4.413330078125 4.413330078125 4.32667016983032 4.52666997909546 4.81333017349243 5.12666988372803 5.02666997909546 4.62666988372803 4.61332988739014 4.51332998275757 4.21332979202271 4.40000009536743 4.01332998275757 3.90000009536743 3.70000004768372 3.70000004768372 3.88667011260986 3.79999995231628 3.59999990463257 3.38667011260986 2.98667001724243 2.98667001724243 3.086669921875 3.20000004768372 3.29999995231628 3.40000009536743 3.40000009536743 3.586669921875 3.586669921875
4.81333017349243 4.80000019073486 4.80000019073486 4.81333017349243 4.81333017349243 4.90000009536743 4.81333017349243 5.01332998275757 4.61332988739014 4.61332988739014 4.413330078125 4.31333017349243 4.32667016983032 4.32667016983032 4.32667016983032 4.413330078125 4.42667007446289 4.51332998275757 4.413330078125 4.51332998275757 4.61332988739014 4.7266697883606 4.82667016983032 4.71332979202271 4.61332988739014 4.51332998275757 4.21332979202271 4.11332988739014 4.09999990463257 4 3.913330078125 3.79999995231628 3.90000009536743 3.79999995231628 3.59999990463257 3.5 3.09999990463257 2.98667001724243 3 3.09999990463257 3.20000004768372 3.28666996955872 3.38667011260986 3.40000009536743 3.5 3.586669921875
5.09999990463257 5 5 5 5 5.01332998275757 5.01332998275757 5.01332998275757 5.01332998275757 4.81333017349243 4.913330078125 4.71332979202271 4.413330078125 4.413330078125 4.51332998275757 4.51332998275757 4.51332998275757 4.61332988739014 4.51332998275757 4.42667007446289 4.51332998275757 4.61332988739014 4.61332988739014 4.61332988739014 4.51332998275757 4.31333017349243 4.21332979202271 4.19999980926514 4.09999990463257 4.19999980926514 4.19999980926514 4.18666982650757 4.086669921875 3.90000009536743 3.586669921875 3.20000004768372 3.086669921875 3 3.086669921875 3.09999990463257 3.28666996955872 3.29999995231628 3.28666996955872 3.28666996955872 3.40000009536743 3.59999990463257
5.19999980926514 5.18666982650757 5.09999990463257 5.09999990463257 5.09999990463257 5.09999990463257 5.01332998275757 5.01332998275757 5.01332998275757 5 4.913330078125 5.01332998275757 4.913330078125 4.81333017349243 4.62666988372803 4.51332998275757 4.61332988739014 4.61332988739014 4.61332988739014 4.51332998275757 4.51332998275757 4.61332988739014 4.51332998275757 4.51332998275757 4.51332998275757 4.40000009536743 4.30000019073486 4.19999980926514 4.19999980926514 4.38667011260986 4.38667011260986 4.28667020797729 4.18666982650757 3.90000009536743 3.48667001724243 3.28666996955872 3.18667006492615 3.086669921875 3 3.086669921875 3.18667006492615 3.28666996955872 3.28666996955872 3.38667011260986 3.40000009536743 3.586669921875
5.28667020797729 5.28667020797729 5.28667020797729 5.19999980926514 5.19999980926514 5.19999980926514 5.19999980926514 5.11332988739014 5.11332988739014 5.09999990463257 5.09999990463257 5 4.913330078125 4.90000009536743 4.913330078125 4.81333017349243 4.81333017349243 4.71332979202271 4.61332988739014 4.51332998275757 4.5 4.413330078125 4.31333017349243 4.413330078125 4.51332998275757 4.40000009536743 4.30000019073486 4.30000019073486 4.30000019073486 4.30000019073486 4.19999980926514 4.086669921875 3.88667011260986 3.68667006492615 3.48667001724243 3.38667011260986 3.28666996955872 3.086669921875 2.98667001724243 3.07332992553711 3.086669921875 3.18667006492615 3.27332997322083 3.28666996955872 3.29999995231628 3.48667001724243
5.38667011260986 5.38667011260986 5.38667011260986 5.30000019073486 5.30000019073486 5.30000019073486 5.30000019073486 5.30000019073486 5.21332979202271 5.19999980926514 5.11332988739014 5.01332998275757 5.01332998275757 5 5 4.913330078125 4.90000009536743 4.81333017349243 4.71332979202271 4.61332988739014 4.413330078125 4.31333017349243 4.31333017349243 4.5 4.5 4.48667001724243 4.40000009536743 4.48667001724243 4.48667001724243 4.38667011260986 4.18666982650757 4.086669921875 3.97333002090454 3.77332997322083 3.586669921875 3.48667001724243 3.67333006858826 3.68667006492615 3.17333006858826 3.18667006492615 3.18667006492615 3.27332997322083 3.17333006858826 3.17333006858826 3.20000004768372 3.20000004768372
5.48667001724243 5.48667001724243 5.48667001724243 5.48667001724243 5.40000009536743 5.40000009536743 5.40000009536743 5.38667011260986 5.30000019073486 5.30000019073486 5.30000019073486 5.19999980926514 5.09999990463257 5.09999990463257 5 5 5 4.913330078125 4.90000009536743 4.80000019073486 4.51332998275757 4.30000019073486 4.40000009536743 4.59999990463257 4.59999990463257 4.586669921875 4.586669921875 4.586669921875 4.78667020797729 4.68666982650757 4.47333002090454 4.2733302116394 4.07332992553711 3.87333011627197 3.77332997322083 4.37333011627197 4.67332983016968 4.2733302116394 4.17332983016968 4.38667011260986 4.57332992553711 4.48667001724243 4.18666982650757 3.38667011260986 3.28666996955872 2.88667011260986
5.586669921875 5.586669921875 5.586669921875 5.586669921875 5.5 5.586669921875 5.586669921875 5.5 5.5 5.40000009536743 5.40000009536743 5.30000019073486 5.19999980926514 5.19999980926514 5.19999980926514 5.18666982650757 5.19999980926514 5.19999980926514 5.19999980926514 5.09999990463257 4.90000009536743 4.69999980926514 4.59999990463257 4.78667020797729 4.88667011260986 4.88667011260986 4.98667001724243 5.07332992553711 4.97333002090454 4.97333002090454 4.7733302116394 4.47333002090454 4.2733302116394 4.05999994277954 4.17332983016968 4.96000003814697 4.97333002090454 4.7733302116394 4.7733302116394 4.8600001335144 4.87333011627197 4.97333002090454 4.78667020797729 4.57332992553711 4.37333011627197 3.79999995231628
5.67332983016968 5.586669921875 5.68666982650757 5.67332983016968 5.586669921875 5.586669921875 5.586669921875 5.68666982650757 5.59999990463257 5.586669921875 5.586669921875 5.48667001724243 5.38667011260986 5.38667011260986 5.38667011260986 5.38667011260986 5.38667011260986 5.38667011260986 5.48667001724243 5.48667001724243 5.38667011260986 5.09999990463257 5.086669921875 5.17332983016968 5.18666982650757 5.28667020797729 5.37333011627197 5.37333011627197 5.2733302116394 5.15999984741211 4.97333002090454 4.8600001335144 4.55999994277954 4.3600001335144 4.96000003814697 5.3600001335144 5.26000022888184 5.26000022888184 5.07332992553711 5.05999994277954 5.2733302116394 5.28667020797729 5.17332983016968 5.07332992553711 4.98667001724243 4.78667020797729
5.57332992553711 5.57332992553711 5.586669921875 5.67332983016968 5.68666982650757 5.67332983016968 5.68666982650757 5.7733302116394 5.68666982650757 5.68666982650757 5.68666982650757 5.586669921875 5.586669921875 5.586669921875 5.586669921875 5.586669921875 5.586669921875 5.586669921875 5.78667020797729 5.88667011260986 5.88667011260986 5.68666982650757 5.48667001724243 5.57332992553711 5.67332983016968 5.67332983016968 5.76000022888184 5.67332983016968 5.57332992553711 5.55999994277954 5.3600001335144 5.15999984741211 4.96000003814697 5.15999984741211 5.54666996002197 5.74666976928711 5.46000003814697 5.55999994277954 5.26000022888184 5.4466700553894 5.76000022888184 5.57332992553711 5.46000003814697 5.37333011627197 5.2733302116394 4.98667001724243
5.37333011627197 5.47333002090454 5.57332992553711 5.67332983016968 5.68666982650757 5.7733302116394 5.87333011627197 5.88667011260986 5.88667011260986 5.88667011260986 5.88667011260986 5.78667020797729 5.78667020797729 5.78667020797729 5.78667020797729 5.87333011627197 5.87333011627197 5.88667011260986 5.98667001724243 6.28667020797729 6.37333011627197 6.37333011627197 5.97333002090454 5.97333002090454 6.07332992553711 6.15999984741211 6.15999984741211 6.14666986465454 5.96000003814697 5.9466700553894 5.84667015075684 5.84667015075684 5.74666976928711 5.84667015075684 6.04666996002197 6.14666986465454 6.04666996002197 6.14666986465454 6.14666986465454 6.05999994277954 5.96000003814697 5.76000022888184 5.57332992553711 5.47333002090454 5.68666982650757 5.47333002090454
5.3600001335144 5.47333002090454 5.47333002090454 5.65999984741211 5.7733302116394 5.87333011627197 5.97333002090454 5.98667001724243 5.98667001724243 6.07332992553711 6.07332992553711 5.97333002090454 5.98667001724243 6.07332992553711 6.07332992553711 6.07332992553711 6.07332992553711 6.17332983016968 6.2733302116394 6.57332992553711 6.87333011627197 6.97333002090454 6.67332983016968 6.55999994277954 6.55999994277954 6.65999984741211 6.65999984741211 6.55999994277954 6.4466700553894 6.33333015441895 6.14666986465454 6.04666996002197 6.14666986465454 6.34667015075684 6.4466700553894 6.4466700553894 6.4466700553894 6.34667015075684 6.34667015075684 6.26000022888184 6.05999994277954 5.96000003814697 6.05999994277954 5.87333011627197 5.7733302116394 5.586669921875
5.46000003814697 5.65999984741211 5.57332992553711 5.67332983016968 5.7733302116394 5.87333011627197 6.07332992553711 6.17332983016968 6.2733302116394 6.2733302116394 6.2733302116394 6.17332983016968 6.2733302116394 6.2733302116394 6.2733302116394 6.3600001335144 6.37333011627197 6.47333002090454 6.65999984741211 6.8600001335144 7.05999994277954 7.37333011627197 7.46000003814697 7.05999994277954 7.04666996002197 7.04666996002197 7.04666996002197 6.9466700553894 6.93333005905151 6.73332977294922 6.63332986831665 6.63332986831665 6.73332977294922 6.74666976928711 7.04666996002197 6.74666976928711 6.64666986465454 6.54666996002197 6.46000003814697 6.3600001335144 6.34667015075684 6.46000003814697 6.37333011627197 6.17332983016968 6.07332992553711 5.88667011260986
5.55999994277954 5.76000022888184 5.8600001335144 5.96000003814697 5.96000003814697 6.07332992553711 6.17332983016968 6.2733302116394 6.37333011627197 6.46000003814697 6.46000003814697 6.46000003814697 6.46000003814697 6.47333002090454 6.55999994277954 6.57332992553711 6.65999984741211 6.76000022888184 6.96000003814697 7.15999984741211 7.34667015075684 7.55999994277954 7.9466700553894 7.9466700553894 7.54666996002197 7.54666996002197 7.54666996002197 7.33333015441895 7.23332977294922 7.23332977294922 7.23332977294922 7.03332996368408 7.03332996368408 7.04666996002197 7.43333005905151 7.23332977294922 7.04666996002197 6.93333005905151 6.74666976928711 6.74666976928711 6.76000022888184 6.76000022888184 6.46000003814697 6.55999994277954 6.15999984741211 5.98667001724243
5.8600001335144 5.76000022888184 6.04666996002197 6.07332992553711 6.05999994277954 6.15999984741211 6.3600001335144 6.47333002090454 6.57332992553711 6.65999984741211 6.65999984741211 6.65999984741211 6.65999984741211 6.65999984741211 6.76000022888184 6.8600001335144 6.96000003814697 7.05999994277954 7.24666976928711 7.3600001335144 7.55999994277954 7.84667015075684 8.04666996002197 8.24666976928711 8.24666976928711 8.1466703414917 8.13333034515381 7.73332977294922 7.93333005905151 7.92000007629395 7.83333015441895 7.92000007629395 7.82000017166138 7.73332977294922 7.63332986831665 7.53332996368408 7.43333005905151 7.33333015441895 7.23332977294922 7.04666996002197 7.04666996002197 6.96000003814697 6.76000022888184 6.7733302116394 6.55999994277954 6.17332983016968
6.14666986465454 6.14666986465454 6.15999984741211 6.34667015075684 6.3600001335144 6.46000003814697 6.55999994277954 6.65999984741211 6.76000022888184 6.8600001335144 6.8600001335144 6.8600001335144 6.8600001335144 6.96000003814697 6.96000003814697 7.05999994277954 7.15999984741211 7.34667015075684 7.46000003814697 7.64666986465454 7.84667015075684 8.03332996368408 8.13333034515381 8.33333015441895 8.33333015441895 8.33333015441895 8.52000045776367 8.23332977294922 8.33333015441895 8.43332958221436 8.33333015441895 8.31999969482422 8.22000026702881 8.03332996368408 7.92000007629395 7.63332986831665 7.63332986831665 7.53332996368408 7.43333005905151 7.34667015075684 7.24666976928711 7.15999984741211 7.05999994277954 6.96000003814697 5.7733302116394 6.48667001724243
6.3600001335144 6.4466700553894 6.4466700553894 6.46000003814697 6.64666986465454 6.65999984741211 6.74666976928711 6.84667015075684 6.96000003814697 7.04666996002197 7.05999994277954 7.05999994277954 7.14666986465454 7.15999984741211 7.24666976928711 7.26000022888184 7.3600001335144 7.54666996002197 7.74666976928711 7.84667015075684 8.04666996002197 8.1466703414917 8.23332977294922 8.33333015441895 8.33333015441895 8.23332977294922 8.43332958221436 8.61999988555908 8.61999988555908 8.61999988555908 8.61999988555908 8.52000045776367 8.43332958221436 8.31999969482422 8.13333034515381 7.83333015441895 7.73332977294922 7.71999979019165 7.53332996368408 7.53332996368408 7.26000022888184 7.24666976928711 7.15999984741211 6.97333002090454 6.05999994277954 6.086669921875
6.64666986465454 6.65999984741211 6.64666986465454 6.65999984741211 6.76000022888184 6.8600001335144 6.9466700553894 7.04666996002197 7.14666986465454 7.24666976928711 7.24666976928711 7.34667015075684 7.34667015075684 7.3600001335144 7.4466700553894 7.54666996002197 7.64666986465454 7.74666976928711 7.9466700553894 8.04666996002197 8.23332977294922 8.33333015441895 8.33333015441895 8.42000007629395 8.42000007629395 8.31999969482422 8.52000045776367 8.61999988555908 8.72000026702881 8.72000026702881 8.70666980743408 8.70666980743408 8.60667037963867 8.52000045776367 8.11999988555908 7.83333015441895 7.83333015441895 7.82000017166138 7.63332986831665 7.63332986831665 7.34667015075684 7.34667015075684 7.24666976928711 6.96000003814697 5.7733302116394 5.87333011627197
6.93333005905151 6.84667015075684 6.84667015075684 6.9466700553894 6.9466700553894 7.04666996002197 7.15999984741211 7.24666976928711 7.34667015075684 7.4466700553894 7.4466700553894 7.4466700553894 7.54666996002197 7.64666986465454 7.64666986465454 7.74666976928711 7.84667015075684 8.03332996368408 8.1466703414917 8.23332977294922 8.33333015441895 8.43332958221436 8.52000045776367 8.52000045776367 8.52000045776367 8.52000045776367 8.52000045776367 8.60667037963867 8.80667018890381 8.90666961669922 8.90666961669922 8.80667018890381 8.70666980743408 8.52000045776367 8.22000026702881 8.02000045776367 8.02000045776367 7.83333015441895 7.83333015441895 7.73332977294922 7.54666996002197 7.4466700553894 7.15999984741211 6.76000022888184 6.07332992553711 4.97333002090454
