ENMTML/All_vars/Predictors/EUR_only/bio6.asc
NCOLS 440 
NROWS 275 
XLLCORNER -11.5 
YLLCORNER 25.4999999994691 
CELLSIZE 0.166666666666667 
NODATA_value -3.4e+38 
[rows 126 to 146 of 275, columns 322 to 367 of 440]
-12.0322999954224 -12.2419004440308 -12.3515996932983 -12.3515996932983 -12.4516000747681 -12.56130027771 -12.4806003570557 -12.3805999755859 -12.5805997848511 -12.5805997848511 -12.6806001663208 -12.8902997970581 -13.0902996063232 -13.1999998092651 -13.3999996185303 -13.3000001907349 -13.3999996185303 -13.3999996185303 -13.3999996185303 -13.5 -13.1000003814697 -12.8999996185303 -13 -13 -13.0902996063232 -13.1999998092651 -13.3000001907349 -13.6000003814697 -13.8000001907349 -14 -14.1000003814697 -14.3999996185303 -14.6000003814697 -14.8000001907349 -15 -15.1999998092651 -15.5 -15.6999998092651 -15.8999996185303 -16 -16.1000003814697 -16.1000003814697 -16.2000007629395 -16.2999992370605 -16.2999992370605 -16.2999992370605
-12.141900062561 -11.9516000747681 -12.0516004562378 -12.1515998840332 -12.2613000869751 -12.3613004684448 -12.1709995269775 -12.2805995941162 -12.3902997970581 -12.3902997970581 -12.5902996063232 -12.690299987793 -12.9903001785278 -12.8999996185303 -13 -13.1000003814697 -12.8999996185303 -13.1000003814697 -13.1000003814697 -12.8999996185303 -12.8000001907349 -12.8999996185303 -12.8999996185303 -13 -13 -13.1999998092651 -13.3000001907349 -13.5 -13.6999998092651 -13.8999996185303 -14 -14.3000001907349 -14.5 -14.6999998092651 -14.8999996185303 -15.1999998092651 -15.3999996185303 -15.6999998092651 -15.8999996185303 -15.8999996185303 -16 -16.1000003814697 -16.1000003814697 -16.2000007629395 -16.2000007629395 -16.2999992370605
-11.7419004440308 -11.6515998840332 -11.6612997055054 -11.9612998962402 -12.06130027771 -11.871000289917 -11.9709997177124 -12.2709999084473 -12.2903003692627 -12.3999996185303 -12.5902996063232 -12.690299987793 -12.6999998092651 -12.6999998092651 -12.6000003814697 -12.6999998092651 -13 -13.1000003814697 -13 -12.6000003814697 -12.6999998092651 -12.8000001907349 -12.8000001907349 -12.8999996185303 -13 -13.1000003814697 -13.3000001907349 -13.3999996185303 -13.6000003814697 -13.8000001907349 -14 -14.1999998092651 -14.3000001907349 -14.6000003814697 -14.8000001907349 -15.1000003814697 -15.1999998092651 -15.5 -15.6999998092651 -15.8000001907349 -15.8999996185303 -15.8999996185303 -16 -16.1000003814697 -16.1000003814697 -16.2000007629395
-11.641900062561 -11.641900062561 -11.5516004562378 -11.4612998962402 -11.56130027771 -11.5805997848511 -11.7805995941162 -11.8805999755859 -11.9903001785278 -12.190299987793 -12.2903003692627 -12.3999996185303 -12.3000001907349 -12.3000001907349 -12.3999996185303 -12.6999998092651 -12.6999998092651 -12.6999998092651 -12.5 -12.3999996185303 -12.6000003814697 -12.6000003814697 -12.6999998092651 -12.8000001907349 -12.8999996185303 -13 -13.1999998092651 -13.3000001907349 -13.5 -13.6999998092651 -13.8999996185303 -14.1000003814697 -14.1999998092651 -14.3999996185303 -14.6999998092651 -14.8999996185303 -15.1000003814697 -15.3000001907349 -15.5 -15.6000003814697 -15.6999998092651 -15.8000001907349 -15.8999996185303 -16 -16 -16
-11.3515996932983 -11.3515996932983 -11.4516000747681 -11.3613004684448 -11.371000289917 -11.4806003570557 -11.5805997848511 -11.5805997848511 -11.690299987793 -11.8000001907349 -12 -12 -12.1000003814697 -12.1000003814697 -12.3999996185303 -12.5 -12.3999996185303 -12.3000001907349 -12.1999998092651 -12.3000001907349 -12.3999996185303 -12.5 -12.6000003814697 -12.6000003814697 -12.8000001907349 -12.8999996185303 -13 -13.1999998092651 -13.3999996185303 -13.6000003814697 -13.8000001907349 -14 -14.1000003814697 -14.3000001907349 -14.3999996185303 -14.6999998092651 -14.8999996185303 -15.1000003814697 -15.3000001907349 -15.3999996185303 -15.5 -15.6000003814697 -15.6999998092651 -15.8000001907349 -15.8000001907349 -15.8999996185303
-11.4516000747681 -11.5516004562378 -11.56130027771 -11.2709999084473 -11.1709995269775 -11.1709995269775 -11.190299987793 -11.4903001785278 -11.5 -11.3000001907349 -11.6000003814697 -11.6000003814697 -11.8000001907349 -12 -12.1000003814697 -12.1999998092651 -12.3000001907349 -12 -12.1000003814697 -12.1000003814697 -12.1999998092651 -12.3999996185303 -12.3999996185303 -12.5 -12.6000003814697 -12.8000001907349 -12.8999996185303 -13.1000003814697 -13.3000001907349 -13.3999996185303 -13.6999998092651 -13.8000001907349 -14 -14.1999998092651 -14.3000001907349 -14.5 -14.6999998092651 -14.8000001907349 -15 -15.1000003814697 -15.3000001907349 -15.3999996185303 -15.5 -15.5 -15.6000003814697 -15.6999998092651
-11.0516004562378 -11.2613000869751 -11.1709995269775 -11.1806001663208 -11.3805999755859 -11.3805999755859 -11.2903003692627 -11.3902997970581 -11.3999996185303 -11.1999998092651 -11.3000001907349 -11.3999996185303 -11.6999998092651 -11.8000001907349 -12.1000003814697 -12.1000003814697 -11.8999996185303 -11.8000001907349 -11.8999996185303 -12 -12.1000003814697 -12.1999998092651 -12.3000001907349 -12.3999996185303 -12.5 -12.6999998092651 -12.6999998092651 -12.8999996185303 -13.1000003814697 -13.1999998092651 -13.5 -13.6999998092651 -13.8000001907349 -13.8999996185303 -14.1000003814697 -14.1999998092651 -14.3999996185303 -14.6000003814697 -14.6999998092651 -14.8999996185303 -15 -15.1000003814697 -15.1999998092651 -15.3000001907349 -15.3999996185303 -15.3999996185303
-10.7613000869751 -10.8613004684448 -10.7709999084473 -10.9806003570557 -11.1806001663208 -11.2903003692627 -11.3000001907349 -11.3000001907349 -11.3000001907349 -11.5 -11.3000001907349 -11.1999998092651 -11.3999996185303 -11.6999998092651 -11.8000001907349 -11.6999998092651 -11.5 -11.6000003814697 -11.6999998092651 -11.8000001907349 -11.8999996185303 -12 -12.1999998092651 -12.1999998092651 -12.3999996185303 -12.5 -12.6000003814697 -12.6000003814697 -12.8999996185303 -13.1000003814697 -13.3000001907349 -13.3999996185303 -13.6000003814697 -13.8000001907349 -13.8999996185303 -14 -14.1999998092651 -14.3000001907349 -14.5 -14.6000003814697 -14.6999998092651 -14.8000001907349 -14.8999996185303 -15 -15.1000003814697 -15.1999998092651
-10.2709999084473 -10.5710000991821 -10.6806001663208 -10.7805995941162 -10.8805999755859 -10.8902997970581 -10.8000001907349 -11 -10.8000001907349 -10.5 -10.6000003814697 -11.1999998092651 -11.3999996185303 -11.5 -11.5 -11.1999998092651 -11.3000001907349 -11.3999996185303 -11.5 -11.6999998092651 -11.8000001907349 -11.8999996185303 -12 -12.1000003814697 -12.1999998092651 -12.3000001907349 -12.3999996185303 -12.6000003814697 -12.6999998092651 -12.8000001907349 -13 -13.1000003814697 -13.3000001907349 -13.6000003814697 -13.8000001907349 -13.8999996185303 -14 -14.1000003814697 -14.1999998092651 -14.3999996185303 -14.5 -14.6000003814697 -14.6999998092651 -14.6999998092651 -14.8000001907349 -14.8999996185303
-10.1709995269775 -10.2805995941162 -10.3805999755859 -10.3902997970581 -10.3902997970581 -10.5 -10.3999996185303 -10.6000003814697 -10.5 -10.3000001907349 -10.3999996185303 -10.8999996185303 -11.1999998092651 -11.3000001907349 -10.8999996185303 -11 -11.1000003814697 -11.1999998092651 -11.3000001907349 -11.5 -11.6000003814697 -11.6999998092651 -11.8000001907349 -11.8999996185303 -12 -12.1999998092651 -12.1999998092651 -12.3999996185303 -12.5 -12.6000003814697 -12.6999998092651 -12.8999996185303 -13 -13.1999998092651 -13.3999996185303 -13.5 -13.6999998092651 -13.8000001907349 -13.8999996185303 -14 -14.1000003814697 -14.1999998092651 -14.3999996185303 -14.3999996185303 -14.5 -14.6000003814697
-9.87096977233887 -9.88064956665039 -9.89031982421875 -9.99032020568848 -10 -10.1999998092651 -10.3000001907349 -10.3999996185303 -10.1999998092651 -10.1000003814697 -10.1999998092651 -10.8000001907349 -11 -10.8999996185303 -10.6999998092651 -10.6999998092651 -10.8999996185303 -11 -11 -11.1000003814697 -11.3000001907349 -11.3999996185303 -11.6000003814697 -11.8000001907349 -11.8999996185303 -12 -12.1000003814697 -12.3000001907349 -12.3000001907349 -12.3999996185303 -12.5 -12.6000003814697 -12.8000001907349 -13 -13.1000003814697 -13.1999998092651 -13.3999996185303 -13.5 -13.6000003814697 -13.6999998092651 -13.8000001907349 -13.8999996185303 -14.1000003814697 -14.1000003814697 -14.1999998092651 -14.3000001907349
-9.49032020568848 -9.59031963348389 -9.69999980926514 -9.89031982421875 -9.89999961853027 -9.89999961853027 -9.80000019073486 -10 -10.1000003814697 -9.89999961853027 -10.1000003814697 -10.8000001907349 -10.8000001907349 -10.8000001907349 -10.6000003814697 -10.6999998092651 -10.6999998092651 -10.8999996185303 -10.8999996185303 -11 -11.1000003814697 -11.1999998092651 -11.3000001907349 -11.5 -11.6999998092651 -11.8000001907349 -11.8999996185303 -12.1000003814697 -12.1999998092651 -12.1999998092651 -12.3000001907349 -12.3999996185303 -12.5 -12.6999998092651 -12.8000001907349 -12.8999996185303 -13.1000003814697 -13.1999998092651 -13.3999996185303 -13.3999996185303 -13.5 -13.6000003814697 -13.6999998092651 -13.8000001907349 -13.8999996185303 -14
-9.19999980926514 -9.30000019073486 -9.39999961853027 -9.5 -9.5 -9.60000038146973 -9.69999980926514 -9.89999961853027 -10 -9.80000019073486 -9.89999961853027 -10.6999998092651 -10.8000001907349 -10.6000003814697 -10.5 -10.5 -10.6000003814697 -10.6999998092651 -10.8000001907349 -10.8999996185303 -11 -11.1000003814697 -11.1999998092651 -11.1999998092651 -11.3999996185303 -11.6000003814697 -11.8000001907349 -11.8000001907349 -11.8000001907349 -12 -12.1000003814697 -12.1999998092651 -12.3000001907349 -12.3999996185303 -12.6000003814697 -12.6999998092651 -12.8000001907349 -12.8999996185303 -13 -13.1999998092651 -13.1999998092651 -13.3000001907349 -13.3999996185303 -13.5 -13.6000003814697 -13.6999998092651
-8.89999961853027 -9 -9.10000038146973 -9.19999980926514 -9.19999980926514 -9.30000019073486 -9.60000038146973 -9.89999961853027 -9.89999961853027 -9.60000038146973 -9.69999980926514 -10.3999996185303 -10.5 -10.6000003814697 -10.3999996185303 -10.3000001907349 -10.3999996185303 -10.5 -10.6000003814697 -10.6999998092651 -10.8000001907349 -10.8999996185303 -11 -11.1000003814697 -11.1999998092651 -11.3000001907349 -11.5 -11.6000003814697 -11.6999998092651 -11.8000001907349 -11.8999996185303 -12 -12.1000003814697 -12.1999998092651 -12.3000001907349 -12.3999996185303 -12.5 -12.6000003814697 -12.6999998092651 -12.8000001907349 -12.8999996185303 -13 -13.1000003814697 -13.1999998092651 -13.3000001907349 -13.3000001907349
-8.69999980926514 -8.69999980926514 -8.89999961853027 -9 -9 -9.19999980926514 -9.5 -9.60000038146973 -9.80000019073486 -9.89999961853027 -10 -10.1000003814697 -10.3000001907349 -10.3000001907349 -10.1999998092651 -10.1000003814697 -10.1999998092651 -10.3000001907349 -10.3999996185303 -10.6000003814697 -10.6000003814697 -10.8000001907349 -10.8000001907349 -10.8999996185303 -11 -11 -11.1999998092651 -11.3000001907349 -11.3999996185303 -11.5 -11.6000003814697 -11.6999998092651 -11.8000001907349 -11.8999996185303 -12 -12.1000003814697 -12.1999998092651 -12.3000001907349 -12.3999996185303 -12.5 -12.6000003814697 -12.6999998092651 -12.8000001907349 -12.8999996185303 -12.8999996185303 -13
-8.39999961853027 -8.5 -8.60000038146973 -8.89999961853027 -9 -9 -9.30000019073486 -9.5 -9.69999980926514 -9.89999961853027 -10 -10.1000003814697 -10.1000003814697 -10.1000003814697 -10.1000003814697 -9.89999961853027 -10 -10.1999998092651 -10.1999998092651 -10.3999996185303 -10.5 -10.6000003814697 -10.6999998092651 -10.8000001907349 -10.8999996185303 -10.8999996185303 -10.8999996185303 -11 -11.1999998092651 -11.3000001907349 -11.3999996185303 -11.5 -11.5 -11.6999998092651 -11.8000001907349 -11.8000001907349 -11.8999996185303 -12 -12.1000003814697 -12.1999998092651 -12.3000001907349 -12.3999996185303 -12.5 -12.5 -12.6000003814697 -12.6999998092651
-8.19999980926514 -8.39999961853027 -8.69999980926514 -8.89999961853027 -9 -9 -9 -9.30000019073486 -9.60000038146973 -9.60000038146973 -9.69999980926514 -9.80000019073486 -10 -9.89999961853027 -9.89999961853027 -9.80000019073486 -9.80000019073486 -10 -10.1000003814697 -10.1999998092651 -10.3000001907349 -10.3000001907349 -10.5 -10.5 -10.6000003814697 -10.6999998092651 -10.8000001907349 -10.8000001907349 -10.8999996185303 -11 -11.1000003814697 -11.1999998092651 -11.3000001907349 -11.3999996185303 -11.5 -11.5 -11.6000003814697 -11.6999998092651 -11.8000001907349 -11.8999996185303 -12 -12.1000003814697 -12.1000003814697 -12.1999998092651 -12.3000001907349 -12.3999996185303
-8.19999980926514 -8.30000019073486 -8.5 -8.5 -8.69999980926514 -8.89999961853027 -9.10000038146973 -9.19999980926514 -9.19999980926514 -9.30000019073486 -9.5 -9.80000019073486 -9.89999961853027 -9.89999961853027 -9.69999980926514 -9.60000038146973 -9.60000038146973 -9.80000019073486 -9.89999961853027 -9.89999961853027 -10.1000003814697 -10.1999998092651 -10.3000001907349 -10.3000001907349 -10.3999996185303 -10.5 -10.6000003814697 -10.6000003814697 -10.6000003814697 -10.6999998092651 -10.8000001907349 -10.8999996185303 -11 -11.1000003814697 -11.1999998092651 -11.1999998092651 -11.3000001907349 -11.3999996185303 -11.5 -11.6000003814697 -11.6999998092651 -11.8000001907349 -11.8000001907349 -11.8999996185303 -12 -12.1000003814697
-8 -8.10000038146973 -8.19999980926514 -8.30000019073486 -8.39999961853027 -8.60000038146973 -8.69999980926514 -8.89999961853027 -8.89999961853027 -9.10000038146973 -9.39999961853027 -9.39999961853027 -9.60000038146973 -9.69999980926514 -9.5 -9.39999961853027 -9.5 -9.60000038146973 -9.69999980926514 -9.69999980926514 -9.89999961853027 -9.89999961853027 -10 -10.1000003814697 -10.1999998092651 -10.3000001907349 -10.3000001907349 -10.3999996185303 -10.3999996185303 -10.5 -10.5 -10.690299987793 -10.6999998092651 -10.8000001907349 -10.8999996185303 -10.9903001785278 -11 -11.1000003814697 -11.1999998092651 -11.1999998092651 -11.3000001907349 -11.3999996185303 -11.5 -11.5 -11.6000003814697 -11.6999998092651
-8 -8.10000038146973 -8.30000019073486 -8.30000019073486 -8.30000019073486 -8.39999961853027 -8.69999980926514 -8.80000019073486 -8.80000019073486 -8.89999961853027 -9.10000038146973 -9.39999961853027 -9.5 -9.39999961853027 -9.30000019073486 -9.19999980926514 -9.30000019073486 -9.39999961853027 -9.5 -9.60000038146973 -9.69999980926514 -9.80000019073486 -9.80000019073486 -9.89999961853027 -10 -10 -10.1000003814697 -10.1999998092651 -10.1999998092651 -10.3000001907349 -10.3000001907349 -10.3902997970581 -10.4903001785278 -10.5902996063232 -10.6000003814697 -10.690299987793 -10.7903003692627 -10.8000001907349 -10.8902997970581 -10.8999996185303 -11 -11 -11.1000003814697 -11.1999998092651 -11.1999998092651 -11.3000001907349
-7.90000009536743 -8.10000038146973 -8.19999980926514 -8.39999961853027 -8.39999961853027 -8.39999961853027 -8.69999980926514 -8.69999980926514 -8.60000038146973 -8.69999980926514 -8.80000019073486 -9.10000038146973 -9.39999961853027 -9.30000019073486 -9.19999980926514 -9 -9.10000038146973 -9.19999980926514 -9.30000019073486 -9.39999961853027 -9.5 -9.60000038146973 -9.60000038146973 -9.69999980926514 -9.69999980926514 -9.80000019073486 -9.80000019073486 -9.89999961853027 -9.99032020568848 -10.0902996063232 -10.0902996063232 -10.190299987793 -10.190299987793 -10.2903003692627 -10.3805999755859 -10.3902997970581 -10.4806003570557 -10.5805997848511 -10.5902996063232 -10.6000003814697 -10.690299987793 -10.6999998092651 -10.6999998092651 -10.8000001907349 -10.8999996185303 -10.8999996185303
