ENMTML/All_vars/Predictors/EUR_only/bio6.asc
NCOLS 440 
NROWS 275 
XLLCORNER -11.5 
YLLCORNER 25.4999999994691 
CELLSIZE 0.166666666666667 
NODATA_value -3.4e+38 
[rows 168 to 188 of 275, columns 322 to 367 of 440]
-12.9903001785278 -15.3999996185303 -14.5902996063232 -14.1999998092651 -16.6000003814697 -13.690299987793 -12.7903003692627 -10.8613004684448 -8.34193992614746 -7.93226003646851 -7.33226013183594 -6.82257986068726 -6.53225994110107 -6.72257995605469 -7.32257986068726 -7.62258005142212 -7.62258005142212 -6.81290006637573 -6.21290016174316 -6.11289978027344 -5.92257976531982 -5.82257986068726 -5.51289987564087 -5.4128999710083 -5.42257976531982 -5.22257995605469 -4.92257976531982 -4.43226003646851 -4.03225994110107 -3.73225998878479 -3.45161008834839 -3.35160994529724 -3.26129007339478 -3.25161004066467 -3.26129007339478 -3.4e+38 -3.4e+38 -3.4e+38 -3.4e+38 -3.4e+38 -3.4e+38 -3.4e+38 -3.4e+38 -3.4e+38 -3.4e+38 -3.4e+38
-10.0710000991821 -10.5710000991821 -11.6806001663208 -12.2709999084473 -15.1999998092651 -17.7999992370605 -16.190299987793 -13.2709999084473 -13.4806003570557 -10.1515998840332 -8.43225955963135 -7.13225984573364 -6.92257976531982 -7.02258014678955 -7.42257976531982 -7.81290006637573 -8.43225955963135 -8.02258014678955 -7.21290016174316 -6.52258014678955 -6.21290016174316 -6.31290006637573 -6.32257986068726 -6.82257986068726 -6.81290006637573 -6.71290016174316 -6.81290006637573 -6.4128999710083 -5.42257976531982 -4.62258005142212 -3.34193992614746 -2.95161008834839 -2.86128997802734 -2.86128997802734 -2.86128997802734 -3.4e+38 -3.4e+38 -3.4e+38 -3.4e+38 -3.4e+38 -3.4e+38 -3.4e+38 -3.4e+38 -3.4e+38 -3.4e+38 -3.4e+38
-8.45160961151123 -11.9806003570557 -12.2805995941162 -11.8805999755859 -11.6709995269775 -14.190299987793 -14.3902997970581 -16.190299987793 -15.4903001785278 -13.0805997848511 -13.0710000991821 -10.5516004562378 -10.3515996932983 -10.1515998840332 -9.5419397354126 -9.94194030761719 -10.0418996810913 -10.641900062561 -11.3418998718262 -10.2322998046875 -7.92257976531982 -7.72257995605469 -9.02258014678955 -9.23225975036621 -9.32258033752441 -10.4225997924805 -11.2225999832153 -10.2225999832153 -6.21290016174316 -5.01289987564087 -4.52258014678955 -4.43226003646851 -2.66128993034363 -2.46128988265991 -2.56129002571106 -2.65160989761353 -2.75161004066467 -2.76129007339478 -2.86128997802734 -2.86128997802734 -2.87097001075745 -3.4e+38 -3.4e+38 -3.4e+38 -3.4e+38 -3.4e+38
-9.15161037445068 -10.06130027771 -10.0516004562378 -8.12257957458496 -10.2419004440308 -11.4612998962402 -12.1709995269775 -12.3805999755859 -12.4709997177124 -16.3903007507324 -14.5805997848511 -14.7709999084473 -15.2709999084473 -16.6805992126465 -14.3613004684448 -14.1612997055054 -13.1612997055054 -14.6612997055054 -12.4516000747681 -11.0516004562378 -9.43225955963135 -10.2419004440308 -10.5322999954224 -11.8323001861572 -10.7225999832153 -10.4225997924805 -8.61289978027344 -8.11289978027344 -8.51290035247803 -7.10322999954224 -5.71290016174316 -4.83226013183594 -3.44194006919861 -2.25161004066467 -2.35160994529724 -2.44194006919861 -2.55160999298096 -2.55160999298096 -2.65160989761353 -2.66128993034363 -2.57097005844116 -3.4e+38 -3.4e+38 -3.4e+38 -3.4e+38 -3.4e+38
-1.73225998878479 -5.80322980880737 -8.02258014678955 -5.38387012481689 -6.29355001449585 -7.9032301902771 -7.9032301902771 -9.02258014678955 -10.4419002532959 -13.6806001663208 -14.7805995941162 -13.371000289917 -15.1806001663208 -15.6806001663208 -14.2805995941162 -15.9709997177124 -13.9709997177124 -14.7613000869751 -15.4516000747681 -14.8515996932983 -15.6515998840332 -13.141900062561 -13.141900062561 -10.5322999954224 -10.4322996139526 -11.0226001739502 -11.2129001617432 -10.9225997924805 -7.4128999710083 -9.4128999710083 -8.2032299041748 -7.30322980880737 -5.02258014678955 -3.03225994110107 -2.14194011688232 -2.24194002151489 -2.34193992614746 -2.44194006919861 -2.45161008834839 -2.46128988265991 -2.46128988265991 -3.4e+38 -3.4e+38 -3.4e+38 -3.4e+38 -3.4e+38
0.458065003156662 -1.02258002758026 -2.60322999954224 -3.88386988639832 -5.89354991912842 -8.2032299041748 -8.51290035247803 -8.51290035247803 -9.73225975036621 -10.6612997055054 -10.2516002655029 -11.7709999084473 -13.5805997848511 -12.6709995269775 -11.56130027771 -11.2613000869751 -10.8613004684448 -13.06130027771 -14.8613004684448 -14.6515998840332 -13.4516000747681 -14.6515998840332 -12.641900062561 -12.3323001861572 -15.4322996139526 -12.3226003646851 -9.61289978027344 -10.012900352478 -8.11289978027344 -8.00323009490967 -8.7032299041748 -8.60323047637939 -7.01289987564087 -3.93226003646851 -2.53225994110107 -2.04193997383118 -2.14194011688232 -2.24194002151489 -2.25161004066467 -2.26129007339478 -2.26129007339478 -3.4e+38 -3.4e+38 -3.4e+38 -3.4e+38 -3.4e+38
1.64839005470276 1.25805997848511 0.26774200797081 -1.21290004253387 -2.89354991912842 -4.08386993408203 -5.47419023513794 -6.38387012481689 -8.00323009490967 -8.22257995605469 -7.9128999710083 -8.12257957458496 -9.64194011688232 -9.64194011688232 -9.85161018371582 -9.05160999298096 -9.35161018371582 -9.75160980224609 -8.94194030761719 -11.2419004440308 -13.8515996932983 -13.2516002655029 -12.0418996810913 -14.9322996139526 -14.2322998046875 -12.6225996017456 -14.7225999832153 -12.4128999710083 -10.512900352478 -9.60323047637939 -9.60323047637939 -9.80323028564453 -8.2032299041748 -5.02258014678955 -2.9225800037384 -2.12258005142212 -2.03225994110107 -2.13226008415222 -2.14194011688232 -2.06129002571106 -2.06129002571106 -3.4e+38 -3.4e+38 -3.4e+38 -3.4e+38 -3.4e+38
0.95806497335434 -0.022580599412322 -0.522580981254578 -2.10322999954224 -3.38386988639832 -3.58386993408203 -5.47419023513794 -7.58386993408203 -7.58386993408203 -6.48387002944946 -6.19355010986328 -5.99354982376099 -6.50323009490967 -6.92257976531982 -7.03225994110107 -6.22257995605469 -7.54194021224976 -6.63225984573364 -4.51289987564087 -4.32257986068726 -6.02258014678955 -8.94194030761719 -11.9419002532959 -11.641900062561 -12.6225996017456 -12.3226003646851 -15.4128999710083 -14.6128997802734 -14.203200340271 -11.703200340271 -11.4032001495361 -9.89354991912842 -8.29354953765869 -6.11289978027344 -3.9128999710083 -3.02257990837097 -2.52257990837097 -2.02257990837097 -1.94193994998932 -1.9516099691391 -1.86128997802734 -3.4e+38 -3.4e+38 -3.4e+38 -3.4e+38 -3.4e+38
-4.52258014678955 -6.39354991912842 -9.21290016174316 -9.50323009490967 -8.97418975830078 -10.1031999588013 -8.59354972839355 -8.49355030059814 -9.02258014678955 -8.92257976531982 -8.82258033752441 -7.61289978027344 -6.10322999954224 -5.28387022018433 -4.48387002944946 -4.79355001449585 -6.63225984573364 -7.14194011688232 -6.73226022720337 -5.22257995605469 -3.51290011405945 -2.81290006637573 -3.9128999710083 -5.22257995605469 -8.62257957458496 -12.8226003646851 -13.3226003646851 -15.9128999710083 -16.3031997680664 -16.2935009002686 -14.5935001373291 -11.7839002609253 -11.0839004516602 -10.1742000579834 -6.30322980880737 -4.22257995605469 -2.62258005142212 -1.93226003646851 -1.84194004535675 -1.75161004066467 -1.67096996307373 -1.58064997196198 -1.48064994812012 -1.29999995231628 -1.20000004768372 -1.20000004768372
-9.6322603225708 -10.6323003768921 -10.4225997924805 -10.8128995895386 -10.6934995651245 -10.0839004516602 -10.4934997558594 -11.2419004440308 -11.7613000869751 -11.871000289917 -11.7613000869751 -10.6515998840332 -9.5419397354126 -8.73225975036621 -6.72257995605469 -3.98387002944946 -4.2032299041748 -4.62258005142212 -5.03225994110107 -5.33226013183594 -4.93226003646851 -3.32258009910583 -1.81289994716644 -1.61290001869202 -1.71290004253387 -3.61290001869202 -7.42257976531982 -10.7129001617432 -13.5031995773315 -13.5935001373291 -13.3838996887207 -14.8838996887207 -11.1742000579834 -10.7742004394531 -6.99354982376099 -4.52258014678955 -3.13226008415222 -2.63226008415222 -2.05160999298096 -1.56129002571106 -1.4709700345993 -1.29032003879547 -1.19032001495361 -1 -1 -1
-7.49354982376099 -9.10323047637939 -12.0418996810913 -10.1838998794556 -10.8838996887207 -10.3741998672485 -10.893500328064 -12.6515998840332 -12.9612998962402 -14.06130027771 -11.5418996810913 -10.2322998046875 -9.53225994110107 -7.71290016174316 -5.7032299041748 -4.19355010986328 -2.89354991912842 -2.59354996681213 -3.52257990837097 -3.52257990837097 -2.72257995605469 -3.12258005142212 -3.12258005142212 -1.71290004253387 -1.20323002338409 -1.10322999954224 -1.4128999710083 -3.61290001869202 -8.61289978027344 -12.3031997680664 -12.393500328064 -10.9839000701904 -11.0741996765137 -9.67418956756592 -7.58386993408203 -5.31290006637573 -4.23226022720337 -3.54193997383118 -2.55160999298096 -1.67096996307373 -1.27096998691559 -1.09031999111176 -0.899999976158142 -0.800000011920929 -0.699999988079071 -0.699999988079071
-10.2129001617432 -11.8323001861572 -13.9516000747681 -13.4419002532959 -14.5516004562378 -14.8613004684448 -12.512900352478 -12.4225997924805 -13.7419004440308 -14.1612997055054 -14.1612997055054 -10.3128995895386 -8.2032299041748 -5.79355001449585 -4.38387012481689 -3.08386993408203 -2.38386988639832 -1.89355003833771 -2.40322995185852 -2.9128999710083 -2.71289992332458 -2.21289992332458 -2.51290011405945 -3.13226008415222 -2.4225800037384 -1.9128999710083 -1.11290001869202 -0.912903010845184 -2.9225800037384 -7.60322999954224 -13.8838996887207 -13.1838998794556 -9.78386974334717 -8.77418994903564 -7.78387022018433 -7.1838698387146 -6.10322999954224 -4.84193992614746 -3.56129002571106 -2.07097005844116 -1.18064999580383 -0.79032301902771 -0.600000023841858 -0.5 -0.5 -0.400000005960464
-8.49355030059814 -11.203200340271 -14.6515998840332 -14.7419004440308 -14.6323003768921 -14.3226003646851 -13.8226003646851 -14.641900062561 -14.1323003768921 -14.2419004440308 -15.2613000869751 -12.3323001861572 -9.40322971343994 -8.81289958953857 -7.02258014678955 -4.7032299041748 -3.60322999954224 -2.90322995185852 -1.99354994297028 -1.79355001449585 -2.10322999954224 -2.52257990837097 -1.9128999710083 -1.61290001869202 -1.61290001869202 -2.01290011405945 -1.81289994716644 -1.01289999485016 -1.11290001869202 -2.11290001869202 -7.9032301902771 -11.1838998794556 -12.9645004272461 -14.7644996643066 -15.8645000457764 -13.1548004150391 -9.06451988220215 -6.60322999954224 -4.64194011688232 -3.26129007339478 -1.48064994812012 -0.590322971343994 -0.390323013067245 -0.200000002980232 -0.100000001490116 -0.100000001490116
-13.4225997924805 -14.4322996139526 -14.6323003768921 -15.3323001861572 -15.3323001861572 -15.3418998718262 -14.9225997924805 -16.0515995025635 -15.2322998046875 -14.4225997924805 -14.9419002532959 -13.3323001861572 -10.5031995773315 -10.1323003768921 -9.03225994110107 -7.54194021224976 -6.85161018371582 -4.93226003646851 -3.00323009490967 -2.50323009490967 -1.90322995185852 -1.60322999954224 -1.71290004253387 -1.40322995185852 -0.912903010845184 -0.712903022766113 -0.612902998924255 -0.912903010845184 -1.11290001869202 -1.40322995185852 -1.81289994716644 -3.7032299041748 -4.99354982376099 -7.38387012481689 -10.4645004272461 -12.7547998428345 -12.4451999664307 -9.4548397064209 -6.9032301902771 -5.33226013183594 -3.16128993034363 -1.19032001495361 -0.100000001490116 0 0.100000001490116 0.200000002980232
-13.3128995895386 -14.1225996017456 -14.8323001861572 -15.4225997924805 -15.5322999954224 -16.0419006347656 -15.3128995895386 -15.3226003646851 -15.012900352478 -14.4934997558594 -14.1031999588013 -13.8226003646851 -12.6225996017456 -10.8226003646851 -8.43225955963135 -9.05160999298096 -9.36128997802734 -6.85161018371582 -6.05160999298096 -4.94193983078003 -3.4225800037384 -2.61290001869202 -1.70323002338409 -1.20323002338409 -0.903226017951965 -0.712903022766113 -0.612902998924255 -0.70322597026825 -0.70322597026825 -0.993547976016998 -1.50322997570038 -1.80323004722595 -2.10322999954224 -2.60322999954224 -3.50323009490967 -5.00323009490967 -8.37419033050537 -9.06451988220215 -8.18387031555176 -6.32257986068726 -5.54194021224976 -2.97096991539001 -0.800000011920929 0.300000011920929 0.400000005960464 0.5
-10.8645000457764 -13.7129001617432 -14.6128997802734 -15.3226003646851 -15.5226001739502 -15.1934995651245 -14.7839002609253 -14.6645002365112 -14.3548002243042 -14.1451997756958 -13.7547998428345 -13.5935001373291 -12.8128995895386 -12.4322996139526 -12.1323003768921 -11.4419002532959 -9.06128978729248 -7.26129007339478 -9.56128978729248 -7.36128997802734 -6.34193992614746 -6.44193983078003 -5.23226022720337 -3.11290001869202 -1.80323004722595 -1.21290004253387 -0.912903010845184 -0.803225994110107 -0.803225994110107 -0.883871018886566 -0.983870983123779 -1.29355001449585 -1.59354996681213 -1.99354994297028 -2.80323004722595 -3.30323004722595 -4.12258005142212 -5.12258005142212 -5.22257995605469 -5.03225994110107 -4.74194002151489 -3.86128997802734 -2.08065009117126 0.200000002980232 0.800000011920929 0.800000011920929
-11.6645002365112 -13.6031999588013 -14.6225996017456 -14.6128997802734 -14.893500328064 -14.8838996887207 -15.203200340271 -15.0741996765137 -14.0452003479004 -13.9547996520996 -13.8741998672485 -14.9225997924805 -14.7225999832153 -12.4225997924805 -12.5322999954224 -11.141900062561 -10.641900062561 -10.0516004562378 -10.4516000747681 -9.84193992614746 -7.24194002151489 -7.64194011688232 -6.64194011688232 -6.33226013183594 -3.83225989341736 -2.82258009910583 -1.9225800037384 -1.11290001869202 -0.893548011779785 -0.883871018886566 -0.97419399023056 -0.883871018886566 -0.793547987937927 -0.803225994110107 -1.10322999954224 -1.50322997570038 -1.72257995605469 -2.03225994110107 -2.65160989761353 -2.85160994529724 -3.35160994529724 -2.27097010612488 -1.48064994812012 -0.190322995185852 0.899999976158142 1.10000002384186
-13.0839004516602 -13.8128995895386 -13.6031999588013 -13.9934997558594 -14.5839004516602 -14.9934997558594 -15.3128995895386 -14.8838996887207 -13.2452001571655 -13.1354999542236 -13.2742004394531 -14.6128997802734 -13.512900352478 -10.9934997558594 -10.012900352478 -10.7225999832153 -12.3323001861572 -10.3323001861572 -9.5419397354126 -9.84193992614746 -11.5322999954224 -10.5322999954224 -9.53225994110107 -8.93225955963135 -7.93226003646851 -6.73226022720337 -4.73226022720337 -2.23225998878479 -1.10322999954224 -0.993547976016998 -0.893548011779785 -0.893548011779785 -0.893548011779785 -0.903226017951965 -0.993547976016998 -1.00322997570038 -1.01289999485016 -0.922581017017365 -1.03225994110107 -1.85160994529724 -2.15160989761353 -1.76128995418549 -0.770968019962311 0.00967742037028074 0.800000011920929 1
-12.9839000701904 -13.4032001495361 -13.4032001495361 -14.203200340271 -14.4934997558594 -14.2839002609253 -14.4934997558594 -14.4742002487183 -12.7452001571655 -10.8257999420166 -9.61612987518311 -9.11612987518311 -8.12580966949463 -8.0451602935791 -8.47418975830078 -10.6128997802734 -14.9322996139526 -12.3323001861572 -9.73225975036621 -9.33226013183594 -9.23225975036621 -10.0322999954224 -11.9225997924805 -10.5226001739502 -10.4225997924805 -10.9225997924805 -6.63225984573364 -2.64194011688232 -1.21290004253387 -0.903226017951965 -0.893548011779785 -0.903226017951965 -1.08387005329132 -1.19354999065399 -1.29355001449585 -1.29355001449585 -1.20323002338409 -0.912903010845184 -0.722581028938293 -0.632257997989655 -1.14193999767303 -1.06129002571106 -0.270967990159988 0.619355022907257 1.29999995231628 1.70000004768372
-13.6548004150391 -13.5741996765137 -13.6838998794556 -14.0839004516602 -14.3031997680664 -14.393500328064 -13.9839000701904 -13.0644998550415 -11.3354997634888 -9.70645046234131 -8.19676971435547 -7.39677000045776 -7.0967698097229 -6.8161301612854 -7.54515981674194 -8.88387012481689 -12.512900352478 -13.3226003646851 -11.3226003646851 -11.8226003646851 -12.3226003646851 -11.7225999832153 -11.7225999832153 -9.52258014678955 -7.92257976531982 -6.33226013183594 -4.54194021224976 -3.15160989761353 -1.43226003646851 -0.912903010845184 -0.993547976016998 -1.09354996681213 -1.29355001449585 -1.49354994297028 -1.69354999065399 -1.60322999954224 -1.40322995185852 -1.10322999954224 -0.722581028938293 -0.432258009910583 -0.432258009910583 0.048387099057436 0.138710007071495 0.838710010051727 1.41935002803802 1.70000004768372
-13.3838996887207 -13.5031995773315 -13.9128999710083 -14.1128997802734 -14.512900352478 -14.7129001617432 -14.6128997802734 -14.7225999832153 -13.2839002609253 -10.8451995849609 -8.41613006591797 -7.28709983825684 -7.40644979476929 -6.99676990509033 -7.00645017623901 -7.44515991210938 -9.08386993408203 -11.7129001617432 -11.203200340271 -12.6128997802734 -13.6225996017456 -13.6225996017456 -13.6225996017456 -13.3226003646851 -9.62257957458496 -8.71290016174316 -6.73226022720337 -3.06129002571106 -2.25161004066467 -1.32257997989655 -1.11290001869202 -1.30323004722595 -1.50322997570038 -1.89355003833771 -2.09354996681213 -2.00323009490967 -1.70323002338409 -1.30323004722595 -0.903226017951965 -0.422580987215042 -0.132257997989655 0.0677419006824493 0.548386991024017 1.0387099981308 1.41935002803802 1.60968005657196
