ENMTML/All_vars/Predictors/EUR_only/bio7.asc
NCOLS 440 
NROWS 275 
XLLCORNER -11.5 
YLLCORNER 25.4999999994691 
CELLSIZE 0.166666666666667 
NODATA_value -3.4e+38 
[rows 168 to 188 of 275, columns 0 to 46 of 440]
-3.4e+38 -3.4e+38 -3.4e+38 -3.4e+38 -3.4e+38 -3.4e+38 -3.4e+38 -3.4e+38 -3.4e+38 -3.4e+38 -3.4e+38 -3.4e+38 -3.4e+38 -3.4e+38 -3.4e+38 15.6515998840332 16.1483993530273 16.8418998718262 17.0419006347656 17.3258495330811 18.4839096069336 19.2692699432373 19.5724697113037 20.0692691802979 20.5793991088867 20.9761009216309 21.7531700134277 21.869270324707 22.4692707061768 22.6559295654297 22.6559295654297 22.8619003295898 22.7548007965088 22.3644790649414 21.7644805908203 22.2128601074219 22.3419399261475 22.5290393829346 22.0483894348145 22.7483901977539 22.2483901977539 20.8612899780273 19.9709701538086 19.4322700500488 18.7258491516113 18.3290500640869 19.0225505828857
-3.4e+38 -3.4e+38 -3.4e+38 -3.4e+38 -3.4e+38 -3.4e+38 -3.4e+38 -3.4e+38 -3.4e+38 -3.4e+38 -3.4e+38 -3.4e+38 -3.4e+38 15.0516004562378 15.6451997756958 16.4354991912842 17.3257999420166 18.2064208984375 18.7870693206787 19.1580390930176 19.4660701751709 19.8660697937012 20.2793998718262 20.7660694122314 21.3729000091553 22.0531692504883 22.5825996398926 22.869270324707 23.4692707061768 23.6946296691895 24.1838798522949 24.3935604095459 24.5225391387939 24.5322608947754 24.4193592071533 24.6290397644043 24.9258098602295 24.8258094787598 24.5258102416992 24.5354900360107 24.0354900360107 22.9483890533447 23.3580703735352 22.5612907409668 21.5709705352783 21.2515697479248 21.3612403869629
-3.4e+38 -3.4e+38 -3.4e+38 -3.4e+38 -3.4e+38 -3.4e+38 -3.4e+38 -3.4e+38 -3.4e+38 -3.4e+38 -3.4e+38 -3.4e+38 -3.4e+38 15.0516004562378 15.93869972229 16.6322994232178 17.4193992614746 18.3935508728027 19.6548099517822 19.7430305480957 19.7660694122314 20.3627700805664 20.9595699310303 21.5595703125 22.0692691802979 22.782600402832 23.2885704040527 23.7885704040527 24.1752300262451 24.5935592651367 24.9935607910156 25.2225399017334 25.4419403076172 25.9064598083496 26.0064601898193 26.1161403656006 26.0129108428955 25.8129100799561 25.6129093170166 25.3129100799561 25.2225894927979 24.8258094787598 24.4225902557373 23.8354892730713 23.2354907989502 22.7580699920654 22.3612899780273
-3.4e+38 -3.4e+38 -3.4e+38 -3.4e+38 -3.4e+38 -3.4e+38 -3.4e+38 -3.4e+38 -3.4e+38 -3.4e+38 -3.4e+38 -3.4e+38 -3.4e+38 -3.4e+38 15.5418996810913 16.1354999542236 16.9258003234863 17.9000492095947 19.2613105773926 20.0398292541504 20.2595691680908 20.9563694000244 21.7531700134277 22.3498706817627 22.9692707061768 23.4692707061768 24.0692691802979 24.4692707061768 25.1079692840576 25.5466709136963 25.7031803131104 26.019359588623 26.5064601898193 26.9838790893555 27.2806606292725 27.3677597045898 27.0774402618408 26.7677593231201 26.4645404815674 26.1871109008789 25.8871097564697 25.4903392791748 25.0903396606445 24.6000099182129 24.3129100799561 23.935489654541 23.6354904174805
-3.4e+38 -3.4e+38 -3.4e+38 -3.4e+38 -3.4e+38 -3.4e+38 -3.4e+38 -3.4e+38 -3.4e+38 -3.4e+38 -3.4e+38 -3.4e+38 -3.4e+38 -3.4e+38 15.0483999252319 15.641900062561 16.1354999542236 17.8000507354736 19.754810333252 20.5365295410156 21.0498695373535 21.7333297729492 22.55592918396 23.2559299468994 23.6946296691895 24.1692695617676 24.4692707061768 25.2079696655273 25.7471008300781 26.3341999053955 26.6070995330811 26.9096794128418 27.4741992950439 27.870979309082 28.3419609069824 28.3290596008301 27.8516292572021 27.5516395568848 27.2516307830811 27.0645408630371 26.7645397186279 26.3645305633545 25.9774303436279 25.5871105194092 25.3000106811523 25.022590637207 24.8225898742676
-3.4e+38 -3.4e+38 -3.4e+38 -3.4e+38 -3.4e+38 -3.4e+38 -3.4e+38 -3.4e+38 -3.4e+38 -3.4e+38 -3.4e+38 -3.4e+38 -3.4e+38 -3.4e+38 -3.4e+38 -3.4e+38 16.1418991088867 17.3419494628906 19.8613090515137 20.9398307800293 21.9813003540039 22.8812999725342 23.4485702514648 23.8619003295898 24.2559299468994 24.7946300506592 25.2752304077148 25.8079700469971 26.1139297485352 26.4031791687012 26.5322608947754 27.4967803955078 27.9709796905518 28.3548603057861 28.7419605255127 28.638729095459 28.4387302398682 28.2387409210205 27.8516292572021 27.7516307830811 27.5419597625732 27.2419605255127 26.8645305633545 26.4645309448242 26.1774291992188 25.9871101379395 25.7000102996826
-3.4e+38 -3.4e+38 -3.4e+38 -3.4e+38 -3.4e+38 -3.4e+38 -3.4e+38 -3.4e+38 -3.4e+38 -3.4e+38 -3.4e+38 -3.4e+38 -3.4e+38 -3.4e+38 -3.4e+38 -3.4e+38 16.4515705108643 17.8709697723389 19.9418907165527 21.3935604095459 22.7999992370605 23.5066699981689 23.9006004333496 23.9619007110596 23.8451309204102 24.5451393127441 25.5752296447754 25.4838409423828 25.703239440918 26.5128593444824 27.019359588623 27.8064594268799 28.2806606292725 28.6645393371582 28.8387393951416 28.84840965271 28.9387302398682 28.638729095459 28.5387306213379 28.4290599822998 28.3290596008301 28.2290592193604 27.8419609069824 27.4419593811035 27.0645408630371 26.7613105773926 26.5742092132568
-3.4e+38 -3.4e+38 -3.4e+38 -3.4e+38 -3.4e+38 -3.4e+38 -3.4e+38 -3.4e+38 -3.4e+38 -3.4e+38 -3.4e+38 -3.4e+38 -3.4e+38 -3.4e+38 -3.4e+38 -3.4e+38 17.1515693664551 18.3354892730713 20.4129104614258 21.6387100219727 21.9935092926025 23.0741596221924 23.9838790893555 24.4644794464111 24.5645408630371 25.0645408630371 25.5838394165039 25.5935096740723 26.2935104370117 27.2128601074219 27.7193603515625 28.2064609527588 28.5774307250977 28.7645397186279 28.8709907531738 28.9580898284912 29.0451908111572 28.935510635376 28.9484100341797 28.8355102539062 28.9258308410645 29.1064796447754 28.7193794250488 28.2290592193604 27.7516307830811 27.4645309448242 27.2645397186279
-3.4e+38 -3.4e+38 -3.4e+38 -3.4e+38 -3.4e+38 -3.4e+38 -3.4e+38 -3.4e+38 -3.4e+38 -3.4e+38 -3.4e+38 -3.4e+38 -3.4e+38 -3.4e+38 -3.4e+38 16.6580696105957 17.3580703735352 19.2483901977539 20.8258094787598 21.5418891906738 22.5322093963623 22.4838905334473 23.064489364624 24.6741600036621 25.7031803131104 25.7946300506592 26.3548603057861 26.6645393371582 27.1741600036621 27.6225395202637 28.019359588623 28.3161392211914 28.6903305053711 28.874210357666 29.0580902099609 29.1451892852783 29.0548706054688 29.0677700042725 29.1451892852783 29.1451892852783 29.2484092712402 29.3387393951416 29.0387306213379 28.641960144043 28.2516403198242 27.8645305633545 27.7645397186279
-3.4e+38 -3.4e+38 -3.4e+38 -3.4e+38 -3.4e+38 -3.4e+38 -3.4e+38 -3.4e+38 -3.4e+38 -3.4e+38 -3.4e+38 -3.4e+38 -3.4e+38 -3.4e+38 -3.4e+38 -3.4e+38 17.7580699920654 19.3225898742676 21.0129108428955 22.0387096405029 22.4225902557373 22.8128700256348 23.403190612793 25.1128597259521 25.9128608703613 26.2935600280762 26.8935604095459 26.8838291168213 27.6645393371582 27.9032306671143 28.0516109466553 28.4258098602295 28.787109375 28.9709892272949 29.0580902099609 29.1451892852783 29.1677703857422 29.2548694610596 29.2645492553711 29.2645492553711 29.2645492553711 29.2548694610596 29.0484104156494 28.8516292572021 28.4645309448242 28.1742095947266 28.0645408630371
-3.4e+38 -3.4e+38 -3.4e+38 -3.4e+38 -3.4e+38 -3.4e+38 -3.4e+38 -3.4e+38 -3.4e+38 -3.4e+38 -3.4e+38 -3.4e+38 -3.4e+38 -3.4e+38 -3.4e+38 -3.4e+38 17.9451694488525 19.4225902557373 21.0129108428955 22.4258098602295 23.1612892150879 23.7418899536133 24.7516098022461 25.4419403076172 25.9225406646729 26.8225803375244 27.122579574585 27.2838306427002 27.703239440918 28.0225391387939 28.1516094207764 28.5129108428955 28.7096900939941 28.9709892272949 29.0677700042725 29.1548690795898 29.2677707672119 29.2677707672119 29.2645492553711 29.1871204376221 29.1742191314697 29.1677703857422 28.9709892272949 28.6742095947266 28.4742107391357 28.287109375 28.1871109008789
-3.4e+38 -3.4e+38 -3.4e+38 -3.4e+38 -3.4e+38 -3.4e+38 -3.4e+38 -3.4e+38 -3.4e+38 -3.4e+38 -3.4e+38 -3.4e+38 -3.4e+38 -3.4e+38 -3.4e+38 -3.4e+38 18.1483898162842 19.4483890533447 21.1258106231689 22.5354900360107 23.6483898162842 24.72580909729 24.3515701293945 25.3612899780273 26.4516105651855 26.9204292297363 27.1322593688965 27.3225402832031 27.641939163208 27.941930770874 28.2387104034424 28.522590637207 28.7193698883057 28.9935703277588 29.1709899902344 29.1806697845459 29.2580890655518 29.2580890655518 29.2677707672119 29.2677707672119 29.1677703857422 28.9903507232666 28.8838901519775 28.5967903137207 28.4871101379395 28.3000106811523 28.2129096984863
-3.4e+38 -3.4e+38 -3.4e+38 -3.4e+38 -3.4e+38 -3.4e+38 -3.4e+38 -3.4e+38 -3.4e+38 -3.4e+38 -3.4e+38 -3.4e+38 -3.4e+38 -3.4e+38 -3.4e+38 -3.4e+38 18.341890335083 19.6612892150879 21.1612892150879 22.5516109466553 23.6387100219727 24.2418899536133 25.8387107849121 26.2387104034424 26.5419406890869 26.4612903594971 27.1322593688965 27.3419399261475 27.5322093963623 27.8516101837158 28.2387104034424 28.522590637207 28.8096904754639 28.996789932251 29.1967906951904 29.1838893890381 29.1709899902344 29.2613105773926 29.2484092712402 29.1709899902344 29.0709896087646 28.8806705474854 28.7935695648193 28.5967903137207 28.3225898742676 28.2129096984863 28.3129100799561
-3.4e+38 -3.4e+38 -3.4e+38 -3.4e+38 -3.4e+38 -3.4e+38 -3.4e+38 -3.4e+38 -3.4e+38 -3.4e+38 -3.4e+38 -3.4e+38 -3.4e+38 -3.4e+38 -3.4e+38 -3.4e+38 -3.4e+38 19.6225891113281 21.0418891906738 22.4322109222412 23.4418907165527 23.9709701538086 25.3387107849121 25.7612895965576 26.1516094207764 26.6387100219727 27.0419406890869 27.3290405273438 27.5419406890869 27.7483901977539 28.1387100219727 28.435489654541 28.8225898742676 29.1193695068359 29.2967891693115 29.1871109008789 29.1645393371582 29.1645393371582 29.1613101959229 29.1613101959229 28.9838905334473 28.7838897705078 28.6871109008789 28.4225902557373 28.2354907989502 28.1258106231689 28.2225894927979
-3.4e+38 -3.4e+38 -3.4e+38 -3.4e+38 -3.4e+38 -3.4e+38 -3.4e+38 -3.4e+38 -3.4e+38 -3.4e+38 -3.4e+38 -3.4e+38 -3.4e+38 -3.4e+38 -3.4e+38 -3.4e+38 -3.4e+38 18.9322700500488 21.0031890869141 22.212869644165 23.212869644165 23.7322692871094 24.1419506072998 25.0322704315186 25.1322708129883 26.1612892150879 26.7516098022461 26.9516105651855 27.2516098022461 27.6387100219727 28.0354900360107 28.5129108428955 28.8225898742676 29.2000102996826 29.3225898742676 29.2903308868408 29.080659866333 29.1645393371582 29.1645393371582 29.1516304016113 29.0613098144531 28.951639175415 28.6774291992188 28.4129104614258 28.1354904174805 28.022590637207 28.2225894927979
-3.4e+38 -3.4e+38 -3.4e+38 -3.4e+38 -3.4e+38 -3.4e+38 -3.4e+38 -3.4e+38 -3.4e+38 -3.4e+38 -3.4e+38 -3.4e+38 -3.4e+38 -3.4e+38 -3.4e+38 -3.4e+38 -3.4e+38 18.2419700622559 20.7161693572998 22.3838901519775 23.403190612793 24.3031902313232 24.8225898742676 25.022590637207 25.2225894927979 25.9418907165527 26.2418899536133 26.5612907409668 27.0516109466553 27.4483890533447 27.9387092590332 28.3354892730713 28.8000106811523 29.0096893310547 29.2000102996826 29.2903308868408 29.2677593231201 29.3451805114746 29.2548599243164 29.1548595428467 29.141960144043 28.9419593811035 28.6645393371582 28.4774398803711 28.2967891693115 28.2967891693115 28.5967903137207
-3.4e+38 -3.4e+38 -3.4e+38 -3.4e+38 -3.4e+38 -3.4e+38 -3.4e+38 -3.4e+38 -3.4e+38 -3.4e+38 -3.4e+38 -3.4e+38 -3.4e+38 -3.4e+38 -3.4e+38 -3.4e+38 16.5612506866455 18.4386692047119 20.806489944458 22.3806896209717 23.5742092132568 24.4742107391357 24.9935092926025 25.2935104370117 24.9225902557373 25.022590637207 25.4515705108643 26.1612892150879 26.8516101837158 27.5387096405029 27.9129104614258 28.0354900360107 28.6000099182129 29.0000095367432 29.2000102996826 29.3677597045898 29.3548603057861 29.3451805114746 29.2548599243164 29.3322792053223 29.2419605255127 29.141960144043 29.0419597625732 28.8645401000977 28.9613094329834 28.8709907531738 29.0226097106934
-3.4e+38 -3.4e+38 -3.4e+38 -3.4e+38 -3.4e+38 -3.4e+38 -3.4e+38 -3.4e+38 -3.4e+38 -3.4e+38 -3.4e+38 -3.4e+38 -3.4e+38 -3.4e+38 -3.4e+38 -3.4e+38 17.5386695861816 19.6160907745361 21.787109375 23.1742095947266 24.0613098144531 24.6548099517822 24.583890914917 22.8032493591309 24.403190612793 25.1225891113281 25.522590637207 25.8709697723389 26.7387104034424 27.2387104034424 27.6354904174805 28.3129100799561 28.9677600860596 29.2677593231201 29.1774291992188 29.3645305633545 29.4548606872559 29.2645397186279 29.3516407012939 29.4419593811035 29.6193809509277 29.5290603637695 29.7129306793213 29.5258407592773 29.5226097106934 29.3193893432617 29.306489944458
-3.4e+38 -3.4e+38 -3.4e+38 -3.4e+38 -3.4e+38 -3.4e+38 -3.4e+38 -3.4e+38 -3.4e+38 -3.4e+38 -3.4e+38 -3.4e+38 -3.4e+38 -3.4e+38 -3.4e+38 17.335470199585 18.5193901062012 20.596809387207 22.6709403991699 23.7580394744873 24.3484401702881 24.2419109344482 24.064489364624 24.0935707092285 25.7935104370117 26.0129108428955 25.8322105407715 26.1612892150879 26.7387104034424 27.5258102416992 28.290340423584 28.7774391174316 29.1548595428467 29.1645393371582 29.0645408630371 29.0871105194092 29.3645401000977 29.4645404815674 29.9193801879883 30.1064796447754 30.1935806274414 30.1935806274414 30.2032604217529 30.1903591156006 30.0097103118896 29.9968109130859 29.9839096069336
-3.4e+38 -3.4e+38 -3.4e+38 -3.4e+38 -3.4e+38 -3.4e+38 -3.4e+38 -3.4e+38 -3.4e+38 -3.4e+38 -3.4e+38 -3.4e+38 -3.4e+38 -3.4e+38 -3.4e+38 17.6290702819824 18.9128894805908 20.980640411377 22.9645404815674 23.2613105773926 23.6580905914307 24.0515899658203 24.754810333252 25.1742095947266 26.0838394165039 26.6032390594482 26.7419395446777 27.2337703704834 27.7161407470703 28.2817306518555 28.5688304901123 28.9559307098389 29.2548599243164 29.4419593811035 29.7290592193604 30.019380569458 30.2064800262451 30.3967990875244 30.493579864502 30.5935802459717 30.5935802459717 30.6806793212891 30.7806797027588 30.7806797027588 30.6903591156006 30.6871395111084 30.5871391296387
-3.4e+38 -3.4e+38 -3.4e+38 -3.4e+38 -3.4e+38 -3.4e+38 -3.4e+38 -3.4e+38 -3.4e+38 -3.4e+38 -3.4e+38 -3.4e+38 -3.4e+38 -3.4e+38 -3.4e+38 17.5160903930664 19.193510055542 20.9839096069336 22.5677108764648 23.2613105773926 23.9516105651855 24.0419101715088 25.0548095703125 26.0645408630371 26.4885692596436 26.9139308929443 27.1466693878174 27.6075305938721 27.9817295074463 28.4688301086426 28.8322792053223 29.1322803497314 29.519380569458 29.8064804077148 30.0064792633057 30.283899307251 30.4967994689941 30.6839008331299 30.783899307251 30.8838996887207 31.0709991455078 31.080680847168 31.1806793212891 31.2677803039551 31.3677806854248 31.2677803039551 31.1774597167969
