ENMTML/All_vars/Predictors/EUR_only/bio7.asc
NCOLS 440 
NROWS 275 
XLLCORNER -11.5 
YLLCORNER 25.4999999994691 
CELLSIZE 0.166666666666667 
NODATA_value -3.4e+38 
[rows 231 to 251 of 275, columns 282 to 328 of 440]
27.3419494628906 27.4193496704102 28.4096698760986 29.306489944458 30.1032104492188 30.3741607666016 29.545129776001 30.2516307830811 31.4257698059082 32.8451690673828 33.3547897338867 33.6547889709473 33.9741897583008 34.2741889953613 34.5612907409668 34.7612915039062 34.8741912841797 34.8741912841797 35.0612907409668 35.0741882324219 35.2709693908691 35.3838691711426 35.583869934082 35.7838706970215 36.0644683837891 36.435489654541 36.6257705688477 36.9257698059082 37.1161499023438 37.3257713317871 37.5967903137207 37.7160911560059 37.935489654541 37.935489654541 38.1354904174805 38.2547912597656 38.3605995178223 38.4799995422363 38.6666717529297 38.7799987792969 38.8666687011719 39.0404281616211 39.0533294677734 39.1404304504395 39.1404304504395 39.1271018981934 39.11376953125
27.6419506072998 26.4193706512451 26.8096904754639 28.6903400421143 29.9774608612061 30.0677795410156 29.429069519043 30.3161201477051 31.1516304016113 32.6258201599121 33.3451194763184 33.5451583862305 33.8548393249512 34.264518737793 34.6516189575195 34.8537712097168 34.9483909606934 34.9516181945801 34.9483909606934 34.9612884521484 35.0612907409668 35.2612915039062 35.5387191772461 35.6612892150879 35.9741897583008 36.1547889709473 36.4547882080078 36.7354888916016 37.025821685791 37.2354888916016 37.435489654541 37.6160888671875 37.8258209228516 37.8547897338867 38.0472717285156 38.1605987548828 38.3800010681152 38.4799995422363 38.5933303833008 38.7671012878418 38.8670997619629 38.9537696838379 39.053768157959 39.1404304504395 39.1275291442871 39.114200592041 39.200870513916
28.3322696685791 25.6032390594482 26.4935607910156 28.2838802337646 30.164529800415 30.4387493133545 30.2097206115723 30.6483497619629 31.4354705810547 32.6257591247559 33.4548416137695 33.6451606750488 33.8354797363281 34.3322601318359 34.6322593688965 34.8404312133789 34.8537712097168 34.8290405273438 34.8161392211914 34.8258209228516 35.0161399841309 35.1258201599121 35.3387107849121 35.5483894348145 35.7612915039062 36.0645217895508 36.2741889953613 36.5547904968262 36.8451194763184 37.0547904968262 37.2451210021973 37.5354385375977 37.6451187133789 37.8472709655762 37.9799995422363 38.1800003051758 38.2799987792969 38.467098236084 38.4933280944824 38.6804313659668 38.7804298400879 38.7671012878418 38.967098236084 38.9537696838379 39.0408706665039 39.1275291442871 39.2141990661621
28.6612491607666 26.8032398223877 27.7128601074219 28.983829498291 30.7605991363525 31.4279708862305 31.3161392211914 31.4967803955078 32.0871086120605 33.1354789733887 33.8322601318359 33.9225807189941 33.9258117675781 34.3129081726074 34.5141983032227 34.614200592041 34.7141990661621 34.614200592041 34.5935592651367 34.6935615539551 34.7935600280762 34.9032402038574 35.203239440918 35.4161415100098 35.6387214660645 35.9419403076172 36.2419395446777 36.4516181945801 36.6645202636719 36.8645210266113 37.2354393005371 37.3666687011719 37.5606002807617 37.7799987792969 37.967098236084 38.0933303833008 38.1937713623047 38.380428314209 38.4937705993652 38.5937690734863 38.6804313659668 38.7804298400879 38.8670997619629 38.9537696838379 38.9537696838379 39.0408706665039 39.114200592041
29.1677494049072 27.1129093170166 28.1709804534912 29.5741500854492 30.9666690826416 31.8605995178223 32.1666717529297 32.5451583862305 32.9451599121094 33.6354789733887 34.0096817016602 34.1129112243652 34.1000099182129 34.2903289794922 34.4008712768555 34.5008697509766 34.4141998291016 34.3879699707031 34.283878326416 34.370979309082 34.5677604675293 34.7806587219238 35.0806617736816 35.2935600280762 35.6064605712891 35.8161392211914 36.1193618774414 36.3419418334961 36.6322593688965 36.9404296875 37.1537704467773 37.3537712097168 37.5800018310547 37.7671012878418 37.880428314209 38.0066719055176 38.1937713623047 38.2937698364258 38.4071006774902 38.4937705993652 38.5942001342773 38.7675285339355 38.7675285339355 38.8541984558105 38.9408683776855 38.9408683776855 39.027530670166
-3.4e+38 28.0032405853271 28.0870609283447 29.0613307952881 30.1451206207275 31.2666702270508 32.1666717529297 32.9537696838379 33.353328704834 33.6271018981934 34.0096817016602 34.200870513916 34.2032318115234 34.3004302978516 34.4008712768555 34.4008712768555 34.3008689880371 34.1879692077637 33.9750709533691 34.1355094909668 34.3451805114746 34.554859161377 34.9451789855957 35.2580795288086 35.4806594848633 35.783878326416 36.0064582824707 36.3146286010742 36.5404281616211 36.8404312133789 37.0671005249023 37.3670997619629 37.4804306030273 37.6804313659668 37.7937698364258 37.9937705993652 38.1071014404297 38.2070999145508 38.2942008972168 38.3941993713379 38.5070991516113 38.5808715820312 38.6804313659668 38.7671012878418 38.8541984558105 38.8537712097168 38.9275283813477
-3.4e+38 27.5128593444824 26.9934997558594 28.0741500854492 29.6451206207275 30.9548397064209 32.0666694641113 32.8670997619629 33.3670997619629 33.7404289245605 33.9271011352539 34.1271018981934 34.2875289916992 34.1741981506348 34.1741981506348 34.200870513916 34.1879692077637 33.9746284484863 33.8484001159668 33.8097114562988 34.2097091674805 34.4322814941406 34.8355102539062 35.1484107971191 35.370979309082 35.6884002685547 35.9883995056152 36.3146286010742 36.5279693603516 36.8279685974121 36.967529296875 37.2675285339355 37.4808692932129 37.5937690734863 37.7937698364258 37.9071006774902 38.0204315185547 38.1071014404297 38.2070999145508 38.3070983886719 38.4071006774902 38.4808692932129 38.5808715820312 38.6675300598145 38.6670989990234 38.7537689208984 38.8537712097168
28.4419403076172 27.2322597503662 27.1128997802734 27.8935508728027 29.4451198577881 30.6451606750488 31.7533302307129 32.6404304504395 33.2404289245605 33.6404304504395 34.0141983032227 34.1008682250977 34.1875305175781 34.1741981506348 34.1741981506348 34.1875305175781 34.0879707336426 33.9746284484863 33.7617301940918 33.8000297546387 34.1097106933594 34.4226112365723 34.7355117797852 35.0492706298828 35.3621711730957 35.6754989624023 35.9017295837402 36.1279716491699 36.4412994384766 36.7541999816895 37.054630279541 37.2679710388184 37.4679718017578 37.5942001342773 37.7075309753418 37.9075317382812 38.0075302124023 38.0075302124023 38.1071014404297 38.1941986083984 38.2070999145508 38.3808708190918 38.3937683105469 38.55419921875 38.5675315856934 38.7408714294434 38.8275299072266
28.5322608947754 27.6128597259521 27.6935005187988 28.3741493225098 29.7451190948486 30.635440826416 31.6354808807373 32.5400009155273 33.2271003723145 33.6404304504395 34.0141983032227 34.1404304504395 34.3008689880371 34.3008689880371 34.2746315002441 34.1875305175781 34.1746292114258 34.0617294311523 33.9488296508789 34.0230293273926 34.2101287841797 34.423469543457 34.7363700866699 35.0492706298828 35.2755012512207 35.5888290405273 35.9017295837402 36.1150703430176 36.4279708862305 36.6546287536621 36.9546318054199 37.1813011169434 37.4813003540039 37.5946311950684 37.7075309753418 37.8075294494629 37.9075317382812 37.9075317382812 38.0075302124023 38.1071014404297 38.1941986083984 38.2808685302734 38.2937698364258 38.3675308227539 38.4542007446289 38.553768157959 38.553768157959
28.2322597503662 27.4225406646729 27.7031803131104 28.7741508483887 29.8547897338867 30.8548393249512 31.8160800933838 32.526668548584 33.2137718200684 33.6271018981934 33.9271011352539 34.2271003723145 34.3275299072266 34.4141998291016 34.4008712768555 34.2612991333008 34.1746292114258 34.1617317199707 34.1355018615723 34.2359313964844 34.3230285644531 34.5363693237305 34.7363700866699 35.0492706298828 35.2625999450684 35.5759315490723 35.8017311096191 36.1017303466797 36.3413009643555 36.554630279541 36.8679695129395 37.1813011169434 37.3946304321289 37.5079689025879 37.6208686828613 37.7208709716797 37.8075294494629 37.8075294494629 37.8075294494629 37.9071006774902 38.0070991516113 38.0070991516113 38.1808700561523 38.1804313659668 38.2804298400879 38.3670997619629 38.4537696838379
27.7128601074219 28.4741992950439 27.7935600280762 28.9645309448242 30.145170211792 31.135440826416 32.0354804992676 32.7258110046387 33.3137702941895 33.7266693115234 34.114200592041 34.3142013549805 34.4141998291016 34.5008697509766 34.4008712768555 34.3879699707031 34.3617286682129 34.3488311767578 34.2617301940918 34.4359283447266 34.4359283447266 34.635929107666 34.9359283447266 35.0492706298828 35.2755012512207 35.4888305664062 35.8017311096191 36.0150718688965 36.3283996582031 36.5550689697266 36.8550682067871 37.0946311950684 37.3817291259766 37.5079689025879 37.5213012695312 37.6208686828613 37.6075286865234 37.7075309753418 37.7075309753418 37.7204284667969 37.8070983886719 37.8937683105469 38.0804290771484 38.0804290771484 38.0804290771484 38.1670989990234 38.3404312133789
26.7225399017334 26.9032402038574 27.7806606292725 29.2645301818848 30.6547908782959 31.7064609527588 32.4160804748535 33.1161308288574 33.526668548584 33.9137687683105 34.2137718200684 34.4137687683105 34.5008697509766 34.6008682250977 34.5879707336426 34.5013008117676 34.4879684448242 34.4750709533691 34.4621696472168 34.548828125 34.5621681213379 34.7492713928223 34.9488296508789 35.0621681213379 35.3621711730957 35.5017318725586 35.7888298034668 36.0150718688965 36.2412986755371 36.4546318054199 36.7679710388184 36.9813003540039 37.2079696655273 37.3213005065918 37.5079689025879 37.4208717346191 37.4208717346191 37.5204315185547 37.6071014404297 37.7070999145508 37.7937698364258 37.7937698364258 37.7933311462402 37.880428314209 37.9799995422363 38.0671005249023 38.1537704467773
26.683910369873 27.4871101379395 28.4838790893555 30.0548496246338 31.4258193969727 32.3257598876953 33.0064010620117 33.5161285400391 33.913330078125 34.2004318237305 34.4875297546387 34.5137710571289 34.700870513916 34.6879692077637 34.614200592041 34.6879692077637 34.6879692077637 34.6750717163086 34.5750694274902 34.5750694274902 34.7621688842773 34.7750701904297 35.048828125 35.1621704101562 35.2755012512207 35.4883995056152 35.614631652832 35.9150695800781 36.1279716491699 36.3546295166016 36.5679702758789 36.7812995910645 36.99462890625 37.1079711914062 37.2075309753418 37.2208709716797 37.3075294494629 37.4071006774902 37.4942016601562 37.4937705993652 37.5937690734863 37.5937690734863 37.6066703796387 37.7671012878418 37.7799987792969 37.8666687011719 37.8666687011719
27.0935897827148 28.1871109008789 29.6548004150391 31.2644691467285 32.4161415100098 33.1160888671875 33.5967292785645 33.9870491027832 34.3004302978516 34.500431060791 34.7004318237305 34.7875289916992 34.7137718200684 34.8008689880371 34.8008689880371 34.7141990661621 34.701301574707 34.701301574707 34.6012992858887 34.6879692077637 34.7750701904297 34.8617286682129 35.0617294311523 35.0750694274902 35.287971496582 35.4750709533691 35.6884002685547 35.8279685974121 35.9412994384766 36.1546287536621 36.3675308227539 36.66796875 36.7812995910645 36.9075317382812 37.0075302124023 37.1075286865234 37.1941986083984 37.1204299926758 37.3070983886719 37.2200012207031 37.3066711425781 37.3933296203613 37.4933280944824 37.5800018310547 37.5800018310547 37.6666717529297 37.7533302307129
27.6806392669678 29.4935607910156 31.2741508483887 32.7548408508301 33.6160888671875 34.0161285400391 34.3064498901367 34.4870986938477 34.587100982666 34.7004318237305 34.8871002197266 34.9004287719727 34.9137687683105 34.9008712768555 34.9008712768555 34.8142013549805 34.787971496582 34.787971496582 34.787971496582 34.787971496582 34.8750686645508 34.8879699707031 34.9746284484863 35.0879707336426 35.1879692077637 35.3013000488281 35.5141983032227 35.7146301269531 35.8275299072266 35.9542007446289 36.2541999816895 36.3675308227539 36.4942016601562 36.6937713623047 36.7937698364258 36.8937683105469 37.0070991516113 37.0200004577637 37.0937690734863 37.1937713623047 37.1933288574219 37.1933288574219 37.2933311462402 37.3605995178223 37.4472694396973 37.3800010681152 37.5472717285156
28.7548007965088 30.9129009246826 32.5612907409668 34.0225791931152 34.526668548584 34.6133308410645 34.8004302978516 34.8133316040039 34.913330078125 35.000431060791 35.000431060791 35.1004295349121 35.0875282287598 35.0875282287598 35.0008697509766 34.9008712768555 34.8879699707031 34.8008689880371 34.8008689880371 34.8008689880371 34.8879699707031 34.9008712768555 34.9879684448242 35.0879707336426 35.1008682250977 35.287971496582 35.4141998291016 35.4404296875 35.6275291442871 35.8408699035645 36.05419921875 36.1670989990234 36.380428314209 36.4804306030273 36.6804313659668 36.6937713623047 36.7933311462402 36.8066711425781 36.8933296203613 36.9066696166992 36.9933280944824 37.0933303833008 37.1800003051758 37.1605987548828 37.1605987548828 37.3279685974121 37.3472709655762
29.5354900360107 31.6806507110596 33.1387214660645 34.200870513916 34.7137718200684 34.9137687683105 35.0137710571289 35.1004295349121 35.2004318237305 35.1870994567871 35.2004318237305 35.2004318237305 35.2004318237305 35.11376953125 35.0137710571289 34.9271011352539 35.0008697509766 34.9008712768555 34.9008712768555 34.8008689880371 34.8008689880371 34.9008712768555 34.9008712768555 34.9875297546387 35.1008682250977 35.11376953125 35.2137718200684 35.2271003723145 35.4271011352539 35.6537704467773 35.8404312133789 35.9666709899902 36.0933303833008 36.2804298400879 36.4804306030273 36.5804290771484 36.5933303833008 36.5933303833008 36.7739295959473 36.7799987792969 36.8800010681152 36.9606018066406 37.0606002807617 37.0606002807617 37.1279716491699 37.1472702026367 37.227970123291
30.0354404449463 31.5516204833984 33.0290412902832 34.0141983032227 34.614200592041 34.9008712768555 35.1008682250977 35.11376953125 35.3004302978516 35.3004302978516 35.3137702941895 35.2137718200684 35.2875289916992 35.2875289916992 35.11376953125 35.1008682250977 34.9137687683105 34.9137687683105 34.9008712768555 34.8137702941895 34.7271003723145 34.8137702941895 34.8137702941895 34.9137687683105 34.9137687683105 35.000431060791 35.026668548584 35.1266708374023 35.2400016784668 35.439998626709 35.6404304504395 35.8404312133789 35.9666709899902 36.0800018310547 36.1933288574219 36.3605995178223 36.4606018066406 36.5606002807617 36.5800018310547 36.6605987548828 36.7606010437012 36.8413009643555 36.7606010437012 36.8472709655762 36.9279708862305 36.9279708862305 37.0279693603516
30.8412990570068 31.8290405273438 32.8275299072266 33.8013000488281 34.4141998291016 34.8142013549805 35.0141983032227 35.2137718200684 35.2137718200684 35.3004302978516 35.3004302978516 35.3137702941895 35.3137702941895 35.2004318237305 35.2004318237305 35.0137710571289 34.9137687683105 34.9137687683105 34.9137687683105 34.8137702941895 34.8137702941895 34.7137718200684 34.8137702941895 34.8133316040039 34.8266716003418 34.8266716003418 34.9072685241699 35.0072708129883 35.2072715759277 35.3205986022949 35.5205993652344 35.6339302062988 35.7666702270508 35.8666687011719 36.0666694641113 36.1605987548828 36.1800003051758 36.3605995178223 36.4606018066406 36.4606018066406 36.6472702026367 36.641300201416 36.6279716491699 36.6472702026367 36.727970123291 36.8146286010742 36.8146286010742
30.9546298980713 31.9412994384766 32.8279685974121 33.5408706665039 34.227970123291 34.7146301269531 35.0141983032227 35.11376953125 35.1271018981934 35.3137702941895 35.2137718200684 35.3004302978516 35.3137702941895 35.11376953125 35.027099609375 35.026668548584 34.9266700744629 34.9137687683105 34.8137702941895 34.7266693115234 34.7266693115234 34.8004302978516 34.8004302978516 34.8133316040039 34.8133316040039 34.8133316040039 34.893928527832 34.9939308166504 35.026668548584 35.2072715759277 35.3205986022949 35.5205993652344 35.7206001281738 35.8339309692383 35.9339294433594 35.9606018066406 36.0472717285156 36.227970123291 36.3279685974121 36.4279708862305 36.4472694396973 36.5279693603516 36.614631652832 36.608570098877 36.6279716491699 36.7146301269531 36.7146301269531
30.7413005828857 31.7546291351318 32.641300201416 33.3408699035645 33.9408683776855 34.5146293640137 34.8275299072266 35.1008682250977 35.114200592041 35.11376953125 35.2137718200684 35.2266693115234 35.2271003723145 35.11376953125 35.0137710571289 35.0137710571289 34.8266716003418 34.8133316040039 34.8137702941895 34.7266693115234 34.7266693115234 34.7133293151855 34.7266693115234 34.7133293151855 34.7133293151855 34.7939300537109 34.8133316040039 34.893928527832 35.0072708129883 35.1939315795898 35.3072700500488 35.4206008911133 35.5205993652344 35.6339302062988 35.8146286010742 35.9146308898926 35.9279708862305 36.0279693603516 36.1279716491699 36.2146301269531 36.3146286010742 36.4146308898926 36.4279708862305 36.5085716247559 36.5146293640137 36.614631652832 36.614631652832
