ENMTML/All_vars/Predictors/EUR_only/bio7.asc
NCOLS 440 
NROWS 275 
XLLCORNER -11.5 
YLLCORNER 25.4999999994691 
CELLSIZE 0.166666666666667 
NODATA_value -3.4e+38 
[rows 231 to 251 of 275, columns 141 to 187 of 440]
25.2258491516113 25.2225494384766 25.3290500640869 25.6451301574707 26.5484294891357 27.441930770874 28.0548496246338 27.4547996520996 26.6612796783447 25.8774604797363 25.1903400421143 24.9903392791748 24.9709796905518 -3.4e+38 -3.4e+38 -3.4e+38 -3.4e+38 -3.4e+38 -3.4e+38 -3.4e+38 -3.4e+38 -3.4e+38 -3.4e+38 -3.4e+38 -3.4e+38 -3.4e+38 -3.4e+38 -3.4e+38 -3.4e+38 -3.4e+38 -3.4e+38 -3.4e+38 -3.4e+38 -3.4e+38 -3.4e+38 -3.4e+38 -3.4e+38 -3.4e+38 -3.4e+38 -3.4e+38 -3.4e+38 -3.4e+38 -3.4e+38 -3.4e+38 -3.4e+38 -3.4e+38 -3.4e+38
26.4128704071045 26.3096694946289 26.4128704071045 26.8161697387695 27.8258495330811 29.3257694244385 30.464469909668 29.854850769043 28.6354999542236 27.6644802093506 27.0644798278809 26.7031803131104 26.2548007965088 25.545129776001 25.5225505828857 -3.4e+38 -3.4e+38 -3.4e+38 -3.4e+38 -3.4e+38 -3.4e+38 -3.4e+38 -3.4e+38 -3.4e+38 -3.4e+38 -3.4e+38 -3.4e+38 -3.4e+38 -3.4e+38 -3.4e+38 -3.4e+38 -3.4e+38 -3.4e+38 -3.4e+38 -3.4e+38 -3.4e+38 -3.4e+38 -3.4e+38 -3.4e+38 -3.4e+38 -3.4e+38 -3.4e+38 -3.4e+38 -3.4e+38 -3.4e+38 -3.4e+38 -3.4e+38
27.4451694488525 27.3967895507812 27.4064693450928 27.706470489502 28.6064701080322 30.206470489502 31.1257705688477 30.8257694244385 29.9097309112549 29.0354995727539 28.6032295227051 27.983829498291 27.1838302612305 26.6257705688477 26.3064708709717 25.8935699462891 25.4322299957275 24.8806591033936 24.5096397399902 -3.4e+38 -3.4e+38 -3.4e+38 -3.4e+38 -3.4e+38 -3.4e+38 -3.4e+38 -3.4e+38 -3.4e+38 -3.4e+38 -3.4e+38 -3.4e+38 -3.4e+38 -3.4e+38 -3.4e+38 -3.4e+38 -3.4e+38 -3.4e+38 -3.4e+38 -3.4e+38 -3.4e+38 -3.4e+38 -3.4e+38 -3.4e+38 -3.4e+38 -3.4e+38 -3.4e+38 -3.4e+38
28.4547901153564 28.435489654541 28.5160903930664 28.9160900115967 29.5064697265625 31.0870704650879 31.8870697021484 31.5064697265625 30.8257694244385 30.0257701873779 29.3644695281982 28.6741905212402 28.0547904968262 27.435489654541 27.0257701873779 26.6064701080322 26.035530090332 25.56130027771 25.0838794708252 24.796760559082 -3.4e+38 -3.4e+38 -3.4e+38 -3.4e+38 -3.4e+38 -3.4e+38 -3.4e+38 -3.4e+38 -3.4e+38 -3.4e+38 -3.4e+38 -3.4e+38 -3.4e+38 -3.4e+38 -3.4e+38 -3.4e+38 -3.4e+38 -3.4e+38 -3.4e+38 -3.4e+38 -3.4e+38 -3.4e+38 -3.4e+38 -3.4e+38 -3.4e+38 -3.4e+38 -3.4e+38
29.6483898162842 29.7516193389893 30.1645202636719 31.4419403076172 31.4354400634766 31.8451595306396 31.9354400634766 31.7451190948486 31.4451198577881 30.8645191192627 30.1645202636719 29.5645198822021 28.9645195007324 28.3645191192627 27.7451190948486 27.1354904174805 26.6354503631592 26.0484294891357 25.5709991455078 25.2742004394531 -3.4e+38 -3.4e+38 -3.4e+38 -3.4e+38 -3.4e+38 -3.4e+38 -3.4e+38 -3.4e+38 -3.4e+38 -3.4e+38 -3.4e+38 -3.4e+38 -3.4e+38 -3.4e+38 -3.4e+38 -3.4e+38 -3.4e+38 -3.4e+38 -3.4e+38 -3.4e+38 -3.4e+38 -3.4e+38 -3.4e+38 -3.4e+38 -3.4e+38 -3.4e+38 -3.4e+38
32.3548583984375 32.3677597045898 32.858081817627 32.783878326416 32.519359588623 32.519359588623 32.5096817016602 32.3193588256836 32.0322608947754 31.5322608947754 30.9322605133057 30.5096797943115 29.8096809387207 28.9548397064209 28.2451190948486 27.5354900360107 26.9548492431641 26.4387493133545 25.9580307006836 25.6613292694092 25.3742008209229 -3.4e+38 -3.4e+38 -3.4e+38 -3.4e+38 -3.4e+38 -3.4e+38 -3.4e+38 -3.4e+38 -3.4e+38 -3.4e+38 -3.4e+38 -3.4e+38 -3.4e+38 -3.4e+38 -3.4e+38 -3.4e+38 -3.4e+38 -3.4e+38 -3.4e+38 -3.4e+38 -3.4e+38 -3.4e+38 -3.4e+38 -3.4e+38 -3.4e+38 -3.4e+38
32.7419586181641 32.8451805114746 32.870979309082 32.9709815979004 33.0742111206055 33.0838813781738 32.8967781066895 32.7096786499023 32.4096794128418 31.9096794128418 31.4096794128418 30.9838790893555 30.3064594268799 29.4290409088135 28.6451206207275 28.0354900360107 27.33544921875 26.8387508392334 26.354829788208 25.9580307006836 25.6709995269775 -3.4e+38 -3.4e+38 -3.4e+38 -3.4e+38 -3.4e+38 -3.4e+38 -3.4e+38 -3.4e+38 -3.4e+38 -3.4e+38 -3.4e+38 -3.4e+38 -3.4e+38 -3.4e+38 -3.4e+38 -3.4e+38 -3.4e+38 -3.4e+38 -3.4e+38 -3.4e+38 -3.4e+38 -3.4e+38 -3.4e+38 -3.4e+38 -3.4e+38 -3.4e+38
32.8548583984375 33.1451797485352 33.1484107971191 33.1613082885742 33.1742095947266 33.3613090515137 33.2742118835449 32.8871116638184 32.4967803955078 32.0096817016602 31.6064605712891 31.1064605712891 30.519359588623 29.7419395446777 28.8645191192627 28.2354907989502 27.645170211792 27.1484298706055 26.6516304016113 26.1676998138428 25.871000289917 25.8613300323486 -3.4e+38 -3.4e+38 -3.4e+38 -3.4e+38 -3.4e+38 -3.4e+38 -3.4e+38 -3.4e+38 -3.4e+38 -3.4e+38 -3.4e+38 -3.4e+38 -3.4e+38 -3.4e+38 -3.4e+38 -3.4e+38 -3.4e+38 -3.4e+38 -3.4e+38 -3.4e+38 -3.4e+38 -3.4e+38 -3.4e+38 -3.4e+38 -3.4e+38
32.9548606872559 33.2451782226562 33.2484092712402 33.3613090515137 33.4516296386719 33.4484100341797 33.1645317077637 32.9774284362793 32.4096794128418 32.1000099182129 31.6967792510986 31.1193599700928 30.6322593688965 30.0419406890869 29.4741897583008 28.7451705932617 28.1548500061035 27.4451293945312 26.9612998962402 26.4645004272461 26.1709995269775 26.0516490936279 25.9451694488525 -3.4e+38 -3.4e+38 -3.4e+38 -3.4e+38 -3.4e+38 -3.4e+38 -3.4e+38 -3.4e+38 -3.4e+38 -3.4e+38 -3.4e+38 -3.4e+38 -3.4e+38 -3.4e+38 -3.4e+38 -3.4e+38 -3.4e+38 -3.4e+38 -3.4e+38 -3.4e+38 -3.4e+38 -3.4e+38 -3.4e+38 -3.4e+38
33.0451812744141 33.2580795288086 33.358081817627 33.4484100341797 33.461311340332 33.6516304016113 33.3645286560059 33.0774307250977 32.6000099182129 32.1096801757812 31.7193603515625 31.4322605133057 31.1290397644043 30.5419406890869 29.8645191192627 29.145170211792 28.5354499816895 27.8451309204102 27.1613006591797 26.6741790771484 26.6580295562744 26.4516506195068 26.2451705932617 25.9386901855469 25.6418895721436 25.3355197906494 24.8419208526611 24.5322399139404 24.6128807067871 -3.4e+38 -3.4e+38 -3.4e+38 -3.4e+38 -3.4e+38 -3.4e+38 -3.4e+38 -3.4e+38 -3.4e+38 -3.4e+38 -3.4e+38 -3.4e+38 -3.4e+38 -3.4e+38 -3.4e+38 -3.4e+38 -3.4e+38 -3.4e+38
33.1580810546875 33.358081817627 33.458080291748 33.6484107971191 33.7484092712402 33.8613090515137 33.8516311645508 33.287109375 32.8967781066895 32.4096794128418 31.9322605133057 31.7322597503662 31.2419395446777 30.7548408508301 30.0741901397705 29.435489654541 28.83544921875 28.232250213623 27.6581001281738 27.2612991333008 27.1548309326172 26.9419708251953 26.6419696807861 26.435489654541 26.0322208404541 25.7355194091797 25.3290405273438 25.0225601196289 25.003210067749 25.0838508605957 25.2612991333008 25.3419399261475 25.4322605133057 -3.4e+38 -3.4e+38 -3.4e+38 -3.4e+38 -3.4e+38 -3.4e+38 -3.4e+38 -3.4e+38 -3.4e+38 -3.4e+38 -3.4e+38 -3.4e+38 -3.4e+38 -3.4e+38
33.4548606872559 33.5580787658691 33.6484107971191 33.9484100341797 34.0484085083008 34.0484085083008 33.874210357666 33.5838813781738 32.9967803955078 32.6193618774414 32.1451606750488 31.7419395446777 31.3548393249512 30.8451194763184 30.4547901153564 29.8354892730713 29.3257694244385 28.732250213623 28.3451309204102 27.948429107666 27.645149230957 27.5354690551758 27.3322906494141 27.0258197784424 26.7290191650391 26.4128608703613 26.1096801757812 25.9000091552734 25.8871307373047 25.8709697723389 25.9484195709229 25.8322601318359 25.9193897247314 25.9903507232666 26.0709991455078 -3.4e+38 -3.4e+38 -3.4e+38 -3.4e+38 -3.4e+38 -3.4e+38 -3.4e+38 -3.4e+38 -3.4e+38 -3.4e+38 -3.4e+38 -3.4e+38
33.5677604675293 33.7580795288086 33.858081817627 33.961311340332 33.9709815979004 33.9742088317871 33.8838806152344 33.4967803955078 33.0225791931152 32.8322601318359 32.3419418334961 31.8548393249512 31.6548404693604 31.2645206451416 30.8451194763184 30.3354892730713 29.8257694244385 29.3161697387695 28.9257698059082 28.6290702819824 28.3322696685791 28.2257900238037 27.9226207733154 27.8129405975342 27.4096603393555 27.1999797821045 26.8935108184814 26.6871299743652 26.577449798584 26.5580997467041 26.5419406890869 26.6193904876709 26.606409072876 26.580680847168 26.6676998138428 26.567699432373 26.4903507232666 26.4193897247314 -3.4e+38 -3.4e+38 -3.4e+38 -3.4e+38 -3.4e+38 -3.4e+38 -3.4e+38 -3.4e+38 -3.4e+38
33.6580810546875 33.7580795288086 33.958080291748 34.0484085083008 33.9709815979004 33.9742088317871 33.8838806152344 33.6967811584473 33.3193588256836 33.0419387817383 32.6548385620117 32.1548385620117 32.0548400878906 31.6548404693604 31.2451190948486 30.9258193969727 30.4160900115967 29.9160900115967 29.6128902435303 29.316089630127 29.0129203796387 28.9161205291748 28.7064399719238 28.5032596588135 28.2032604217529 27.9871101379395 27.7806301116943 27.5741500854492 27.367769241333 27.3451194763184 27.2354393005371 27.2160892486572 27.1967296600342 27.1870498657227 27.1676998138428 27.0773792266846 26.9967308044434 26.8257598876953 26.8484191894531 -3.4e+38 -3.4e+38 -3.4e+38 -3.4e+38 -3.4e+38 -3.4e+38 -3.4e+38 -3.4e+38
33.7580795288086 33.9484100341797 33.9709815979004 34.0709800720215 34.0742111206055 34.0709800720215 33.9838790893555 33.8096809387207 33.519359588623 33.3419418334961 33.0548400878906 32.7451591491699 32.3548393249512 32.0354385375977 31.7354393005371 31.3258209228516 30.9258193969727 30.6064205169678 30.2000198364258 29.9064197540283 29.7000408172607 29.600040435791 29.4935607910156 29.296760559082 28.9839096069336 28.7774295806885 28.5677509307861 28.3709506988525 28.1548004150391 28.041919708252 27.8354396820068 27.9128894805908 27.7064094543457 27.7870502471924 27.6870498657227 27.6838493347168 27.5064105987549 27.3257598876953 27.2548007965088 27.1741504669189 27.1968097686768 -3.4e+38 -3.4e+38 -3.4e+38 -3.4e+38 27.7773990631104 27.9773998260498
33.958080291748 33.9709815979004 34.0709800720215 34.1613082885742 34.1742095947266 34.0742111206055 33.9967803955078 33.8193588256836 33.7193603515625 33.5322608947754 33.2451591491699 32.9451599121094 32.7451591491699 32.4257583618164 32.0354385375977 31.7354393005371 31.5354404449463 31.2161407470703 30.8967399597168 30.5935401916504 30.2903594970703 30.2903594970703 30.2838802337646 30.0774097442627 29.8709297180176 29.4742298126221 29.3677501678467 29.1483993530273 28.9419193267822 28.6451206207275 28.6225605010986 28.4225597381592 28.3064098358154 28.3032093048096 28.106409072876 28.0160903930664 27.925760269165 27.8354396820068 27.7548007965088 27.6741504669189 27.6031799316406 27.6225395202637 27.6515693664551 27.7612495422363 27.8709297180176 28.0774002075195 28.2870807647705
34.1580810546875 34.1613082885742 34.2484092712402 34.1709785461426 34.1709785461426 34.1742095947266 34.0838813781738 33.9967803955078 33.9096794128418 33.7322616577148 33.5322608947754 33.2451591491699 33.0322608947754 32.6451606750488 32.4451599121094 32.2257614135742 32.1257591247559 31.8064594268799 31.6064605712891 31.2967796325684 31.0773792266846 31.0677108764648 30.7742099761963 30.8645305633545 30.570930480957 30.3612499237061 30.1548690795898 29.8580703735352 29.6387195587158 29.4322395324707 29.1322402954102 29.0225601196289 28.9128894805908 28.8128890991211 28.6128902435303 28.5225601196289 28.4322395324707 28.3451194763184 28.2612705230713 28.1741504669189 28.0999794006348 28.0225391387939 27.9418907165527 28.0612506866455 28.3580493927002 28.4677295684814 28.6774005889893
34.2484092712402 34.2580795288086 34.2580795288086 34.2613105773926 34.2742118835449 34.2742118835449 34.1871109008789 34.0967788696289 33.9096794128418 33.8096809387207 33.7096786499023 33.432258605957 33.2225799560547 32.9354782104492 32.7451591491699 32.6354789733887 32.4354782104492 32.4160804748535 32.2064094543457 31.9871101379395 31.6871109008789 31.6677093505859 31.5613307952881 31.5548496246338 31.4580497741699 31.1515693664551 30.8451995849609 30.5452003479004 30.3451995849609 29.938720703125 29.8290405273438 29.5225601196289 29.4225597381592 29.3225593566895 29.1225605010986 28.9354400634766 28.9419193267822 28.8516006469727 28.6741504669189 28.5838298797607 28.5031795501709 28.4225406646729 28.5322208404541 28.5483703613281 28.6580505371094 28.7677307128906 28.9677295684814
34.4484100341797 34.4484100341797 34.4387283325195 34.3613090515137 34.374210357666 34.2742118835449 34.2742118835449 34.1838798522949 34.0871086120605 33.8967781066895 33.7096786499023 33.6096801757812 33.4225807189941 33.2129096984863 33.1225814819336 33.0258102416992 32.8354797363281 32.8354797363281 32.7967300415039 32.6064109802246 32.4064102172852 32.2967300415039 32.267749786377 32.1580696105957 32.1548500061035 31.9483699798584 31.6387004852295 31.2451992034912 30.938720703125 30.6355209350586 30.2419204711914 30.1290397644043 29.832239151001 29.7322406768799 29.6290397644043 29.4419193267822 29.4419193267822 29.2612705230713 29.1709499359131 29.0806293487549 28.9031791687012 28.9128608703613 28.9290199279785 28.9483699798584 29.051570892334 29.0612506866455 29.1612491607666
34.551628112793 34.5387306213379 34.461311340332 34.461311340332 34.3838806152344 34.374210357666 34.374210357666 34.2742118835449 34.1871109008789 34.0871086120605 33.9000091552734 33.8000106811523 33.6129112243652 33.5000114440918 33.4129104614258 33.3129081726074 33.2129096984863 33.2161293029785 33.1161308288574 33.1161308288574 33.1064491271973 33.0773696899414 33.0773696899414 32.9580688476562 32.7484016418457 32.6580696105957 32.3418998718262 31.8451995849609 31.5452003479004 31.2387199401855 30.8290405273438 30.5290393829346 30.2387199401855 30.041919708252 30.041919708252 29.8516006469727 29.7612705230713 29.6709499359131 29.4806308746338 29.3903102874756 29.3999805450439 29.3096599578857 29.3290195465088 29.3386898040771 29.3515701293945 29.5483703613281 29.5580501556396
34.7387313842773 34.7387313842773 34.725830078125 34.551628112793 34.551628112793 34.551628112793 34.4516296386719 34.3613090515137 34.2645301818848 34.0871086120605 33.9871101379395 33.9000091552734 33.8000106811523 33.700008392334 33.6903305053711 33.6000099182129 33.6032295227051 33.6032295227051 33.5935516357422 33.6935501098633 33.6064491271973 33.7967681884766 33.6870994567871 33.6677017211914 33.3676986694336 33.2677001953125 32.938720703125 32.4418983459473 32.1322212219238 31.6355209350586 31.2483997344971 30.8484001159668 30.541919708252 30.3419208526611 30.2516002655029 30.2483997344971 30.0612697601318 29.9709491729736 29.7903099060059 29.693510055542 29.6999797821045 29.6128597259521 29.6225395202637 29.629020690918 29.7386894226074 29.9386901855469 29.9386901855469
