ENMTML/All_vars/Predictors/EUR_only/bio7.asc
NCOLS 440 
NROWS 275 
XLLCORNER -11.5 
YLLCORNER 25.4999999994691 
CELLSIZE 0.166666666666667 
NODATA_value -3.4e+38 
[rows 21 to 41 of 275, columns 329 to 375 of 440]
-3.4e+38 -3.4e+38 -3.4e+38 -3.4e+38 -3.4e+38 30.9160995483398 31.128999710083 31.4160995483398 31.6032009124756 31.8934993743896 32.1935005187988 32.3805999755859 32.5806007385254 32.8708992004395 33.1613006591797 33.3484001159668 33.6290016174316 -3.4e+38 -3.4e+38 -3.4e+38 -3.4e+38 -3.4e+38 -3.4e+38 -3.4e+38 -3.4e+38 -3.4e+38 -3.4e+38 -3.4e+38 -3.4e+38 -3.4e+38 -3.4e+38 -3.4e+38 37.0161018371582 37.1063995361328 37.3031997680664 37.4934997558594 37.5934982299805 37.6935005187988 37.8838996887207 37.9838981628418 37.9838981628418 38.1710014343262 38.2839012145996 38.3838996887207 38.5709991455078 38.6710014343262 38.7677001953125
-3.4e+38 -3.4e+38 -3.4e+38 -3.4e+38 31.128999710083 31.3160991668701 31.6032009124756 31.7031993865967 31.9934997558594 32.2806015014648 32.480598449707 32.6708984375 -3.4e+38 -3.4e+38 -3.4e+38 -3.4e+38 -3.4e+38 -3.4e+38 -3.4e+38 -3.4e+38 -3.4e+38 -3.4e+38 -3.4e+38 -3.4e+38 -3.4e+38 -3.4e+38 -3.4e+38 36.7160987854004 36.8161010742188 36.9160995483398 37.1063995361328 37.3064002990723 37.4063987731934 37.4934997558594 37.5934982299805 37.6935005187988 37.8805999755859 38.0709991455078 38.1613006591797 38.2709999084473 38.2709999084473 38.4612998962402 38.6483993530273 38.7484016418457 38.8484001159668 38.9483985900879 39.0484008789062
-3.4e+38 -3.4e+38 -3.4e+38 31.3160991668701 31.5160999298096 31.7031993865967 31.9032001495361 32.0934982299805 32.3838005065918 32.5708999633789 -3.4e+38 -3.4e+38 -3.4e+38 -3.4e+38 -3.4e+38 -3.4e+38 -3.4e+38 -3.4e+38 -3.4e+38 -3.4e+38 -3.4e+38 -3.4e+38 -3.4e+38 -3.4e+38 -3.4e+38 -3.4e+38 -3.4e+38 37.0064010620117 37.1161003112793 37.3935012817383 37.5839004516602 37.6935005187988 37.8709983825684 37.8838996887207 38.0709991455078 38.1710014343262 38.1710014343262 38.3484001159668 38.4483985900879 38.5612983703613 38.6483993530273 38.7515983581543 38.9258003234863 39.0257987976074 39.1258010864258 39.1483993530273 39.3386993408203
-3.4e+38 -3.4e+38 31.6161003112793 31.7031993865967 31.9032001495361 32.0903015136719 32.2934989929199 32.5806007385254 32.8580017089844 33.0708999633789 33.4355010986328 33.7257995605469 -3.4e+38 -3.4e+38 -3.4e+38 -3.4e+38 -3.4e+38 -3.4e+38 -3.4e+38 -3.4e+38 -3.4e+38 -3.4e+38 -3.4e+38 -3.4e+38 -3.4e+38 -3.4e+38 37.2064018249512 37.3838996887207 37.5839004516602 37.6838989257812 37.8838996887207 38.0709991455078 38.2612991333008 38.3613014221191 38.4515991210938 38.4612998962402 38.6386985778809 38.6515998840332 38.7484016418457 38.8386993408203 38.9258003234863 39.0387001037598 39.1258010864258 39.2257995605469 39.412899017334 39.4258003234863 39.6258010864258
-3.4e+38 -3.4e+38 -3.4e+38 -3.4e+38 -3.4e+38 32.480598449707 32.7709007263184 33.0579986572266 33.2484016418457 33.5484008789062 33.7387008666992 33.9258003234863 34.2160987854004 34.5032005310059 -3.4e+38 -3.4e+38 -3.4e+38 -3.4e+38 -3.4e+38 -3.4e+38 -3.4e+38 -3.4e+38 -3.4e+38 -3.4e+38 -3.4e+38 -3.4e+38 37.6710014343262 37.7709999084473 37.9612998962402 38.0612983703613 38.2484016418457 38.3613014221191 38.5516014099121 38.7387008666992 38.8386993408203 38.9387016296387 38.9387016296387 39.0387001037598 39.1290016174316 39.2290000915527 39.3031997680664 39.4065017700195 39.4160995483398 39.5161018371582 39.6935997009277 39.7032012939453 39.8031997680664
-3.4e+38 -3.4e+38 -3.4e+38 -3.4e+38 -3.4e+38 -3.4e+38 -3.4e+38 33.4355010986328 33.7387008666992 33.9160995483398 34.2032012939453 34.4902992248535 34.6935005187988 34.9934997558594 35.2839012145996 -3.4e+38 -3.4e+38 -3.4e+38 -3.4e+38 -3.4e+38 -3.4e+38 -3.4e+38 -3.4e+38 37.4838981628418 37.6838989257812 37.8838996887207 37.9710006713867 38.1613006591797 38.2612991333008 38.4483985900879 38.6386985778809 38.8289985656738 38.9290008544922 39.0161018371582 39.1161003112793 39.1290016174316 39.2160987854004 39.3161010742188 39.4160995483398 39.5032005310059 39.6064987182617 39.6935997009277 39.6935997009277 39.7935981750488 39.8936004638672 40.0709991455078 40.0806999206543
-3.4e+38 -3.4e+38 -3.4e+38 -3.4e+38 -3.4e+38 -3.4e+38 33.7387008666992 33.8386993408203 34.1161003112793 34.4160995483398 34.603199005127 34.8805999755859 35.0839004516602 35.3709983825684 35.6613006591797 35.8484001159668 36.1386985778809 36.4258003234863 36.7160987854004 36.9063987731934 37.1935005187988 37.3838996887207 37.6710014343262 37.8709983825684 37.9710006713867 38.1638984680176 38.3516006469727 38.5516014099121 38.6515998840332 38.8386993408203 38.9387016296387 39.1290016174316 39.3161010742188 39.4065017700195 39.4065017700195 39.5065002441406 39.6064987182617 39.6952018737793 39.7935981750488 39.8852005004883 39.9838981628418 39.9838981628418 40.0755004882812 40.2709999084473 40.2742004394531 40.3613014221191 40.4483985900879
-3.4e+38 -3.4e+38 -3.4e+38 -3.4e+38 -3.4e+38 -3.4e+38 34.2257995605469 34.3258018493652 34.5032005310059 34.6935005187988 34.9934997558594 35.1935005187988 35.5612983703613 35.7612991333008 36.0387001037598 36.2387008666992 36.6161003112793 36.8031997680664 37.0934982299805 37.2934989929199 37.5839004516602 37.7839012145996 38.0642013549805 38.173900604248 38.4542007446289 38.6544990539551 38.744499206543 38.9444999694824 39.0444984436035 39.2347984313965 39.3247985839844 39.5152015686035 39.695499420166 39.7151985168457 39.7955017089844 39.8055000305176 39.8955001831055 40.0854988098145 40.0858001708984 40.1758003234863 40.2658004760742 40.2757987976074 40.3758010864258 40.4658012390137 40.5560989379883 40.5560989379883 40.6460990905762
-3.4e+38 -3.4e+38 -3.4e+38 -3.4e+38 -3.4e+38 34.4031982421875 34.5032005310059 34.7032012939453 34.8935012817383 35.1838989257812 35.3838996887207 35.6613006591797 35.9483985900879 36.1386985778809 36.4258003234863 36.7160987854004 36.9063987731934 37.1935005187988 37.4034996032715 37.6838989257812 37.9742012023926 38.2641983032227 38.4645004272461 38.6544990539551 38.8544998168945 38.9544982910156 39.1447982788086 39.4252014160156 39.5251998901367 39.6251983642578 39.7252006530762 39.8251991271973 39.9155006408691 40.005500793457 40.1054992675781 40.1857986450195 40.2055015563965 40.2858009338379 40.385799407959 40.385799407959 40.5661010742188 40.6660995483398 40.576099395752 40.6660995483398 40.8465003967285 40.8465003967285 40.8560981750488
33.9387016296387 34.1258010864258 -3.4e+38 -3.4e+38 34.603199005127 34.6935005187988 34.9934997558594 35.0934982299805 35.3709983825684 35.6483993530273 35.8484001159668 36.0484008789062 36.2387008666992 36.5257987976074 36.8132019042969 37.0161018371582 37.3064002990723 37.6838989257812 37.9838981628418 38.1741981506348 38.3741989135742 38.5644989013672 38.8644981384277 39.0547981262207 39.2547988891602 39.5351982116699 39.6352005004883 39.8352012634277 39.9254989624023 40.0255012512207 40.1254997253418 40.2154998779297 40.3154983520508 40.4057998657227 40.4057998657227 40.5057983398438 40.5861015319824 40.5861015319824 40.6861000061035 40.7664985656738 40.7761001586914 40.8665008544922 40.9565010070801 40.9664993286133 41.0467987060547 41.0564994812012 41.146800994873
34.4160995483398 34.603199005127 34.6161003112793 34.8838996887207 34.9934997558594 35.1063995361328 35.3709983825684 35.5612983703613 35.7612991333008 35.9483985900879 36.1483993530273 36.4387016296387 36.6386985778809 37.0064010620117 37.203498840332 37.5035018920898 37.7038993835449 38.0842018127441 38.2841987609863 38.5745010375977 38.8647994995117 39.0648002624512 39.2648010253906 39.4648017883301 39.655200958252 39.9355010986328 40.0354995727539 40.2254981994629 40.3255004882812 40.4258003234863 40.5158004760742 40.6157989501953 40.7057991027832 40.7057991027832 40.7061004638672 40.7961006164551 40.8865013122559 40.8960990905762 40.9765014648438 40.9765014648438 40.986499786377 41.1668014526367 41.1665000915527 41.1567993164062 41.2568016052246 41.2568016052246 41.3468017578125
34.8031997680664 34.9031982421875 35.0934982299805 35.1838989257812 35.3838996887207 35.4710006713867 35.6710014343262 35.9483985900879 36.1428985595703 36.3428993225098 36.6329002380371 36.8232002258301 37.0232009887695 37.4039001464844 37.6039009094238 37.8134994506836 38.1039009094238 38.3941993713379 38.6744995117188 38.9748001098633 39.2648010253906 39.4552001953125 39.755199432373 39.9552001953125 40.1455001831055 40.3455009460449 40.5358009338379 40.6258010864258 40.7160987854004 40.7257995605469 40.9061012268066 40.9258003234863 41.0161018371582 41.1060981750488 41.0965003967285 41.0965003967285 41.1964988708496 41.1865005493164 41.1867980957031 41.276798248291 41.276798248291 41.276798248291 41.3667984008789 41.3667984008789 41.4570999145508 41.4570999145508 41.5373992919922
35.1935005187988 35.2934989929199 35.4710006713867 35.5625991821289 35.6838989257812 35.8623008728027 36.0625991821289 36.2528991699219 36.4429016113281 36.6332015991211 36.9332008361816 37.2234992980957 37.4138984680176 37.7139015197754 38.0038986206055 38.2038993835449 38.4942016601562 38.7845001220703 39.0747985839844 39.3748016357422 39.5652008056641 39.8652000427246 40.0652008056641 40.3554992675781 40.5457992553711 40.8358001708984 40.9261016845703 41.0261001586914 41.1260986328125 41.1260986328125 41.2164993286133 41.3064994812012 41.3064994812012 41.3161010742188 41.3064994812012 41.3064994812012 41.396800994873 41.3867988586426 41.3867988586426 41.3867988586426 41.4771003723145 41.4767990112305 41.5671005249023 41.657398223877 41.6473999023438 41.7473983764648 41.7476997375488
35.5722999572754 35.5839004516602 35.8726005554199 35.9626007080078 36.0625991821289 36.2625999450684 36.4429016113281 36.6428985595703 36.8432006835938 37.1235008239746 37.2431983947754 37.4334983825684 37.80419921875 38.0942001342773 38.30419921875 38.6041984558105 38.8945007324219 39.1847991943359 39.4752006530762 39.6752014160156 39.8751983642578 40.2654991149902 40.5555000305176 40.755500793457 41.0457992553711 41.136100769043 41.3264999389648 41.4264984130859 41.5265007019043 41.6165008544922 41.5265007019043 41.6068000793457 41.6064987182617 41.6165008544922 41.6064987182617 41.6870994567871 41.5968017578125 41.5968017578125 41.6867980957031 41.6771011352539 41.6771011352539 41.7673988342285 41.7673988342285 41.8476982116699 41.7673988342285 41.7673988342285 41.8476982116699
35.8825988769531 36.0629005432129 36.162899017334 36.3625984191895 36.4528999328613 36.5528984069824 36.7532005310059 37.0432014465332 37.1531982421875 37.4334983825684 37.5335006713867 37.8238983154297 38.1041984558105 38.4044990539551 38.7044982910156 38.9044990539551 39.1944999694824 39.5751991271973 39.7751998901367 40.0654983520508 40.2751998901367 40.5654983520508 40.8558006286621 41.2360992431641 41.4365005493164 41.6365013122559 41.736499786377 41.8264999389648 41.9168014526367 41.9264984130859 41.9168014526367 41.9067993164062 41.9067993164062 41.9168014526367 41.9971008300781 41.8970985412598 41.9870986938477 41.9870986938477 41.9870986938477 41.9870986938477 41.8871002197266 41.967399597168 41.967399597168 41.967399597168 42.0577011108398 42.0577011108398 42.0480995178223
36.282600402832 36.4628982543945 36.5531997680664 36.6531982421875 36.7629013061523 36.9532012939453 37.1431999206543 37.3334999084473 37.4435005187988 37.7335014343262 37.9338989257812 38.2141990661621 38.4241981506348 38.7044982910156 39.0045013427734 39.1948013305664 39.494800567627 39.7851982116699 40.1754989624023 40.3754997253418 40.6754989624023 40.9658012390137 41.3460998535156 41.6365013122559 41.836498260498 42.0368003845215 42.2267990112305 42.2267990112305 42.3167991638184 42.3070983886719 42.2168006896973 42.2070999145508 42.2067985534668 42.2067985534668 42.2070999145508 42.1874008178711 42.1874008178711 42.1874008178711 42.1874008178711 42.1874008178711 42.1773986816406 42.2677001953125 42.1677017211914 42.1677017211914 42.1677017211914 42.1677017211914 42.1581001281738
36.5728988647461 36.6729011535645 36.8632011413574 36.9631996154785 37.1534996032715 37.3434982299805 37.3535003662109 37.6338996887207 37.8339004516602 38.1241989135742 38.3142013549805 38.5144996643066 38.804500579834 39.0047988891602 39.2947998046875 39.5047988891602 39.7952003479004 40.0854988098145 40.3754997253418 40.6758003234863 41.0657997131348 41.3558006286621 41.6464996337891 41.9464988708496 42.2464981079102 42.4367980957031 42.5368003845215 42.6170997619629 42.6174011230469 42.6170997619629 42.6170997619629 42.5171012878418 42.4170989990234 42.4071006774902 42.4071006774902 42.3973999023438 42.3973999023438 42.3070983886719 42.3874015808105 42.2974014282227 42.3874015808105 42.3777008056641 42.3777008056641 42.3680992126465 42.3581008911133 42.2776985168457 42.4483985900879
36.973201751709 36.973201751709 37.163200378418 37.3535003662109 37.453498840332 37.6338996887207 37.7439002990723 37.9338989257812 38.2242012023926 38.4241981506348 38.5245018005371 38.8144989013672 39.0144996643066 39.3047981262207 39.5951995849609 39.7952003479004 40.0854988098145 40.2854995727539 40.6758003234863 40.9757995605469 41.3560981750488 41.5661010742188 41.9565010070801 42.336799621582 42.5467987060547 42.837100982666 42.9370994567871 42.9271011352539 42.9174003601074 42.8174018859863 42.8171005249023 42.6271018981934 42.6174011230469 42.7074012756348 42.6170997619629 42.5074005126953 42.5876998901367 42.4973983764648 42.4973983764648 42.4877014160156 42.4877014160156 42.5777015686035 42.4776992797852 42.4776992797852 42.4776992797852 42.478099822998 42.5680999755859
37.1731986999512 37.3634986877441 37.453498840332 37.5634994506836 37.7538986206055 37.8438987731934 38.0438995361328 38.2439002990723 38.4342002868652 38.6245002746582 38.8245010375977 39.0148010253906 39.3148002624512 39.5951995849609 39.7952003479004 40.0854988098145 40.2052001953125 40.5858001708984 40.9757995605469 41.2661018371582 41.5564994812012 41.8564987182617 42.2467994689941 42.5467987060547 42.837100982666 43.217399597168 43.2274017333984 43.1273994445801 43.1273994445801 42.9370994567871 42.9271011352539 42.9174003601074 42.8174018859863 42.8174018859863 42.8174018859863 42.7074012756348 42.7074012756348 42.7074012756348 42.6174011230469 42.6977005004883 42.6977005004883 42.6876983642578 42.5876998901367 42.5780982971191 42.6781005859375 42.668399810791 42.5780982971191
37.5539016723633 37.663501739502 37.663501739502 37.8539009094238 37.9538993835449 38.1441993713379 38.3342018127441 38.4441986083984 38.6344985961914 38.8344993591309 39.1147994995117 39.3148002624512 39.5152015686035 39.8051986694336 40.005500793457 40.2858009338379 40.4958000183105 40.885799407959 41.0861015319824 41.3760986328125 41.6665000915527 42.0665016174316 42.4468002319336 42.7370986938477 43.0371017456055 43.3274002075195 43.3274002075195 43.2374000549316 43.2274017333984 43.1273994445801 43.027400970459 43.027099609375 43.0077018737793 42.9177017211914 42.8274002075195 42.8174018859863 42.8174018859863 42.8174018859863 42.8077011108398 42.7976989746094 42.7976989746094 42.7877006530762 42.7881011962891 42.6880989074707 42.6880989074707 42.7780990600586 42.6880989074707
37.7639007568359 37.8634986877441 37.9639015197754 38.0638999938965 38.2442016601562 38.4345016479492 38.5442008972168 38.6441993713379 38.9248008728027 39.1248016357422 39.3247985839844 39.5148010253906 39.7148017883301 39.9151992797852 40.2955017089844 40.4958000183105 40.7858009338379 40.9858016967773 41.2761001586914 41.576099395752 41.8764991760254 42.1567993164062 42.5471000671387 42.7570991516113 42.9471015930176 43.2374000549316 43.2471008300781 43.3373985290527 43.2374000549316 43.1374015808105 43.1374015808105 43.1277008056641 43.0276985168457 43.0177001953125 43.0177001953125 42.9177017211914 42.8274002075195 42.9076995849609 42.817699432373 42.8981018066406 42.8077011108398 42.8981018066406 42.8077011108398 42.8880996704102 42.8880996704102 42.8880996704102 42.7881011962891
