ENMTML/All_vars/Predictors/EUR_only/bio8.asc
NCOLS 440 
NROWS 275 
XLLCORNER -11.5 
YLLCORNER 25.4999999994691 
CELLSIZE 0.166666666666667 
NODATA_value -3.4e+38 
[rows 60 to 79 of 275, columns 188 to 234 of 440]
-3.4e+38 -3.4e+38 -3.4e+38 -3.4e+38 -3.4e+38 -3.4e+38 -3.4e+38 -3.4e+38 -3.4e+38 -3.4e+38 12.6766004562378 12.5820198059082 12.5703601837158 12.5582895278931 12.4415502548218 13.0293502807617 12.9034299850464 12.8067598342896 13.3029699325562 13.3113098144531 13.3872404098511 13.4790496826172 13.6614103317261 13.7551698684692 13.6790704727173 13.0982103347778 13.0653400421143 13.010890007019 13.0625495910645 13.0745897293091 13.0591602325439 12.9064702987671 12.874529838562 13.1717500686646 12.5852098464966 12.5027103424072 12.5852098464966 12.585599899292 12.621789932251 12.5842895507812 12.6621704101562 12.6792097091675 12.5699796676636 11.8933000564575 11.91921043396 11.9355897903442 11.9276399612427
-3.4e+38 -3.4e+38 -3.4e+38 -3.4e+38 -3.4e+38 -3.4e+38 -3.4e+38 -3.4e+38 -3.4e+38 11.9754104614258 11.9333600997925 12.6815996170044 12.6820201873779 12.6207895278931 12.6049499511719 12.4094800949097 12.9331903457642 12.9029197692871 12.8717098236084 13.4409399032593 13.4689998626709 13.4722099304199 13.5893297195435 13.5841999053955 13.6259899139404 13.0664501190186 13.197790145874 13.1636695861816 13.1087102890015 13.0250997543335 12.9778299331665 12.9591598510742 12.9921703338623 12.4419898986816 12.4994096755981 12.439829826355 12.473560333252 12.6027202606201 12.6643695831299 12.7597599029541 12.7555198669434 11.8928098678589 11.8769197463989 11.8769197463989 11.8774003982544 11.8933000564575 11.9773998260498
-3.4e+38 -3.4e+38 -3.4e+38 -3.4e+38 -3.4e+38 -3.4e+38 -3.4e+38 -3.4e+38 12.0260095596313 12.0672197341919 12.0415496826172 12.0745697021484 12.8083400726318 12.8204002380371 12.7595596313477 12.6544799804688 13.162859916687 13.0661897659302 13.021710395813 13.0102300643921 13.5265502929688 13.5134000778198 13.5134000778198 13.5139999389648 13.5175304412842 13.0191402435303 13.1131200790405 13.196120262146 13.2938499450684 13.1920900344849 12.4500303268433 12.5120601654053 12.4962196350098 12.5078601837158 12.6082496643066 12.6824102401733 12.6661796569824 11.8578500747681 11.9002799987793 11.9923295974731 12.0254497528076 12.0342397689819 12.0598001480103 12.042670249939 12.026780128479 12.026780128479 12.0853500366211
-3.4e+38 -3.4e+38 -3.4e+38 -3.4e+38 -3.4e+38 -3.4e+38 -3.4e+38 -3.4e+38 -3.4e+38 11.2519598007202 12.191309928894 12.2496404647827 12.2657699584961 12.2400999069214 12.9087896347046 12.8091802597046 12.7645597457886 12.6312103271484 13.2183704376221 13.188099861145 13.141429901123 13.0761003494263 13.0744400024414 13.1205997467041 13.0861396789551 13.1323003768921 13.2472400665283 13.2346000671387 12.577730178833 12.6514196395874 12.5638303756714 12.6550197601318 12.6508302688599 12.7120599746704 12.7845602035522 11.9822998046875 12.0076103210449 12.0996599197388 12.1835203170776 12.1917104721069 12.2340002059937 12.2511196136475 11.278790473938 12.2180995941162 11.2482500076294 11.2527103424072 11.2742900848389
-3.4e+38 -3.4e+38 -3.4e+38 -3.4e+38 -3.4e+38 -3.4e+38 -3.4e+38 -3.4e+38 11.2906503677368 11.3524398803711 11.4185800552368 11.4798898696899 11.5624198913574 12.4822902679443 12.4563703536987 13.1591796875 12.9816799163818 12.8983297348022 12.781590461731 13.3524904251099 13.2902803421021 13.2881002426147 13.2842502593994 13.2536497116089 13.2691097259521 13.2811403274536 13.3652601242065 13.346079826355 12.7140302658081 12.7598304748535 12.7731504440308 12.8022203445435 11.9897699356079 12.0485601425171 12.1318197250366 12.2241096496582 12.2741098403931 12.2741098403931 12.3743495941162 12.4002599716187 11.4698600769043 11.4746904373169 11.4524803161621 11.4673700332642 11.4882097244263 11.4593000411987 11.4646100997925
11.5896501541138 -3.4e+38 -3.4e+38 -3.4e+38 -3.4e+38 -3.4e+38 -3.4e+38 -3.4e+38 -3.4e+38 -3.4e+38 -3.4e+38 11.6199598312378 10.7423095703125 11.7623100280762 12.6651601791382 12.606369972229 12.4892501831055 13.1346302032471 13.0066699981689 13.0020599365234 13.5866098403931 13.4673099517822 13.4331903457642 13.4344301223755 13.5827703475952 13.6668901443481 13.0482997894287 13.0220699310303 13.0395698547363 13.085000038147 12.2486801147461 12.1562595367432 12.1644496917725 12.2065000534058 12.2644500732422 12.315299987793 12.3824100494385 11.4966897964478 11.534520149231 11.5676298141479 11.5768203735352 11.5646495819092 -3.4e+38 -3.4e+38 -3.4e+38 -3.4e+38 -3.4e+38
10.6531496047974 10.6364097595215 9.79808712005615 -3.4e+38 -3.4e+38 10.1858701705933 -3.4e+38 -3.4e+38 -3.4e+38 9.53543758392334 -3.4e+38 -3.4e+38 10.8072099685669 10.852879524231 10.9045000076294 11.7980604171753 12.597559928894 13.2984399795532 13.1988296508789 13.1396398544312 13.1233797073364 13.0354099273682 12.9900197982788 13.0617198944092 13.111720085144 13.156720161438 13.1563396453857 13.1897201538086 13.2467603683472 12.5734996795654 12.5478296279907 12.3133497238159 12.2636003494263 12.3309602737427 11.4687900543213 11.5066204071045 11.5444602966309 -3.4e+38 -3.4e+38 -3.4e+38 -3.4e+38 -3.4e+38 -3.4e+38 -3.4e+38 -3.4e+38 -3.4e+38 -3.4e+38
10.6825399398804 9.81282329559326 9.91408252716064 -3.4e+38 -3.4e+38 -3.4e+38 -3.4e+38 -3.4e+38 -3.4e+38 -3.4e+38 9.68743324279785 -3.4e+38 -3.4e+38 -3.4e+38 -3.4e+38 10.9048700332642 11.7995500564575 12.6393699645996 12.6311798095703 12.5475597381592 13.3271799087524 13.2364101409912 13.2864103317261 13.2864103317261 13.326789855957 13.3651399612427 13.4322700500488 13.4931402206421 13.5768804550171 -3.4e+38 -3.4e+38 -3.4e+38 -3.4e+38 -3.4e+38 -3.4e+38 -3.4e+38 -3.4e+38 -3.4e+38 -3.4e+38 -3.4e+38 -3.4e+38 -3.4e+38 -3.4e+38 -3.4e+38 -3.4e+38 -3.4e+38 -3.4e+38
-3.4e+38 -3.4e+38 -3.4e+38 -3.4e+38 -3.4e+38 -3.4e+38 -3.4e+38 -3.4e+38 -3.4e+38 -3.4e+38 -3.4e+38 -3.4e+38 -3.4e+38 -3.4e+38 -3.4e+38 -3.4e+38 -3.4e+38 -3.4e+38 12.7308101654053 12.7387599945068 12.6881504058838 13.4743700027466 13.4905996322632 13.5143699645996 -3.4e+38 -3.4e+38 -3.4e+38 -3.4e+38 -3.4e+38 -3.4e+38 -3.4e+38 -3.4e+38 -3.4e+38 -3.4e+38 -3.4e+38 -3.4e+38 -3.4e+38 -3.4e+38 -3.4e+38 -3.4e+38 -3.4e+38 -3.4e+38 -3.4e+38 -3.4e+38 -3.4e+38 -3.4e+38 -3.4e+38
-3.4e+38 -3.4e+38 -3.4e+38 -3.4e+38 -3.4e+38 -3.4e+38 -3.4e+38 -3.4e+38 -3.4e+38 -3.4e+38 -3.4e+38 -3.4e+38 -3.4e+38 -3.4e+38 -3.4e+38 -3.4e+38 -3.4e+38 -3.4e+38 -3.4e+38 -3.4e+38 -3.4e+38 -3.4e+38 -3.4e+38 -3.4e+38 -3.4e+38 -3.4e+38 -3.4e+38 -3.4e+38 -3.4e+38 -3.4e+38 -3.4e+38 -3.4e+38 -3.4e+38 -3.4e+38 -3.4e+38 -3.4e+38 -3.4e+38 -3.4e+38 -3.4e+38 -3.4e+38 -3.4e+38 -3.4e+38 -3.4e+38 -3.4e+38 -3.4e+38 -3.4e+38 -3.4e+38
-3.4e+38 -3.4e+38 -3.4e+38 -3.4e+38 -3.4e+38 -3.4e+38 -3.4e+38 -3.4e+38 -3.4e+38 -3.4e+38 -3.4e+38 -3.4e+38 -3.4e+38 -3.4e+38 -3.4e+38 -3.4e+38 -3.4e+38 -3.4e+38 -3.4e+38 -3.4e+38 -3.4e+38 -3.4e+38 -3.4e+38 -3.4e+38 -3.4e+38 -3.4e+38 -3.4e+38 -3.4e+38 -3.4e+38 -3.4e+38 -3.4e+38 -3.4e+38 -3.4e+38 -3.4e+38 11.9081001281738 11.851149559021 11.7770795822144 11.7315502166748 11.7356395721436 11.7738399505615 -3.4e+38 -3.4e+38 -3.4e+38 -3.4e+38 -3.4e+38 -3.4e+38 -3.4e+38
-3.4e+38 -3.4e+38 -3.4e+38 -3.4e+38 -3.4e+38 -3.4e+38 -3.4e+38 -3.4e+38 -3.4e+38 -3.4e+38 -3.4e+38 -3.4e+38 -3.4e+38 -3.4e+38 -3.4e+38 -3.4e+38 -3.4e+38 -3.4e+38 -3.4e+38 -3.4e+38 -3.4e+38 -3.4e+38 -3.4e+38 -3.4e+38 -3.4e+38 -3.4e+38 13.7992000579834 13.7871599197388 13.7871599197388 13.7646598815918 12.9721298217773 12.888879776001 12.8640604019165 11.8935899734497 11.7814302444458 11.6796798706055 11.5938301086426 11.5937004089355 11.6140604019165 12.5486698150635 12.5821695327759 12.5577001571655 12.6165103912354 12.6418199539185 12.5414400100708 12.5416803359985 12.6261501312256
-3.4e+38 -3.4e+38 -3.4e+38 -3.4e+38 -3.4e+38 -3.4e+38 -3.4e+38 -3.4e+38 -3.4e+38 -3.4e+38 -3.4e+38 -3.4e+38 -3.4e+38 -3.4e+38 -3.4e+38 -3.4e+38 -3.4e+38 -3.4e+38 -3.4e+38 -3.4e+38 -3.4e+38 -3.4e+38 8.28751659393311 8.26467990875244 13.1306800842285 13.1306800842285 13.8583898544312 13.8088998794556 13.7583904266357 12.9724998474121 12.9398603439331 12.897439956665 11.9577398300171 11.8892297744751 11.7985401153564 11.6862602233887 11.6069803237915 12.4237203598022 12.3651695251465 12.3657903671265 12.4654102325439 12.4656496047974 12.5583200454712 12.5832500457764 12.5334901809692 12.533860206604 12.6173601150513
-3.4e+38 -3.4e+38 -3.4e+38 -3.4e+38 -3.4e+38 -3.4e+38 -3.4e+38 -3.4e+38 -3.4e+38 -3.4e+38 -3.4e+38 -3.4e+38 -3.4e+38 -3.4e+38 -3.4e+38 -3.4e+38 7.24920415878296 -3.4e+38 -3.4e+38 -3.4e+38 -3.4e+38 -3.4e+38 7.27511405944824 8.31467914581299 8.31467914581299 8.21467971801758 13.0886297225952 13.0304403305054 13.720419883728 13.6746501922607 12.8978099822998 12.8812999725342 11.9358901977539 11.862190246582 10.9396095275879 11.7363700866699 11.6403503417969 12.4816703796387 12.4734802246094 12.4072198867798 12.4492702484131 13.3142595291138 13.4050598144531 13.4674396514893 13.4799900054932 13.499059677124 13.5169401168823
-3.4e+38 -3.4e+38 -3.4e+38 -3.4e+38 -3.4e+38 -3.4e+38 -3.4e+38 -3.4e+38 -3.4e+38 -3.4e+38 -3.4e+38 -3.4e+38 -3.4e+38 -3.4e+38 7.2678427696228 7.32921981811523 7.28357887268066 7.36828899383545 7.38391399383545 -3.4e+38 -3.4e+38 -3.4e+38 7.38771104812622 7.30758285522461 8.35414981842041 8.33131217956543 8.31021976470947 8.24965763092041 8.19967460632324 13.7628803253174 8.02869892120361 7.95152282714844 10.1146802902222 10.0698900222778 11.0188999176025 11.8929595947266 11.7974195480347 12.6310501098633 12.6073398590088 13.3273000717163 13.3239603042603 13.4638700485229 13.5596399307251 13.6100301742554 13.6345701217651 13.6299896240234 13.6040201187134
-3.4e+38 -3.4e+38 -3.4e+38 -3.4e+38 -3.4e+38 -3.4e+38 -3.4e+38 -3.4e+38 -3.4e+38 -3.4e+38 -3.4e+38 -3.4e+38 -3.4e+38 -3.4e+38 -3.4e+38 -3.4e+38 7.45824098587036 7.48056507110596 -3.4e+38 -3.4e+38 -3.4e+38 -3.4e+38 7.45434617996216 7.45803117752075 7.42365407943726 8.52063369750977 7.38972616195679 8.41629123687744 8.33290767669678 8.21194934844971 8.13476943969727 8.09097290039062 8.04097270965576 7.96381521224976 9.03291702270508 11.0656700134277 11.9470500946045 12.7399797439575 13.4786901473999 13.4536104202271 14.0517301559448 14.1773500442505 14.2671003341675 14.2966899871826 14.332480430603 14.3433904647827 14.3433904647827
-3.4e+38 -3.4e+38 -3.4e+38 -3.4e+38 -3.4e+38 -3.4e+38 -3.4e+38 -3.4e+38 -3.4e+38 -3.4e+38 -3.4e+38 -3.4e+38 -3.4e+38 -3.4e+38 -3.4e+38 7.49160623550415 7.54506921768188 7.60644578933716 7.57732820510864 7.61135005950928 7.54361009597778 -3.4e+38 7.53905582427979 7.51695489883423 7.45602512359619 7.42724084854126 7.39217710494995 7.36429119110107 7.26674318313599 7.22934103012085 7.17009305953979 8.27856636047363 8.19097805023193 8.02422428131104 7.97608995437622 11.1828002929688 12.1089601516724 12.9232301712036 13.6832599639893 14.2715196609497 14.2494297027588 14.2512302398682 14.1961498260498 14.2165899276733 14.3512697219849 14.3477602005005 14.3719100952148
-3.4e+38 -3.4e+38 -3.4e+38 -3.4e+38 -3.4e+38 -3.4e+38 -3.4e+38 -3.4e+38 -3.4e+38 -3.4e+38 -3.4e+38 -3.4e+38 7.60534477233887 7.58122777938843 7.56928396224976 7.55578994750977 7.59172010421753 7.62397813796997 7.64295196533203 7.64854383468628 -3.4e+38 -3.4e+38 -3.4e+38 7.56706714630127 7.50501394271851 7.47410202026367 7.4744348526001 7.45824909210205 7.44295883178711 7.34932279586792 7.25166416168213 8.3574743270874 7.10725593566895 8.02422428131104 7.86988592147827 10.1782102584839 12.1659097671509 13.7920703887939 13.789119720459 14.4056396484375 14.9147596359253 14.8641195297241 14.8706903457642 14.8955097198486 14.9277496337891 14.9587001800537 14.9370603561401
-3.4e+38 -3.4e+38 -3.4e+38 -3.4e+38 -3.4e+38 -3.4e+38 -3.4e+38 -3.4e+38 -3.4e+38 -3.4e+38 -3.4e+38 -3.4e+38 7.70300579071045 7.68122816085815 7.71359491348267 7.75154590606689 7.72152900695801 7.70713806152344 -3.4e+38 -3.4e+38 -3.4e+38 -3.4e+38 -3.4e+38 -3.4e+38 -3.4e+38 8.69161033630371 -3.4e+38 -3.4e+38 8.61617660522461 8.53899574279785 8.37236213684082 8.29520034790039 8.19085693359375 8.08031177520752 7.95326900482178 11.1124401092529 13.0394897460938 13.8470697402954 14.3396301269531 14.8543395996094 14.7120304107666 14.7931499481201 14.7844495773315 14.8711795806885 14.9397802352905 14.9309501647949 14.9601097106934
-3.4e+38 -3.4e+38 -3.4e+38 -3.4e+38 -3.4e+38 -3.4e+38 -3.4e+38 -3.4e+38 -3.4e+38 -3.4e+38 -3.4e+38 -3.4e+38 -3.4e+38 7.81203985214233 7.81784200668335 -3.4e+38 -3.4e+38 -3.4e+38 -3.4e+38 -3.4e+38 -3.4e+38 -3.4e+38 -3.4e+38 -3.4e+38 -3.4e+38 -3.4e+38 -3.4e+38 -3.4e+38 8.61617660522461 8.43899631500244 8.33899593353271 8.26183319091797 8.18465423583984 10.2622003555298 11.1077299118042 12.8231201171875 12.9974403381348 13.7779998779297 14.1277198791504 14.5679702758789 14.3745498657227 14.4823598861694 14.6811199188232 14.8173303604126 14.8618698120117 14.9231395721436 14.9862098693848
