ENMTML/All_vars/Predictors/EUR_only/bio8.asc
NCOLS 440 
NROWS 275 
XLLCORNER -11.5 
YLLCORNER 25.4999999994691 
CELLSIZE 0.166666666666667 
NODATA_value -3.4e+38 
[rows 220 to 239 of 275, columns 329 to 375 of 440]
10.528639793396 10.746729850769 11.0825595855713 11.2697095870972 11.44993019104 11.3782501220703 11.388879776001 11.3329601287842 11.3147201538086 11.3298101425171 11.1432199478149 11.6334400177002 11.2162599563599 10.5966501235962 9.37419414520264 6.77357196807861 2.20557498931885 3.31997489929199 3.47400307655334 4.54334211349487 4.25624513626099 4.98740577697754 4.18114519119263 4.50341510772705 5.83144998550415 6.17136383056641 5.16484022140503 7.56759595870972 7.95636892318726 7.36956882476807 6.3572940826416 4.2978081703186 6.44356918334961 7.9024510383606 5.76321601867676 3.36451888084412 2.27872109413147 0.51885712146759 0.00241830805316567 -0.222563892602921 0.15818740427494 1.26588296890259 3.10694789886475 4.7127799987793 6.05570697784424 7.03480577468872 7.68864917755127
10.5628099441528 10.7830600738525 11.0779104232788 11.2959899902344 11.5162496566772 11.5340595245361 11.5767297744751 11.617919921875 11.4496803283691 11.5967903137207 11.5421495437622 12.1064500808716 12.0635900497437 11.3262395858765 9.6782865524292 8.32388305664062 3.33864593505859 3.19108510017395 4.09840822219849 4.15701103210449 4.78193712234497 4.73404216766357 5.1145191192627 4.05248117446899 6.35868406295776 6.94851016998291 6.79255819320679 7.22759199142456 8.00265598297119 7.78576183319092 7.35826110839844 8.11957836151123 7.74522495269775 7.14137887954712 3.02425503730774 1.48797297477722 -0.0535358488559723 -0.244106501340866 -0.557456910610199 -0.627543389797211 -0.637035012245178 0.488772302865982 2.20149111747742 4.86985111236572 4.2000617980957 4.81495094299316 6.23598003387451
10.6437501907349 10.8439903259277 11.0620803833008 11.2988901138306 11.4445400238037 11.5442800521851 11.6159801483154 11.7086400985718 11.7875099182129 11.7362003326416 11.824649810791 12.0987596511841 11.9946098327637 11.2932395935059 9.1446008682251 7.62648916244507 4.95837593078613 3.88753700256348 4.05006790161133 3.29825210571289 4.28911590576172 5.04714918136597 5.36717987060547 6.40880489349365 6.3067421913147 6.43302583694458 6.39247179031372 5.84682893753052 7.16080522537231 8.31032657623291 7.46317386627197 7.40148305892944 7.68948698043823 6.96868515014648 0.626574099063873 0.688525199890137 -0.630829513072968 -1.01546800136566 -0.334041088819504 -0.106046497821808 0.203411906957626 0.175992697477341 2.41904592514038 3.59844899177551 0.825496017932892 1.20942401885986 3.70087003707886
10.790060043335 10.9103097915649 11.1208600997925 11.2744703292847 11.4504699707031 11.594539642334 11.6705303192139 11.8423500061035 11.9747800827026 11.9917097091675 11.852499961853 12.2531604766846 12.4225196838379 11.7746896743774 9.15713214874268 7.48901605606079 5.14174890518188 4.5334677696228 4.35673522949219 5.08165311813354 4.68376493453979 4.57214498519897 5.65478801727295 4.88285779953003 6.10632705688477 5.97686004638672 6.04049491882324 6.71016311645508 6.39778995513916 5.93900918960571 7.2234001159668 7.40588617324829 6.47011184692383 1.10800397396088 -0.116192102432251 -0.273697912693024 -0.82518607378006 -1.48801898956299 -1.05527400970459 -0.120492301881313 -0.252295404672623 -0.172457203269005 1.88641500473022 3.39646601676941 2.17872405052185 0.545881628990173 3.21780300140381
10.9706602096558 10.9589595794678 11.1016302108765 11.2804002761841 11.5923500061035 11.7200803756714 11.8469896316528 11.8862600326538 12.0026397705078 12.0913496017456 12.3775396347046 12.2583103179932 12.3606004714966 11.6494998931885 10.3875904083252 8.1050271987915 6.33926677703857 5.20328807830811 4.75266599655151 3.97593188285828 5.54652500152588 5.03846406936646 6.16345977783203 5.91525602340698 5.48290300369263 5.88082981109619 4.65392780303955 5.52029323577881 5.5403881072998 4.27698516845703 3.79731297492981 4.56193017959595 3.54435610771179 0.995968222618103 -0.0714013874530792 -0.890197694301605 -0.903101086616516 -1.59106695652008 -1.86358499526978 -0.752754628658295 -0.998695373535156 -0.515320718288422 1.25794005393982 3.25670099258423 3.08257007598877 1.93542301654816 1.68210005760193
10.9829702377319 10.9800901412964 11.6367197036743 11.7918100357056 11.937840461731 12.0351696014404 12.1236896514893 12.2143297195435 12.2862901687622 12.3911304473877 12.4793996810913 12.4369096755981 12.3796501159668 12.3198499679565 11.366189956665 9.00279235839844 6.67189502716064 5.86929082870483 4.46898078918457 6.35449695587158 6.29536199569702 5.59835290908813 7.10862016677856 7.18705606460571 7.0639500617981 5.51346111297607 6.62109518051147 5.20478010177612 4.66346120834351 4.37843894958496 2.55986595153809 2.08323097229004 3.06681203842163 3.22313904762268 0.874999284744263 -0.0577541887760162 -0.715694606304169 -1.0577540397644 -1.40781605243683 -0.364515393972397 1.09317696094513 1.61042201519012 2.77822494506836 2.01532196998596 1.7280410528183 2.88734698295593 2.40327000617981
10.9650001525879 12.0441102981567 12.7816400527954 12.9316997528076 13.0281600952148 13.0781602859497 13.1711502075195 12.6615400314331 12.312219619751 12.4026098251343 12.4673004150391 12.5242500305176 12.4815101623535 12.3563899993896 12.0138902664185 10.8754396438599 9.30831146240234 7.2651948928833 5.63464307785034 4.02524614334106 6.51786518096924 6.86501502990723 6.92725896835327 6.27872085571289 6.37872123718262 6.59399604797363 5.92546319961548 7.10949182510376 5.24640417098999 4.97921800613403 4.4571328163147 3.30595397949219 2.19348502159119 2.9818229675293 2.96482610702515 0.668113529682159 0.442990809679031 0.353412687778473 -0.548015415668488 0.316624999046326 1.17934203147888 1.63337695598602 2.61674809455872 2.36060810089111 2.76147699356079 2.21513700485229 2.25566411018372
11.2987098693848 13.6463403701782 13.6868000030518 12.99827003479 13.0800199508667 13.1073198318481 13.1907501220703 13.2727699279785 12.7774801254272 12.4218397140503 12.502610206604 12.5691699981689 12.5670604705811 12.5172996520996 12.3844299316406 11.8157501220703 9.93554496765137 9.36749172210693 6.79360914230347 5.10096216201782 4.87710618972778 7.32748222351074 7.15688800811768 7.69689798355103 6.57630205154419 6.6682391166687 6.98318576812744 7.61253023147583 6.45192098617554 6.27990579605103 5.9787859916687 3.97903108596802 2.04410791397095 1.53703498840332 1.90725898742676 0.392618089914322 1.11910605430603 1.07816398143768 0.0130892302840948 -0.323759198188782 0.670968472957611 2.09720993041992 2.68083000183105 1.4138959646225 0.5515496134758 1.58728396892548 3.02002310752869
11.4789199829102 12.3507404327393 13.0017995834351 13.0812702178955 13.0964698791504 13.1384000778198 13.2220802307129 12.7602300643921 12.8543996810913 12.4739503860474 12.5643301010132 12.3472499847412 12.6437997817993 12.3694400787354 12.3194398880005 12.1970901489258 11.0945997238159 10.3451595306396 8.42959213256836 6.74069595336914 6.68740701675415 5.98715591430664 5.67605400085449 8.14305400848389 7.92009592056274 6.61687421798706 7.80085182189941 7.42314291000366 5.56805276870728 4.39323711395264 2.52543497085571 3.31296491622925 3.81035995483398 4.1700382232666 0.94925582408905 -0.696959316730499 -1.7078800201416 0.17475189268589 0.516376614570618 -0.473138511180878 0.0567630790174007 0.101364597678185 0.76575642824173 1.67444396018982 1.1194189786911 2.22903108596802 3.35502505302429
11.6765098571777 12.0354204177856 12.4429903030396 12.5075101852417 13.2065801620483 13.241250038147 13.3246297836304 12.8269195556641 12.452540397644 12.5266103744507 12.2868900299072 12.3756504058838 12.4251003265381 12.4475498199463 12.4417695999146 12.3312301635742 12.0312404632568 11.5146703720093 10.8538703918457 9.73070812225342 8.37165355682373 7.57525205612183 6.56433200836182 6.25868606567383 7.47438192367554 8.35502624511719 8.90053176879883 7.87076902389526 5.90968084335327 5.12735605239868 3.20471501350403 7.06688404083252 6.44697284698486 3.72053289413452 2.87214589118958 0.951116979122162 -1.2866530418396 -0.0737588480114937 -0.116004198789597 -1.25582897663116 -0.249068096280098 -0.21197110414505 -0.552109599113464 -0.040073461830616 1.56575894355774 2.40204691886902 3.46680998802185
11.6785202026367 11.7756395339966 11.7927904129028 12.2182998657227 12.7520399093628 12.7962102890015 12.8538398742676 12.4661197662354 12.5142602920532 12.2868299484253 12.3313598632812 12.3872003555298 12.4814300537109 12.5474300384521 12.5145502090454 12.5585298538208 12.5590896606445 12.2611703872681 11.9459199905396 11.2489595413208 9.02600193023682 8.67104053497314 8.70918655395508 6.90955591201782 7.39147186279297 7.49146795272827 8.09396743774414 9.05185222625732 8.90206146240234 6.46504878997803 5.98262691497803 6.71206998825073 7.55746412277222 6.36588001251221 6.995934009552 4.93028116226196 1.51861000061035 1.37475299835205 0.122767299413681 -1.19150304794312 -1.26904404163361 0.0828788429498672 0.506763517856598 -0.482814610004425 0.304279506206512 1.64404594898224 2.81817698478699
11.7829704284668 11.8800897598267 11.8788795471191 11.927209854126 12.1040201187134 12.446590423584 12.4944801330566 12.2317399978638 12.2925395965576 12.3315496444702 12.4036998748779 12.4532499313354 12.5369396209717 12.5872001647949 12.5347995758057 12.6979904174805 12.5820302963257 12.5002603530884 12.4157199859619 12.2882604598999 11.9407596588135 11.2037296295166 10.8651103973389 9.99532699584961 8.43912124633789 9.70744895935059 10.7143096923828 10.0766496658325 12.0186500549316 11.4319095611572 11.8822402954102 11.429630279541 8.67468643188477 4.61563301086426 4.97279500961304 4.54644298553467 2.93436694145203 2.95068311691284 1.51135301589966 -1.02003502845764 -1.14000999927521 -1.03697395324707 1.03821396827698 1.68815100193024 1.26662504673004 1.46867394447327 2.39336204528809
11.7344398498535 11.9663400650024 11.9846496582031 11.9366903305054 12.0648899078369 12.2650604248047 12.1118497848511 12.1712303161621 12.2002201080322 12.235969543457 12.2676601409912 12.3451299667358 12.4228601455688 12.5184097290039 12.5850200653076 12.6254196166992 12.6878004074097 12.6699104309082 12.5953302383423 12.5939903259277 12.5074100494385 12.205249786377 11.7071800231934 12.1720600128174 12.0386295318604 11.7116003036499 12.2566499710083 12.7495603561401 12.8027296066284 12.9959497451782 12.4827995300293 11.6594896316528 10.1432504653931 9.69137668609619 8.08252239227295 5.27450704574585 1.28281497955322 -0.886351227760315 0.873761415481567 -1.28455197811127 -1.82990002632141 -0.563338100910187 0.896215498447418 0.539638698101044 1.07500004768372 2.0368480682373 2.17270398139954
11.6651496887207 11.8816900253296 11.8995399475098 11.8195495605469 12.0176296234131 12.2173004150391 12.2373199462891 12.2385101318359 12.24534034729 12.2557201385498 12.2873802185059 12.3691501617432 12.4509000778198 12.5464496612549 12.6589202880859 12.7226495742798 12.7436599731445 12.7952003479004 12.7320995330811 12.6618499755859 12.5841102600098 12.5119304656982 12.3772802352905 12.4188003540039 12.3395004272461 13.0213403701782 12.9441204071045 12.9603004455566 13.3831701278687 13.8497295379639 14.0796298980713 13.7274599075317 12.0691995620728 12.116660118103 11.9482698440552 9.75203895568848 7.21575689315796 6.42108392715454 3.98055005073547 1.83864796161652 -1.44267797470093 -0.456947714090347 -0.161972299218178 0.109676897525787 1.48151195049286 1.36476397514343 2.36364698410034
11.5826501846313 11.816089630127 11.8349199295044 11.8183603286743 12.0149002075195 12.2349004745483 12.3326501846313 12.3204097747803 12.2872104644775 12.306170463562 12.3165502548218 12.426549911499 12.4843301773071 12.5981302261353 12.7257900238037 12.8255300521851 12.931770324707 12.849630355835 12.7687702178955 12.6841201782227 12.579779624939 12.4820404052734 12.4027700424194 12.6756000518799 12.7127799987793 13.1484699249268 13.2445201873779 13.3111600875854 13.6871099472046 14.1372003555298 14.3876104354858 14.5382699966431 14.1606302261353 13.3622102737427 12.9456300735474 12.0714702606201 9.4713134765625 8.67655754089355 8.55570411682129 2.06513690948486 0.563029229640961 -0.39311420917511 -0.507503926753998 0.784925818443298 0.784615397453308 1.32257997989655 0.557257771492004
11.5005102157593 11.6983499526978 11.8202800750732 12.0971403121948 12.4482402801514 12.5317602157593 12.6271495819092 12.5725402832031 12.5115203857422 12.5171403884888 12.3140497207642 12.3974895477295 12.5321397781372 12.6480703353882 12.7958202362061 12.8983201980591 12.9627304077148 12.9005899429321 12.7831602096558 12.667329788208 12.5654897689819 12.4583902359009 12.3919296264648 12.4384603500366 12.8095197677612 12.9362297058105 13.3819904327393 13.3781204223633 13.784839630127 14.2076301574707 14.4679098129272 14.7650899887085 14.4175100326538 14.0995502471924 13.2389602661133 12.4130201339722 11.2334499359131 10.5734996795654 8.65275382995605 3.67529296875 2.18550395965576 -0.35055810213089 0.795098781585693 1.55502498149872 0.80390852689743 1.13170003890991 1.02202200889587
11.4527797698975 11.6527795791626 11.8390998840332 12.1359701156616 12.5651998519897 12.7257404327393 12.6775398254395 12.6165199279785 12.9707002639771 12.923469543457 12.5404300689697 12.619330406189 12.5018901824951 12.6334295272827 12.7490301132202 12.8493795394897 12.8849897384644 12.8837995529175 12.7529401779175 12.6761798858643 12.5543098449707 12.3919296264648 12.2986001968384 12.3585500717163 12.7933397293091 13.0260696411133 13.6689796447754 13.6686697006226 13.8285303115845 14.2446203231812 14.5651597976685 14.8154802322388 14.5179901123047 14.444899559021 13.8461904525757 13.3730602264404 12.0779304504395 10.8067598342896 9.52050495147705 8.60808658599854 5.35533905029297 1.9016250371933 -0.746835827827454 2.66245698928833 0.732816517353058 -0.028288459405303 0.869169116020203
11.3881502151489 11.538140296936 11.70285987854 11.9678802490234 12.3716096878052 12.5880899429321 13.0917501449585 13.0412702560425 12.98766040802 12.9509897232056 12.9608497619629 12.6200399398804 12.7095804214478 12.5900897979736 12.7322196960449 12.8357200622559 12.8812999725342 12.8825998306274 12.7969999313354 12.6861400604248 12.5893602371216 12.4763402938843 12.3632202148438 12.412989616394 12.8722496032715 13.1223402023315 13.7859401702881 14.0288496017456 14.0722303390503 14.2718296051025 14.5222501754761 14.745530128479 14.5492401123047 14.4277801513672 14.3780899047852 13.4245700836182 12.8653497695923 10.8844404220581 9.83002281188965 8.19969654083252 5.61470794677734 3.92998099327087 3.36285209655762 2.51277589797974 2.41748094558716 0.236538097262383 -0.327416509389877
11.2859897613525 11.4671497344971 11.8051300048828 12.0550498962402 12.1986398696899 12.4050397872925 12.5944204330444 13.0782699584961 13.0214900970459 12.9977397918701 12.9677801132202 12.5932397842407 12.6827697753906 12.803560256958 12.7341403961182 12.8491296768188 12.8981895446777 12.9125995635986 12.8804502487183 12.7661399841309 12.6893796920776 12.6084995269775 12.5629100799561 12.8452301025391 12.9952297210693 13.2448301315308 13.8890199661255 14.0761003494263 14.2320098876953 14.3986501693726 14.4852504730225 14.6821098327637 14.9293804168701 14.6761903762817 14.3955402374268 14.2126302719116 13.2166004180908 12.0784397125244 10.469690322876 9.36950016021729 1.82885801792145 4.43719005584717 7.02036094665527 5.57447004318237 4.97924280166626 2.32781505584717 2.69883704185486
11.269419670105 11.4194202423096 11.7449798583984 11.9384899139404 12.0490303039551 12.2278499603271 12.3567600250244 12.9285802841187 13.0316600799561 13.0146198272705 12.968090057373 12.9881296157837 13.1046895980835 12.8140201568604 12.7819700241089 12.8620004653931 12.9445104598999 12.9579401016235 12.9614295959473 12.8836803436279 12.8215303421021 12.9780397415161 12.9847602844238 13.0576496124268 13.1906995773315 13.7929697036743 13.976019859314 14.1591396331787 14.3087501525879 14.4619903564453 14.5419502258301 14.6082096099854 14.8353595733643 14.6409597396851 14.826060295105 14.4171495437622 14.3682498931885 13.1521501541138 12.2840900421143 10.5806798934937 6.53701591491699 0.662593126296997 2.37274599075317 4.53704214096069 3.66132307052612 0.925434589385986 1.8041650056839
