ENMTML/All_vars/Predictors/EUR_only/bio8.asc
NCOLS 440 
NROWS 275 
XLLCORNER -11.5 
YLLCORNER 25.4999999994691 
CELLSIZE 0.166666666666667 
NODATA_value -3.4e+38 
[rows 60 to 79 of 275, columns 235 to 281 of 440]
11.9615001678467 11.9778699874878 11.9778699874878 12.002799987793 12.01060962677 11.9524202346802 11.9113597869873 11.8613500595093 11.8452196121216 11.8531703948975 11.9621000289917 11.9700498580933 11.9871702194214 12.0622396469116 12.0369300842285 12.0287399291992 11.9866895675659 11.9456195831299 11.8703098297119 11.8452396392822 11.8452396392822 11.8123598098755 11.787670135498 11.7625999450684 11.7625999450684 11.7295799255371 11.6466999053955 11.5466995239258 11.5713996887207 11.5138301849365 11.4795799255371 11.3555002212524 11.2554998397827 11.0965700149536 11.8434495925903 11.8833703994751 11.9008703231812 11.883749961853 11.66748046875 11.7629098892212 11.8457803726196 11.1980400085449 11.4147796630859 11.4894800186157 10.4522399902344 10.3449201583862 10.2660102844238
11.9773998260498 12.0276298522949 12.0443696975708 12.0350704193115 12.0521802902222 12.1109800338745 11.1693000793457 11.1644601821899 12.144980430603 12.0611200332642 12.0782403945923 12.0867900848389 12.1618604660034 12.2369298934937 12.1954803466797 12.1619997024536 12.1205501556396 12.0784997940063 12.0376796722412 11.9874401092529 11.9544095993042 11.9291095733643 11.8964595794678 11.84547996521 11.8375301361084 11.8126001358032 11.8046503067017 11.754280090332 11.7460899353027 11.7134504318237 11.6463298797607 11.5965700149536 11.513689994812 11.4136896133423 11.1724796295166 11.9938402175903 12.1058702468872 12.1058702468872 12.134129524231 12.0900297164917 11.1478004455566 11.2559795379639 11.4309101104736 11.6568298339844 11.6478996276855 10.611909866333 10.5660104751587
12.1431503295898 12.1437501907349 12.2186899185181 11.1983203887939 12.2186899185181 11.2312202453613 11.3145799636841 11.3640899658203 12.3447399139404 12.3367900848389 12.3367900848389 12.3447399139404 12.3536701202393 12.34547996521 13.1289501190186 13.0174198150635 13.1170301437378 12.2123603820801 12.1705503463745 13.0208396911621 12.9491100311279 12.0462303161621 12.0044097900391 12.8436403274536 12.7949104309082 11.9044103622437 12.7494897842407 11.8632097244263 11.8463296890259 11.8305702209473 11.722620010376 11.6634502410889 11.6552600860596 11.5716400146484 11.3798303604126 11.3555002212524 12.3488302230835 12.3608703613281 12.4512596130371 12.2345199584961 12.1970300674438 11.280909538269 11.2900800704956 11.3982696533203 11.3562202453613 11.2485198974609 10.3708400726318
11.3169603347778 11.3337001800537 11.3385400772095 11.3597497940063 11.3764896392822 11.4545297622681 11.5211601257324 11.5048999786377 11.4544200897217 12.4286003112793 12.4286003112793 12.4124603271484 12.4454803466797 13.2130603790283 13.2789096832275 13.2285604476929 13.1619100570679 13.2498798370361 13.176609992981 13.1216096878052 13.1049604415894 13.033260345459 12.9832601547241 12.9369897842407 12.8998699188232 12.870719909668 12.873140335083 12.840259552002 11.9132099151611 11.8720102310181 11.8552598953247 11.7634496688843 11.7383804321289 11.7383804321289 11.6804304122925 11.6804304122925 12.4771003723145 12.3058700561523 12.206259727478 12.1516399383545 11.9924402236938 12.088210105896 12.200249671936 12.1882200241089 11.1485204696655 10.9823799133301 10.931770324707
11.5472497940063 11.5236597061157 11.5236597061157 11.5333299636841 -3.4e+38 11.6325902938843 11.55006980896 11.5000696182251 12.4365501403809 12.5204095840454 12.5283603668213 12.5122203826904 13.2917098999023 13.1676397323608 13.184760093689 13.1964101791382 13.3052597045898 13.3386096954346 13.3382301330566 13.2720003128052 13.216609954834 13.1544904708862 13.0832595825195 13.0382299423218 13.0053396224976 12.9661102294922 12.9114904403687 12.8836097717285 12.828519821167 12.828519821167 12.8355598449707 12.8189096450806 12.7739095687866 11.8640604019165 11.8222398757935 12.5442199707031 12.2442197799683 12.2562599182129 12.3182497024536 12.1136798858643 12.102029800415 12.2048301696777 12.2094402313232 12.2210903167725 11.89564037323 12.5065898895264 12.516960144043
-3.4e+38 -3.4e+38 -3.4e+38 -3.4e+38 -3.4e+38 11.55006980896 11.5066499710083 11.5232801437378 12.4612398147583 12.3779802322388 12.4951000213623 13.3684101104736 13.2305698394775 13.0514097213745 13.6891098022461 13.8425302505493 14.0237398147583 13.2727298736572 13.3732404708862 13.3603496551514 13.3002595901489 13.1890001296997 13.1498804092407 13.101110458374 13.0661096572876 12.9960298538208 12.9502601623535 12.9614896774292 12.94983959198 12.9164896011353 12.8447504043579 12.8401403427124 12.8242998123169 11.897310256958 12.715069770813 12.594220161438 12.4896001815796 12.4446001052856 12.4357500076294 12.3845195770264 12.2682504653931 12.8746995925903 12.8263702392578 12.8093700408936 12.6555299758911 13.1667699813843 13.1541004180908
-3.4e+38 -3.4e+38 -3.4e+38 -3.4e+38 -3.4e+38 -3.4e+38 -3.4e+38 12.593879699707 12.4359302520752 13.3229398727417 13.4229402542114 13.4341697692871 13.3850603103638 14.0957403182983 13.974889755249 14.0770797729492 14.1244697570801 14.0254001617432 14.1737403869629 14.1259202957153 13.3839902877808 13.2681503295898 13.2293796539307 13.1668701171875 13.0797996520996 13.0456399917603 13.0502300262451 13.016489982605 12.9622602462769 12.9239101409912 12.8122596740723 12.724760055542 12.7368001937866 12.7580299377441 12.7580299377441 12.5654497146606 12.4608297348022 12.3274803161621 12.3066396713257 13.0126600265503 12.8285398483276 12.6615495681763 12.5632200241089 13.1356496810913 13.2224998474121 13.7747898101807 13.7650699615479
-3.4e+38 -3.4e+38 -3.4e+38 -3.4e+38 -3.4e+38 -3.4e+38 -3.4e+38 -3.4e+38 -3.4e+38 -3.4e+38 -3.4e+38 -3.4e+38 -3.4e+38 14.5457401275635 14.5457401275635 14.5276699066162 14.4606800079346 14.309009552002 14.215160369873 14.1292495727539 14.1425199508667 14.0604600906372 13.2672595977783 13.2006502151489 13.0714902877808 13.0502300262451 13.0118799209595 13.0006103515625 12.9293804168701 12.9118700027466 12.8576498031616 12.7292604446411 12.7242603302002 12.7525596618652 12.7529401779175 12.5871801376343 12.4496002197266 12.3962697982788 13.0148401260376 12.9688100814819 13.0285501480103 12.9114198684692 13.2579002380371 13.2395000457764 13.8072500228882 13.8650703430176 13.9247903823853
-3.4e+38 -3.4e+38 -3.4e+38 -3.4e+38 -3.4e+38 -3.4e+38 -3.4e+38 -3.4e+38 13.6270399093628 13.5945501327515 14.3208503723145 14.3341197967529 14.4012498855591 14.5810098648071 -3.4e+38 14.7189702987671 14.6486396789551 14.4457302093506 14.2770700454712 14.2270698547363 14.1457395553589 14.0940704345703 13.9956398010254 13.8753995895386 13.773099899292 13.6566200256348 13.6066198348999 12.9126396179199 12.9288702011108 12.8834896087646 12.8506097793579 12.8126401901245 12.808030128479 12.8084096908569 12.7421798706055 12.73756980896 12.6496000289917 13.3856801986694 13.2873497009277 13.2648401260376 13.0995101928711 13.5617504119873 13.4269895553589 13.8979396820068 13.9386396408081 13.9719896316528 14.3844203948975
-3.4e+38 -3.4e+38 11.6949996948242 -3.4e+38 12.535059928894 13.4375200271606 13.5328998565674 13.5325202941895 14.0708503723145 13.9708499908447 14.0038499832153 14.0038499832153 14.1490697860718 14.2671298980713 14.96875 15.0226001739502 15.1225996017456 14.4974002838135 14.3304004669189 14.1825799942017 14.046799659729 13.9160900115967 13.7809200286865 13.7309198379517 13.6763496398926 13.7066202163696 13.7224998474121 13.7214403152466 13.6885595321655 13.6378297805786 12.878870010376 12.878870010376 12.8792600631714 13.586799621582 13.601019859314 13.5407695770264 13.5004997253418 13.4022903442383 13.2749300003052 13.0869598388672 13.6248903274536 13.5946197509766 14.0484104156494 14.0979404449463 14.1386404037476 14.2053298950195 14.5394802093506
-3.4e+38 -3.4e+38 12.7266302108765 12.7348203659058 13.5796203613281 13.4971303939819 14.1263599395752 14.0059099197388 13.7576999664307 13.7389097213745 14.3934898376465 14.4587202072144 14.5138101577759 14.6724700927734 14.8093204498291 14.8758096694946 14.9054803848267 14.8423299789429 14.7884798049927 14.7468099594116 14.6088495254517 13.8654699325562 13.811619758606 13.7616195678711 13.7650299072266 13.77476978302 13.8121299743652 13.7566204071045 13.7384300231934 13.6720399856567 13.6863803863525 13.6880397796631 13.6880397796631 13.6225900650024 13.6375303268433 13.5864095687866 13.5692901611328 13.3897399902344 13.8590097427368 13.7293796539307 13.6485900878906 14.1219902038574 14.1484098434448 14.2219896316528 14.2960300445557 14.6846704483032 14.7453098297119
12.6425304412842 12.634349822998 12.6845798492432 12.7598896026611 13.6133604049683 14.3455400466919 14.1603498458862 14.5978498458862 14.4649696350098 14.4643297195435 14.4643297195435 14.5098400115967 14.5644502639771 14.6638097763062 14.7599601745605 14.797459602356 14.8296899795532 14.7455701828003 14.7171802520752 14.6671800613403 14.5671796798706 14.5792198181152 14.4917297363281 14.4417295455933 14.4675197601318 14.4852800369263 13.8286199569702 13.7627401351929 13.7379198074341 13.7072200775146 13.6900997161865 13.6715297698975 13.6567096710205 13.5913801193237 13.5594396591187 13.5736503601074 13.5402603149414 13.8228101730347 13.6880397796631 13.6787395477295 14.172459602356 14.2553300857544 14.3312902450562 14.3960304260254 14.756420135498 14.806079864502 14.8562002182007
12.684100151062 12.684100151062 13.5638904571533 13.5105495452881 14.2511396408081 14.2779903411865 14.8749103546143 14.8281202316284 14.7156095504761 14.6808500289917 14.6649703979492 14.6314496994019 14.6150903701782 14.6189403533936 14.6966896057129 14.7170600891113 14.7638101577759 14.7165403366089 14.6710300445557 14.6335401535034 14.5413999557495 14.5369100570679 14.5455799102783 14.4962196350098 14.4758501052856 14.5003995895386 14.4476699829102 14.4064502716064 14.3189601898193 14.2195997238159 14.3144798278809 14.236720085144 14.2189598083496 14.1933002471924 14.1964998245239 13.8708400726318 13.7746896743774 13.8266496658325 14.2651100158691 14.2720403671265 14.3215599060059 14.412260055542 14.4622602462769 14.8565502166748 14.8896799087524 14.9396800994873 14.9669799804688
13.5448303222656 13.4902095794678 13.4739799499512 14.1510095596313 14.1191997528076 14.7419099807739 14.7457599639893 14.8162498474121 14.8156099319458 14.7484903335571 14.7156095504761 14.7143297195435 14.6556701660156 14.6886701583862 14.7380199432373 14.7380199432373 14.7539100646973 15.1683397293091 14.6077604293823 14.5236396789551 14.4742803573608 14.5111198425293 14.486909866333 14.486909866333 14.5087299346924 14.4548797607422 14.380669593811 14.3431797027588 14.7242202758789 14.6668701171875 14.6599502563477 14.187370300293 14.5242204666138 13.9937696456909 14.4194498062134 14.143030166626 14.0244197845459 14.1479902267456 14.1549100875854 14.2525300979614 14.369179725647 14.443229675293 14.8505697250366 14.9174404144287 14.9505701065063 14.9945201873779 15.0447397232056
13.5877895355225 14.202130317688 14.1411600112915 14.0696802139282 14.6311502456665 14.6351299285889 14.6963996887207 14.7344903945923 14.799599647522 14.7694597244263 15.1889095306396 14.7188196182251 14.7681798934937 14.7727899551392 15.2271699905396 15.2012100219727 15.1605195999146 15.1512098312378 15.1085596084595 15.0516395568848 14.9580898284912 14.9747896194458 14.960470199585 14.9540195465088 14.9633302688599 14.8828296661377 14.8763799667358 14.77184009552 14.6738004684448 14.6673002243042 14.6928300857544 14.7099504470825 14.674220085144 14.5389604568481 14.3601503372192 14.1577701568604 14.1577701568604 14.238260269165 14.2858800888062 14.3594598770142 14.4501495361328 14.5089797973633 14.8946895599365 14.9557600021362 14.9999198913574 15.0222797393799 15.0449895858765
14.3252696990967 14.2065801620483 14.1237001419067 14.6614303588867 14.6773099899292 14.7141599655151 14.6425504684448 15.1217803955078 15.2217798233032 15.2893295288086 15.1722097396851 15.1133804321289 15.1462497711182 15.2531795501709 15.2531795501709 15.1938695907593 15.1012096405029 15.0817098617554 15.0483598709106 14.9983596801758 14.9390497207642 14.9626302719116 14.965479850769 14.9178600311279 14.9202499389648 14.9397497177124 14.9092597961426 14.8616399765015 15.1276702880859 15.0671501159668 14.9671497344971 14.8718395233154 14.6121101379395 14.795880317688 14.8004198074341 14.4646902084351 14.3623104095459 14.3789596557617 14.4289598464966 14.4765796661377 14.5570697784424 14.9391098022461 14.9664001464844 14.9835195541382 14.9664001464844 14.9442195892334 15.0663995742798
14.3600101470947 14.792989730835 14.7043800354004 14.7245903015137 14.710789680481 15.1746301651001 15.1246299743652 15.0551300048828 15.1551303863525 15.1958303451538 15.2027502059937 15.0796003341675 15.0703001022339 15.2438697814941 15.2109899520874 15.1438703536987 15.0503196716309 15.1224098205566 15.0724096298218 14.9793300628662 14.9764699935913 15.0102396011353 15.062629699707 14.98171043396 14.967869758606 14.9873695373535 14.9730997085571 15.3041400909424 15.2329797744751 15.0884399414062 14.7340202331543 14.5993499755859 14.6980600357056 14.9696502685547 14.8382596969604 14.745189666748 14.6927995681763 14.4927997589111 14.5599298477173 14.5834999084473 14.5904197692871 14.9997501373291 14.9998798370361 15.0440397262573 15.0108203887939 15.0001697540283 15.1927299499512
14.9148101806641 14.8680095672607 14.8423404693604 15.2173004150391 15.0339498519897 14.9649095535278 14.9144296646118 14.8815603256226 14.9051303863525 15.1389102935791 15.1694002151489 15.129599571228 15.1600999832153 15.1194000244141 15.1600999832153 15.1767501831055 15.1743698120117 15.1150598526001 15.0886297225952 15.1122102737427 15.1093597412109 15.076470375061 15.0959796905518 15.0817098617554 15.0340995788574 15.3356304168701 15.2913398742676 15.3029804229736 15.348560333252 15.1874904632568 14.9268503189087 14.7037696838379 14.8475198745728 14.9078197479248 14.7785396575928 14.8590297698975 14.9404201507568 14.8997201919556 14.707070350647 14.6880397796631 15.0939998626709 15.1212902069092 15.0549402236938 15.0442895889282 15.0944595336914 15.275110244751 15.3386096954346
14.9291896820068 14.9034099578857 15.3177604675293 15.0344104766846 14.7746295928955 14.7010698318481 14.7917604446411 14.8482103347778 14.8315601348877 14.9722604751587 15.1213598251343 15.1291799545288 15.1527500152588 15.1341495513916 15.1836700439453 15.2077198028564 15.1906003952026 15.2219800949097 15.2048597335815 15.1622104644775 15.1862497329712 15.1959800720215 15.1691303253174 15.1743097305298 15.4678201675415 15.3021097183228 15.2353401184082 15.297269821167 15.3868503570557 15.2760801315308 15.0866003036499 14.8471202850342 14.841290473938 14.9127502441406 14.9126300811768 14.573769569397 14.6635704040527 14.7473497390747 14.7709197998047 15.1659297943115 15.1989297866821 15.2825803756714 15.2380599975586 15.155179977417 15.2897300720215 15.3260498046875 15.4189796447754
15.4363803863525 15.4270696640015 15.3677597045898 15.1844100952148 14.957989692688 14.8742198944092 14.7977895736694 14.7884798049927 14.8649101257324 15.0291795730591 15.1291799545288 15.1620502471924 15.1958303451538 15.2027502059937 15.2174997329712 15.21702003479 15.2146396636963 15.131290435791 15.0719900131226 15.4328804016113 15.1289100646973 15.1691303253174 15.5777101516724 15.5783596038818 15.5342903137207 15.3735198974609 15.2464504241943 15.3249101638794 15.4354400634766 15.4747896194458 15.3246698379517 15.179479598999 14.9904003143311 14.8282098770142 14.8555097579956 14.9497995376587 14.6542701721191 14.7518901824951 14.7259302139282 15.1539897918701 15.199179649353 15.2431201934814 15.2601203918457 15.4201002120972 15.4043397903442 15.4347095489502 15.5189599990845
