ENMTML/All_vars/Predictors/EUR_only/bio8.asc
NCOLS 440 
NROWS 275 
XLLCORNER -11.5 
YLLCORNER 25.4999999994691 
CELLSIZE 0.166666666666667 
NODATA_value -3.4e+38 
[rows 80 to 99 of 275, columns 282 to 328 of 440]
15.6572904586792 15.7065696716309 15.6878299713135 15.736720085144 15.833740234375 15.9055995941162 15.906530380249 15.8918895721436 15.7752304077148 15.7752304077148 15.878210067749 15.9771003723145 15.9527997970581 15.9392995834351 15.9663000106812 16.0057792663574 16.0705699920654 16.0892791748047 16.0757808685303 16.0924301147461 16.1040706634521 16.0709400177002 16.0855503082275 16.2021999359131 16.2314491271973 16.1357192993164 16.0883007049561 15.9988498687744 16.1992492675781 16.4268894195557 16.5316104888916 16.6210899353027 16.6043395996094 16.4161796569824 16.2830505371094 16.1938209533691 16.2709903717041 16.12087059021 16.0151596069336 16.0873908996582 16.0873908996582 16.0816898345947 16.0479106903076 16.0815601348877 16.1028594970703 16.14208984375 16.4444198608398
15.7524499893188 15.8200702667236 15.8211803436279 15.8378400802612 15.9055995941162 15.8889999389648 15.9890003204346 15.991979598999 15.9466800689697 15.7908697128296 15.9074602127075 16.027099609375 16.0748100280762 16.0696697235107 16.0861492156982 16.0904197692871 16.1707897186279 16.2061500549316 16.2363090515137 16.2031707763672 16.2031707763672 16.1844291687012 16.2179508209229 16.2355499267578 16.3492202758789 16.4659194946289 16.4690704345703 16.282600402832 16.4931392669678 16.5770206451416 16.6210899353027 16.6596794128418 16.7438201904297 16.610689163208 16.4831695556641 16.4161796569824 16.3104705810547 16.1881103515625 16.2208194732666 16.2042198181152 16.304220199585 16.3040904998779 16.220739364624 16.2480392456055 16.2586803436279 16.2529792785645 16.319730758667
15.8193302154541 15.8436403274536 15.807689666748 15.8270502090454 15.8419303894043 15.910400390625 15.9770498275757 15.9770498275757 15.8770503997803 15.8455600738525 15.9622001647949 16.0651798248291 16.0881690979004 16.1716899871826 16.2050304412842 16.2020492553711 16.2550392150879 16.2874202728271 16.2707691192627 16.2042903900146 16.1876392364502 16.2042903900146 16.1878108978271 16.370189666748 16.5670394897461 16.5848007202148 16.6964702606201 16.5376605987549 16.5271396636963 16.6207904815674 16.4877891540527 16.6653804779053 16.788330078125 16.816520690918 16.6940402984619 16.5271701812744 16.4104690551758 16.3879909515381 16.4374694824219 16.4043407440186 16.5042190551758 16.4040908813477 16.3707408905029 16.3983898162842 16.3983898162842 16.4151401519775 16.4755592346191
15.7672996520996 15.7734203338623 15.8225297927856 15.7722997665405 15.8133697509766 15.8830003738403 15.9996500015259 16.0996494293213 16.0966796875 16.1121597290039 16.1402492523193 16.1715106964111 16.1726207733154 16.2331504821777 16.2737407684326 16.3342704772949 16.287239074707 16.2696495056152 16.1403903961182 16.0876407623291 16.2553997039795 16.3896503448486 16.3836898803711 16.3670291900635 16.3836898803711 16.6005592346191 16.5798206329346 16.6590003967285 16.6457290649414 16.5435009002686 16.670919418335 16.7940406799316 16.6271591186523 16.7271709442139 16.827169418335 16.6667404174805 16.5664005279541 16.6436996459961 16.6543407440186 16.5770397186279 16.554220199585 16.5040893554688 16.5483894348145 16.581729888916 16.6319103240967 16.6319103240967 16.6483898162842
15.7467203140259 15.9163503646851 15.9850597381592 16.048490524292 16.1162490844727 16.1192302703857 16.132999420166 16.1830005645752 16.1528301239014 16.2382106781006 16.2728595733643 16.3194808959961 16.316499710083 16.4029998779297 16.4207706451416 16.3707695007324 16.3207702636719 16.2050094604492 16.2020301818848 16.3406200408936 16.4031505584717 16.4670391082764 16.6022300720215 16.7670402526855 16.8005599975586 16.7839107513428 16.7286796569824 16.696439743042 16.5104904174805 16.7758808135986 16.5772705078125 16.6497497558594 16.6497497558594 16.6995697021484 16.7666206359863 16.7497501373291 16.6770401000977 16.6270408630371 16.6713409423828 16.554220199585 16.576789855957 16.6318607330322 16.6542205810547 16.648509979248 16.6426792144775 16.7540893554688 16.7317295074463
16.0151805877686 16.0771408081055 16.1151790618896 16.1674709320068 16.1848106384277 16.2014694213867 16.2028293609619 16.1998500823975 16.2998504638672 16.3570995330811 16.3863506317139 16.4529991149902 16.4664993286133 16.501880645752 16.5000190734863 16.4846591949463 16.4511394500732 16.3218803405762 16.1031494140625 16.2200202941895 16.3533706665039 16.402229309082 16.601110458374 16.7170391082764 16.6200199127197 16.7222499847412 16.7692794799805 16.7829399108887 16.7662906646729 16.8299694061279 16.8968391418457 16.931079864502 16.9810791015625 17.0007095336914 16.8330993652344 16.866340637207 16.8497505187988 16.7211608886719 16.7040405273438 16.7713394165039 16.7770404815674 16.7433891296387 16.7152099609375 16.6376895904541 16.6880893707275 16.8376903533936 16.798210144043
16.1181602478027 16.2170391082764 16.2377891540527 16.2223091125488 16.2848091125488 16.2685794830322 16.3009700775146 16.3009700775146 16.3539390563965 16.4070892333984 16.4705905914307 16.5048294067383 16.5048294067383 16.5059509277344 16.5541191101074 16.5187301635742 16.5365009307861 16.520959854126 16.5022506713867 16.4563503265381 16.5011100769043 16.601110458374 16.6003894805908 16.6357498168945 16.738000869751 16.8026294708252 16.8985290527344 16.885929107666 16.8662891387939 16.8996505737305 16.9674091339111 17.0133209228516 17.0840606689453 17.0840606689453 17.1194190979004 16.971809387207 16.9268703460693 16.8661003112793 16.8042907714844 16.821159362793 16.8827495574951 16.8267402648926 16.7769203186035 16.721040725708 16.7545604705811 16.8209095001221 16.9601402282715
16.203369140625 16.190860748291 16.1711292266846 16.2206401824951 16.3544406890869 16.3541603088379 16.3541603088379 16.4550590515137 16.4561805725098 16.5059509277344 16.5716991424561 16.5687294006348 16.5687294006348 16.5924491882324 16.602970123291 16.6000003814697 16.6198501586914 16.6209602355957 16.5168704986572 16.5732192993164 16.5367202758789 16.5179805755615 16.6679801940918 16.7192707061768 16.8026294708252 16.8818702697754 16.9683799743652 17.0309104919434 17.0309104919434 17.0361404418945 16.9850101470947 17.0966701507568 17.1509304046631 17.1998195648193 17.1351795196533 16.9995708465576 17.0494499206543 16.9494495391846 16.8661003112793 16.9273891448975 16.9935207366943 16.9436206817627 16.9160995483398 16.843620300293 16.8714408874512 16.8984298706055 17.0434894561768
16.1919803619385 16.190860748291 16.1907691955566 16.4741191864014 16.4413890838623 16.4375095367432 16.4395294189453 16.4032001495361 16.4863204956055 16.5904197692871 16.5915603637695 16.5915603637695 16.6394691467285 16.669849395752 16.5687294006348 16.622989654541 16.466869354248 16.3867206573486 16.5168704986572 16.4179801940918 16.4378299713135 16.4378299713135 16.5825996398926 16.6123008728027 16.8111801147461 16.7361507415771 16.9037399291992 17.0498695373535 17.1338901519775 17.1548595428467 17.11741065979 17.101879119873 17.1714992523193 17.2539100646973 17.2215099334717 17.0390300750732 17.0995693206787 17.0995693206787 17.0613803863525 17.2351703643799 17.0273895263672 17.0494499206543 16.9994506835938 16.960620880127 17.0042591094971 17.0211391448975 17.0710391998291
16.2919807434082 16.40625 16.3541393280029 16.421760559082 16.3760299682617 16.3906497955322 16.4260292053223 16.4043197631836 16.4572906494141 16.4072895050049 16.5749092102051 16.6561794281006 16.5728302001953 16.3844890594482 16.339469909668 16.2522506713867 16.366870880127 16.419849395752 16.520959854126 16.5867195129395 16.5524501800537 16.5837097167969 16.5825996398926 16.634859085083 16.7641105651855 16.8515090942383 16.8213596343994 16.8194904327393 17.0037403106689 17.1676292419434 17.2059707641602 17.251880645752 17.2706108093262 17.3537406921387 17.3685207366943 17.2685203552246 17.016149520874 17.005500793457 17.1553802490234 17.1553802490234 17.1221504211426 17.1164493560791 17.1387996673584 17.3340606689453 17.2998199462891 17.3299694061279 17.1268405914307
16.3448104858398 16.4133205413818 16.4771003723145 16.4228801727295 16.2740001678467 16.1221504211426 16.0739994049072 16.240650177002 16.2730503082275 16.2730503082275 16.2906494140625 16.4228191375732 16.5070705413818 16.4374408721924 16.4374408721924 16.4897003173828 16.453369140625 16.5867195129395 16.7054195404053 16.7848606109619 16.7866897583008 16.702449798584 16.6419296264648 16.7858009338379 16.7723007202148 16.8193206787109 17.0024509429932 16.919319152832 16.9537391662598 17.0411891937256 17.2517108917236 17.2882099151611 17.3217296600342 17.3059692382812 17.2571105957031 17.1571102142334 17.2215003967285 17.2507591247559 17.2703895568848 17.1161499023438 17.3831691741943 17.4331703186035 17.2221508026123 17.2495708465576 17.2663192749023 17.5268096923828 17.5457305908203
16.193790435791 16.3104496002197 16.3800792694092 16.0841693878174 16.0721302032471 16.0710201263428 16.1917591094971 16.4075202941895 16.3917598724365 16.3095207214355 16.3252792358398 16.4769191741943 16.5915298461914 16.6720790863037 16.6689300537109 16.7220802307129 16.6750507354736 16.7949104309082 16.9054203033447 16.9065399169922 16.9252796173096 16.9086303710938 16.873420715332 16.8704395294189 17.0704402923584 16.9558296203613 17.0704402923584 17.2391796112061 17.200590133667 17.2528400421143 17.2204399108887 17.3382091522217 17.3039608001709 17.1352291107178 17.1352291107178 17.2247009277344 17.2404594421387 17.304859161377 17.3194904327393 17.3372592926025 17.3703899383545 17.3861408233643 17.4457702636719 17.5135402679443 17.5331592559814 17.5320491790771 17.5124206542969
16.1093292236328 16.197940826416 16.2508602142334 16.1509208679199 16.1084594726562 16.1732501983643 16.3251094818115 16.42919921875 16.5127296447754 16.4430999755859 16.5273399353027 16.6625003814697 16.774169921875 16.838550567627 16.8750591278076 16.8887805938721 16.9376602172852 16.9752807617188 17.0223007202148 17.0533905029297 17.0702705383301 17.1371402740479 17.1371402740479 17.1236400604248 17.1567707061768 17.1943893432617 17.2371406555176 17.1943893432617 17.1402893066406 17.1402893066406 17.2069396972656 17.3391704559326 17.3765697479248 17.176570892334 17.1735897064209 17.2735900878906 17.2578392028809 17.3569507598877 17.4235897064209 17.3902397155762 17.4530200958252 17.5694904327393 17.4320507049561 17.362419128418 17.4654006958008 17.4301891326904 17.429069519043
16.1801700592041 16.2968196868896 16.3663997650146 16.3604698181152 16.3438205718994 16.2949600219727 16.3442192077637 16.5095691680908 16.5773391723633 16.6971893310547 16.6971893310547 16.799430847168 16.8773403167725 16.9636192321777 16.9586296081543 16.9917602539062 17.023250579834 16.9898891448975 17.0545101165771 17.1243591308594 17.1431007385254 17.1932697296143 17.2097396850586 17.2108592987061 17.2578792572021 17.2567691802979 17.3078899383545 17.2567691802979 17.2432708740234 17.2578792572021 17.2245292663574 17.2245292663574 17.293270111084 17.2738094329834 17.1423301696777 17.2756690979004 17.3227005004883 17.4028396606445 17.5058193206787 17.538200378418 17.5893497467041 17.535249710083 17.351900100708 17.2957706451416 17.3613090515137 17.4416809082031 17.3909606933594
16.1342697143555 16.3204898834229 16.4723491668701 16.460470199585 16.4438209533691 16.4294204711914 16.5501708984375 16.4960803985596 16.5449409484863 16.5846405029297 16.6690502166748 16.732780456543 16.7640399932861 16.9483108520508 17.0773391723633 17.1273403167725 17.1431007385254 17.0942096710205 17.0912399291992 17.1442108154297 17.2243595123291 17.1930999755859 17.1732406616211 17.2702598571777 17.32253074646 17.32253074646 17.357889175415 17.3236503601074 17.3402900695801 17.3549098968506 17.3402900695801 17.3432693481445 17.3432693481445 17.3432693481445 17.1767902374268 17.3234195709229 17.3234195709229 17.3756694793701 17.5019607543945 17.6215801239014 17.6893501281738 17.5893497467041 17.5685997009277 17.5145092010498 17.5115299224854 17.4281806945801 17.4083309173584
16.1353893280029 16.3204898834229 16.4402198791504 16.4399509429932 16.5106906890869 16.4940490722656 16.5670509338379 16.5972003936768 16.5618095397949 16.5951595306396 16.7140407562256 16.8327808380127 16.9140396118164 16.982780456543 16.9983100891113 17.0483093261719 17.1942100524902 17.2577095031738 17.2764492034912 17.2118091583252 17.2099704742432 17.1942100524902 17.2569999694824 17.2775707244873 17.261100769043 17.2640705108643 17.3629608154297 17.3599796295166 17.4570007324219 17.3629608154297 17.3570003509521 17.3943901062012 17.3766307830811 17.4131202697754 17.2736396789551 17.3455295562744 17.34255027771 17.3590297698975 17.5421504974365 17.6715793609619 17.5715808868408 17.5521392822266 17.615629196167 17.5697193145752 17.5615291595459 17.5469207763672 17.5093002319336
16.2556991577148 16.4264507293701 16.5027294158936 16.5159301757812 16.6305503845215 16.6150093078613 16.6681594848633 16.6827793121338 16.7151908874512 16.6650104522705 16.7026290893555 16.8026294708252 16.8462791442871 16.8650093078613 16.9455604553223 17.0462799072266 17.1451606750488 17.165189743042 17.2286891937256 17.3245906829834 17.178689956665 17.1610908508301 17.3257102966309 17.4099807739258 17.3257102966309 17.3579406738281 17.4444408416748 17.5069999694824 17.5069999694824 17.4464702606201 17.4099807739258 17.5088596343994 17.5088596343994 17.5236396789551 17.3766307830811 17.3453598022461 17.3973693847656 17.4423809051514 17.6297702789307 17.5444107055664 17.5204601287842 17.4715805053711 17.4674892425537 17.4667797088623 17.4272994995117 17.4615306854248 17.4367008209229
16.4402294158936 16.4557094573975 16.5753307342529 16.6451606750488 16.7316608428955 16.701509475708 16.8348503112793 16.8202209472656 16.8526306152344 16.8661308288574 16.8672409057617 16.9339008331299 16.949649810791 16.9359703063965 16.9848594665527 17.045560836792 17.0318794250488 17.0789108276367 17.1827793121338 17.3277893066406 17.3316593170166 17.4766693115234 17.5597991943359 17.4786891937256 17.5079402923584 17.4944400787354 17.4944400787354 17.5277900695801 17.5640697479248 17.5268497467041 17.5298194885254 17.5599708557129 17.6099796295166 17.6246109008789 17.4818592071533 17.4485092163086 17.4788799285889 17.6590194702148 17.5620002746582 17.5079097747803 17.471809387207 17.4571895599365 17.4467391967773 17.4467391967773 17.4437694549561 17.4291591644287 17.4419403076172
16.5138893127441 16.6782703399658 16.7235698699951 16.6661205291748 16.6994209289551 16.7661209106445 16.6526298522949 16.8026294708252 16.9172401428223 16.9547100067139 17.0359802246094 17.0704498291016 17.0494804382324 17.0841197967529 17.0702209472656 17.1172409057617 17.1590595245361 17.1483592987061 17.2476406097412 17.3266792297363 17.2453804016113 17.3807697296143 17.4641208648682 17.5296592712402 17.5296592712402 17.5777893066406 17.5777893066406 17.580940246582 17.6131801605225 17.5798206329346 17.5768508911133 17.5955791473389 17.6629505157471 17.6757202148438 17.5944595336914 17.5944595336914 17.4787006378174 17.6611099243164 17.6642608642578 17.5414295196533 17.5590190887451 17.5206909179688 17.5531005859375 17.6636295318604 17.7595291137695 17.6791591644287 17.6054401397705
16.7920303344727 16.7857608795166 16.8344707489014 16.799259185791 16.7691097259521 16.6691093444824 16.7338905334473 16.7661209106445 16.8359794616699 16.8661308288574 17.0506000518799 16.8871002197266 16.8871002197266 16.9202308654785 17.0506000518799 17.0661296844482 17.0476398468018 17.1348705291748 17.2017402648926 17.2652397155762 17.3152294158936 17.2818908691406 17.427619934082 17.6111392974854 17.5809898376465 17.7246398925781 17.6766796112061 17.6725807189941 17.6935501098633 17.7327995300293 17.7257308959961 17.7467002868652 17.8120594024658 17.8330307006836 17.6122303009033 17.6444492340088 17.6622295379639 17.7640895843506 17.8307399749756 17.6111106872559 17.670690536499 17.670690536499 17.7177200317383 17.8334693908691 17.8636207580566 17.8606491088867 17.8358097076416
