ENMTML/All_vars/Predictors/EUR_only/bio9.asc
NCOLS 411 
NROWS 214 
XLLCORNER -11.5 
YLLCORNER 35.666666666112 
CELLSIZE 0.166666666666667 
NODATA_value -3.4e+38 
[rows 42 to 62 of 214, columns 184 to 229 of 411]
-4.5159912109375 -4.36002588272095 -4.46252012252808 -4.50991296768188 -4.72958993911743 -4.74416780471802 -3.3020761013031 -3.1162109375 -2.87614607810974 -2.69027996063232 -2.34739995002747 -2.23108506202698 -2.16403102874756 -3.4e+38 -3.4e+38 -3.4e+38 -3.4e+38 -3.4e+38 -3.4e+38 -3.4e+38 -3.4e+38 -3.4e+38 -3.4e+38 -3.4e+38 -3.4e+38 -3.4e+38 -3.4e+38 -4.4723949432373 -4.52264308929443 -4.60601997375488 -4.63418102264404 -4.66358423233032 -4.665198802948 -4.74857378005981 -4.77959108352661 -4.87766790390015 -5.01364994049072 -5.03188800811768 -5.03517484664917 -4.95341300964355 -5.00055885314941 -5.13585615158081 -5.22307586669922 -5.31923007965088 -5.42115306854248 -5.57444000244141
-4.22101879119873 -4.2898268699646 -4.18808889389038 -4.18722105026245 -2.73358011245728 -2.84028005599976 -2.75691509246826 -2.49027991294861 -2.45441603660583 -2.17146706581116 -1.94553697109222 -3.4e+38 -3.4e+38 -3.4e+38 -3.4e+38 -3.4e+38 -3.4e+38 -3.4e+38 -3.4e+38 -3.4e+38 -3.4e+38 -3.4e+38 -3.4e+38 -3.4e+38 -3.4e+38 -4.32003498077393 -4.3344898223877 -4.43449020385742 -4.52003479003906 -4.60341310501099 -4.60341310501099 -4.60149002075195 -4.63225793838501 -4.6658821105957 -4.74925899505615 -4.81650400161743 -4.89826583862305 -4.86557292938232 -4.85055923461914 -4.94888591766357 -5.0197901725769 -5.13585710525513 -5.20570611953735 -5.28393411636353 -5.45192193984985 -5.58914279937744
-3.90168809890747 -3.9125440120697 -3.7838830947876 -3.69560694694519 -2.47178602218628 -2.37848496437073 -2.13592100143433 -2.03592205047607 -1.94262099266052 -1.87630605697632 -3.4e+38 -3.4e+38 -3.4e+38 -3.4e+38 -3.4e+38 -3.4e+38 -3.4e+38 -3.4e+38 -3.4e+38 -3.4e+38 -3.4e+38 -3.4e+38 -3.4e+38 -4.08827495574951 -4.17195987701416 -4.2908787727356 -4.39087915420532 -4.47164916992188 -4.50601816177368 -4.60341310501099 -4.63678693771362 -4.68064403533936 -4.66402101516724 -4.6011791229248 -4.64689683914185 -4.57934284210205 -4.69826412200928 -4.83095598220825 -4.85087108612061 -4.8681788444519 -4.96786689758301 -4.93164110183716 -5.05155420303345 -5.16761922836304 -5.36854887008667 -5.35738086700439
-3.84325098991394 -3.57639002799988 -3.40323805809021 -2.2862389087677 -1.95037794113159 -1.83374500274658 -1.66669094562531 -1.71668994426727 -3.4e+38 -3.4e+38 -1.62152898311615 -3.4e+38 -3.4e+38 -3.4e+38 -3.4e+38 -3.4e+38 -3.4e+38 -3.4e+38 -3.4e+38 -3.4e+38 -3.4e+38 -3.97555708885193 -3.97555708885193 -4.05917978286743 -4.09019899368286 -4.19280195236206 -4.28827476501465 -4.42264080047607 -4.56972599029541 -4.68703317642212 -4.6469612121582 -4.68250513076782 -4.66854906082153 -4.69764423370361 -4.7937970161438 -4.66557121276855 -4.59733295440674 -4.7162561416626 -4.86340188980103 -4.96433305740356 -4.94894790649414 -5.05223417282104 -4.96861219406128 -4.88660097122192 -5.01668787002563 -5.10099411010742
-3.36086797714233 -1.70813202857971 -1.74107801914215 -1.64107799530029 -1.49075996875763 -3.4e+38 -3.4e+38 -3.4e+38 -3.4e+38 -3.4e+38 -3.4e+38 -3.4e+38 -3.4e+38 -3.4e+38 -3.4e+38 -3.4e+38 -3.4e+38 -3.4e+38 -3.4e+38 -3.4e+38 -3.78759288787842 -3.82195997238159 -3.8748140335083 -3.9611029624939 -4.05917978286743 -4.12196016311646 -4.15533304214478 -4.28870820999146 -4.47046995162964 -4.60148811340332 -4.68250608444214 -4.66619110107422 -4.74764108657837 -4.6649489402771 -4.64664793014526 -4.67934083938599 -4.6473331451416 -4.71271800994873 -4.89894819259644 -4.84609508514404 -4.81147909164429 -5.04801797866821 -5.04938077926636 -4.9820728302002 -4.8183012008667 -4.88399791717529
-1.43745601177216 -3.4e+38 -3.4e+38 -3.4e+38 -3.4e+38 -3.4e+38 -3.4e+38 -3.4e+38 -3.4e+38 -3.4e+38 -3.4e+38 -3.4e+38 -3.4e+38 -3.4e+38 -3.4e+38 -3.4e+38 -3.4e+38 -3.4e+38 -3.56743192672729 -3.58666205406189 -3.68759298324585 -3.77121591567993 -3.8202850818634 -3.94019794464111 -4.02388286590576 -4.09255409240723 -4.13833713531494 -4.23709583282471 -4.37047004699707 -4.48969984054565 -4.60216999053955 -4.70409297943115 -4.75217008590698 -4.6649489402771 -4.68194580078125 -4.69999980926514 -4.71464109420776 -4.56265497207642 -4.53523921966553 -4.62977886199951 -4.86222410202026 -4.77878713607788 -4.6679310798645 -4.70062303543091 -4.66861200332642 -4.83592081069946
-3.4e+38 -3.4e+38 -3.4e+38 -3.4e+38 -3.4e+38 -3.4e+38 -3.4e+38 -3.4e+38 -3.4e+38 -3.4e+38 -3.4e+38 -3.4e+38 -2.19483709335327 -2.1934609413147 -3.18449091911316 -3.18951797485352 -3.21104192733765 -3.30111598968506 -3.34783005714417 -3.51935410499573 -3.65421891212463 -3.67574405670166 -3.78852510452271 -3.88995003700256 -3.95725798606873 -4.07357311248779 -4.07617712020874 -4.10818910598755 -4.26054382324219 -4.43777894973755 -4.58777809143066 -4.65030813217163 -4.68585395812988 -4.71755599975586 -4.64900779724121 -4.44993877410889 -4.59540987014771 -4.53263092041016 -4.48070812225342 -4.47977876663208 -4.56147909164429 -4.67946910858154 -4.49870014190674 -4.53399705886841 -4.45390892028809 -4.60037422180176
-3.4e+38 -3.4e+38 -3.4e+38 -3.4e+38 -3.4e+38 -3.4e+38 -3.4e+38 -3.4e+38 -3.4e+38 -3.4e+38 -3.4e+38 -3.4e+38 -3.4e+38 -3.4e+38 -3.04559707641602 -3.97001600265503 -4.01713705062866 -3.18052196502686 -4.19872903823853 -3.39044809341431 -3.50608110427856 -3.54044699668884 -3.55676293373108 -3.6748149394989 -4.75657081604004 -3.97810101509094 -3.97425508499146 -4.0579400062561 -4.18970203399658 -4.42146301269531 -4.60483598709106 -4.57140207290649 -4.53653717041016 -4.68200778961182 -4.56370782852173 -4.33101606369019 -4.32977676391602 -4.25086879730225 -4.22878408432007 -4.26315402984619 -4.2451639175415 -4.37946891784668 -4.51600694656372 -4.39584589004517 -4.28046178817749 -4.38499021530151
-3.4e+38 -3.4e+38 -3.4e+38 -3.4e+38 -3.4e+38 -3.4e+38 -3.4e+38 -3.4e+38 -3.4e+38 -3.4e+38 -3.4e+38 -3.4e+38 -1.95698404312134 -2.99727201461792 -2.96625304222107 -2.97128009796143 -3.04144096374512 -4.075758934021 -3.23145198822021 -3.28783988952637 -4.29285192489624 -3.42314004898071 -3.52028608322144 -4.68362092971802 -4.72681379318237 -3.89249300956726 -5.04392910003662 -5.15594720840454 -4.27047109603882 -4.35676097869873 -4.53852319717407 -4.52022123336792 -4.48653697967529 -4.34906721115112 -4.44739294052124 -4.34807682037354 -4.24900722503662 -4.26364803314209 -4.26408386230469 -4.24224805831909 -4.01600694656372 -4.06315279006958 -4.18046092987061 -4.23145389556885 -4.1638970375061 -4.16606998443604
-3.4e+38 -3.4e+38 -3.4e+38 -3.4e+38 -3.4e+38 -3.4e+38 -3.4e+38 -3.4e+38 -3.4e+38 -3.4e+38 -3.4e+38 -3.4e+38 -1.92210805416107 -2.94925689697266 -2.95111799240112 -3.07128000259399 -3.22220993041992 -4.2977991104126 -3.41774296760559 -4.28619813919067 -4.21597003936768 -4.39182615280151 -4.51767778396606 -4.68883085250854 -4.84745502471924 -4.85947322845459 -4.93712091445923 -5.16167116165161 -5.33231210708618 -5.33231210708618 -4.45483922958374 -4.53207111358643 -4.50098991394043 -4.33268976211548 -4.24807691574097 -4.19807720184326 -4.22977590560913 -4.07810211181641 -4.17878389358521 -4.09156322479248 -3.86408400535583 -3.99845004081726 -3.94491600990295 -3.93306493759155 -3.96550893783569 -3.97860097885132
-3.4e+38 -3.4e+38 -3.4e+38 -3.4e+38 -3.4e+38 -3.4e+38 -3.4e+38 -3.4e+38 -3.4e+38 -3.4e+38 -3.4e+38 -3.4e+38 -1.80079305171967 -2.78933000564575 -2.968425989151 -3.09026193618774 -3.25775289535522 -3.52766895294189 -4.40590810775757 -4.29140901565552 -4.38371610641479 -4.46335220336914 -4.53399276733398 -4.66716480255127 -4.79301691055298 -4.86468410491943 -4.8693790435791 -5.014573097229 -5.13179922103882 -4.17568206787109 -5.24953985214233 -4.32022285461426 -4.32022094726562 -4.34999799728394 -4.4290919303894 -4.24615383148193 -4.07785415649414 -3.97592997550964 -3.94324088096619 -3.81122994422913 -3.92593288421631 -3.84392309188843 -3.78021097183228 -3.86222290992737 -3.76743197441101 -3.86811304092407
-3.4e+38 -3.4e+38 -3.4e+38 -3.4e+38 -3.4e+38 -3.4e+38 -3.4e+38 -3.4e+38 -3.4e+38 -3.4e+38 -3.4e+38 -3.4e+38 -1.63903403282166 -1.73480296134949 -2.87034893035889 -3.04212307929993 -3.30819010734558 -3.29497694969177 -3.36060690879822 -3.56221890449524 -3.60105609893799 -4.46335220336914 -4.53399276733398 -4.7218599319458 -4.78099584579468 -4.88481187820435 -4.84719896316528 -4.91784000396729 -4.98558282852173 -5.08179903030396 -5.05295181274414 -4.05359792709351 -4.09931707382202 -3.96662402153015 -4.09807395935059 -4.1006817817688 -4.07785415649414 -4.04063320159912 -3.97233200073242 -3.82493996620178 -3.60930800437927 -3.56482696533203 -3.59751892089844 -3.68089389801025 -3.71290397644043 -3.83188700675964
-3.4e+38 -3.4e+38 -3.4e+38 -3.4e+38 -3.4e+38 -3.4e+38 -3.4e+38 -3.4e+38 -3.4e+38 -3.4e+38 -3.4e+38 -3.4e+38 -3.4e+38 -1.52557194232941 -2.68790197372437 -2.88957810401917 -3.17388510704041 -3.3257429599762 -3.44658899307251 -3.56644010543823 -3.58021211624146 -3.62921690940857 -4.6666522026062 -4.73729276657104 -4.76365900039673 -4.89431715011597 -4.82697677612305 -4.69471788406372 -4.79079008102417 -4.77447509765625 -4.86926698684692 -3.83461499214172 -3.76823806762695 -3.66439008712769 -3.84807395935059 -3.72977590560913 -3.64423108100891 -3.71029996871948 -3.693922996521 -3.42828893661499 -3.32828903198242 -3.4772961139679 -3.49652695655823 -3.62568402290344 -3.72897100448608 -3.76743197441101
-3.4e+38 -3.4e+38 -3.4e+38 -3.4e+38 -3.4e+38 -3.4e+38 -3.4e+38 -3.4e+38 -3.4e+38 -3.4e+38 -3.4e+38 -3.4e+38 -3.4e+38 -1.4494800567627 -1.65957999229431 -2.80850005149841 -2.98858499526978 -3.1084361076355 -3.1975200176239 -3.3119740486145 -3.41544699668884 -4.5028190612793 -3.6170608997345 -3.63436794281006 -4.80112791061401 -4.9216251373291 -4.87646293640137 -4.70479583740234 -4.63506889343262 -4.50101280212402 -3.53647589683533 -4.49657487869263 -3.46631288528442 -3.51631307601929 -3.51699805259705 -3.41507506370544 -3.56153798103333 -3.57667708396912 -3.29466700553894 -3.16197299957275 -3.33089399337769 -3.46290397644043 -3.62996292114258 -3.48089408874512 -3.48089408874512 -3.51265406608582
-3.4e+38 -3.4e+38 -3.4e+38 -3.4e+38 -3.4e+38 -3.4e+38 -3.4e+38 -3.4e+38 -3.4e+38 -3.4e+38 -3.4e+38 -3.4e+38 -3.4e+38 -1.33601796627045 -1.42806494235992 -1.52217197418213 -1.6120480298996 -2.85843801498413 -2.9600510597229 -3.16358590126038 -3.27990198135376 -3.36966395378113 -3.41681098937988 -3.47320103645325 -4.65960693359375 -4.74799013137817 -4.71341896057129 -4.59798717498779 -4.50479698181152 -4.46681499481201 -4.52934598922729 -3.49925494194031 -4.47883319854736 -3.36438989639282 -3.46699810028076 -3.33170008659363 -3.27785396575928 -3.2122209072113 -3.01290607452393 -3.14466595649719 -3.29299306869507 -3.29820203781128 -3.22996401786804 -3.19913291931152 -3.19913291931152 -2.03500199317932
-3.4e+38 -3.4e+38 -3.4e+38 -3.4e+38 -3.4e+38 -3.4e+38 -3.4e+38 -3.4e+38 -3.4e+38 -3.4e+38 -3.4e+38 -3.4e+38 -3.4e+38 -3.4e+38 -1.22806596755981 -1.32589495182037 -1.40281701087952 -1.57160198688507 -2.74274301528931 -2.91166305541992 -3.05905604362488 -3.21067094802856 -3.26867198944092 -4.21729516983032 -3.30297708511353 -4.52241086959839 -4.51669120788574 -4.25125694274902 -4.37059879302979 -4.54907321929932 -4.50086879730225 -3.2963399887085 -3.28002309799194 -3.29894590377808 -3.36339998245239 -3.29584407806396 -3.07785391807556 -2.99491596221924 -2.94845199584961 -3.09845209121704 -3.12593102455139 -3.11030006408691 -3.06476497650146 -3.12922096252441 -1.93698704242706 -3.07990097999573
-3.4e+38 -3.4e+38 -3.4e+38 -3.4e+38 -3.4e+38 -3.4e+38 -3.4e+38 -3.4e+38 -3.4e+38 -3.4e+38 -3.4e+38 -3.4e+38 -3.4e+38 -3.4e+38 0.0366461500525475 -1.16239500045776 -1.30281794071198 -1.37160205841064 -1.51060903072357 -1.61394703388214 -2.80049610137939 -2.96420693397522 -3.08312606811523 -3.18473696708679 -3.18889403343201 -4.51495599746704 -4.44291591644287 -4.10271310806274 -4.14423418045044 -4.22740602493286 -4.12791919708252 -3.03120303153992 -3.03002309799194 -3.17810010910034 -3.21339988708496 -3.17617702484131 -3.0079391002655 -2.87375998497009 -2.84485411643982 -2.96669006347656 -2.94392108917236 -2.94485402107239 -3.04745888710022 -3.06185102462769 -2.99814009666443 -3.01445508003235
-3.4e+38 -3.4e+38 -3.4e+38 -3.4e+38 -3.4e+38 -3.4e+38 -3.4e+38 -3.4e+38 -3.4e+38 -3.4e+38 -3.4e+38 -3.4e+38 -3.4e+38 -3.4e+38 0.127030804753304 0.067733459174633 0.0733073130249977 -1.15694904327393 -1.33593201637268 -1.43789196014404 -1.57436895370483 -2.82866096496582 -2.90111589431763 -2.93374705314636 -3.10167288780212 -4.19237518310547 -4.22214698791504 -4.04801797866821 -4.02307987213135 -3.83902597427368 -2.91197204589844 -2.95936703681946 -3.06011199951172 -2.92642688751221 -2.99416899681091 -2.9752459526062 -2.84298992156982 -2.71054601669312 -2.81122899055481 -2.81191301345825 -2.86476707458496 -2.96383595466614 -2.96377396583557 -2.91662788391113 -2.89553594589233 -2.87890911102295
-3.4e+38 -3.4e+38 -3.4e+38 -3.4e+38 -3.4e+38 -3.4e+38 -3.4e+38 -3.4e+38 -3.4e+38 -3.4e+38 -3.4e+38 -3.4e+38 -3.4e+38 -3.4e+38 0.241005793213844 0.120331197977066 0.132604598999023 0.0782480835914612 0.000455384608358145 -1.23257005214691 -1.34799194335938 -1.47187197208405 -1.67600703239441 -2.877357006073 -2.99528288841248 -4.04824686050415 -3.96940493583679 -3.7609179019928 -3.73077201843262 -3.71266198158264 -2.77760601043701 -2.80911898612976 -2.77549600601196 -2.77549505233765 -2.79255604743958 -2.99063110351562 -2.99230790138245 -2.72593092918396 -2.64131498336792 -2.74224591255188 -2.6830050945282 -2.71501302719116 -2.72940492630005 -2.78461790084839 -2.75167608261108 -2.7352991104126
-3.4e+38 -3.4e+38 -3.4e+38 -3.4e+38 -3.4e+38 -3.4e+38 -3.4e+38 -3.4e+38 -3.4e+38 -3.4e+38 -3.4e+38 -3.4e+38 -3.4e+38 0.371710807085037 1.52804100513458 1.472501039505 1.46679604053497 0.16628959774971 0.159752294421196 0.000455384608358145 -0.127656102180481 -1.33452999591827 -1.4361310005188 -2.60744404792786 -2.62450289726257 -2.70806407928467 -2.68790292739868 -2.72183609008789 -3.69094610214233 -2.71097993850708 -2.59113097190857 -2.62835001945496 -2.70750594139099 -2.8190450668335 -2.80533289909363 -2.8704719543457 -2.85508704185486 -2.72233295440674 -2.65930509567261 -2.77686095237732 -2.77754402160645 -2.68039703369141 -2.66470503807068 -2.58436799049377 -2.61538505554199 -2.61538505554199
-3.4e+38 -3.4e+38 -3.4e+38 -3.4e+38 -3.4e+38 -3.4e+38 -3.4e+38 -3.4e+38 -3.4e+38 -3.4e+38 -3.4e+38 -3.4e+38 1.64480602741241 1.6611829996109 1.65564501285553 1.60612404346466 1.59464704990387 1.60592794418335 1.55063998699188 0.236418798565865 0.0508715398609638 -0.0269203800708055 -1.21850001811981 -1.26459002494812 -2.41644096374512 -2.41619110107422 -2.48083090782166 -2.58275389671326 -2.7000629901886 -2.66836404800415 -2.63592004776001 -2.53827500343323 -2.44280195236206 -2.55111598968506 -2.62003493309021 -2.5524799823761 -2.58678698539734 -2.62140202522278 -2.5102379322052 -2.49292802810669 -2.54317593574524 -2.52822804450989 -2.4993200302124 -2.4473979473114 -3.45482397079468 -3.45482397079468
