ENMTML/All_vars/Predictors/EUR_only/bio9.asc
NCOLS 411 
NROWS 214 
XLLCORNER -11.5 
YLLCORNER 35.666666666112 
CELLSIZE 0.166666666666667 
NODATA_value -3.4e+38 
[rows 42 to 62 of 214, columns 276 to 321 of 411]
-9.56376934051514 -9.54453754425049 -9.4808292388916 -8.7352237701416 -8.68471145629883 -8.63093090057373 -8.64724636077881 -8.62558078765869 -8.51174736022949 -3.4e+38 -3.4e+38 -3.4e+38 -3.4e+38 -3.4e+38 -3.4e+38 -3.4e+38 -3.4e+38 -3.4e+38 -3.4e+38 -3.4e+38 -7.82177495956421 -8.1130895614624 -8.47940158843994 -8.57940101623535 -8.60440158843994 -8.61309146881104 -8.64571666717529 -8.76203536987305 -8.84572124481201 -8.77072143554688 -8.63703632354736 -8.57940578460693 -8.5946626663208 -8.61203289031982 -8.75440216064453 -8.91203117370605 -8.94571590423584 -8.84677505493164 -8.80440139770508 -7.68446016311646 -7.64317798614502 -7.5777530670166 -7.49458122253418 -7.48022985458374 -8.64677143096924 -8.78046035766602
-9.83907985687256 -9.87915420532227 -9.76023387908936 -9.5576286315918 -8.77609252929688 -8.73682403564453 -8.64414501190186 -8.60132503509521 -8.52638339996338 -8.50522899627686 -8.43407535552979 -3.4e+38 -3.4e+38 -3.4e+38 -3.4e+38 -3.4e+38 -3.4e+38 -3.4e+38 -3.4e+38 -3.4e+38 -3.4e+38 -8.0380859375 -8.37071990966797 -8.49571704864502 -8.62071990966797 -8.73703193664551 -8.87834453582764 -8.90440464019775 -8.94571971893311 -9.02835083007812 -8.83703517913818 -8.66203594207764 -8.72835159301758 -8.72072124481201 -8.74572086334229 -9.00334644317627 -9.05334663391113 -8.88703346252441 -8.84572124481201 -8.73809146881104 -8.68809032440186 -7.55738878250122 -7.5526909828186 -7.5220251083374 -8.62177562713623 -8.60546016693115
-9.62177181243896 -9.85477447509766 -9.83654022216797 -9.6218376159668 -9.53654003143311 -8.90704727172852 -8.80864143371582 -8.73749160766602 -8.57886505126953 -8.50341892242432 -8.49871921539307 -8.44350814819336 -8.50120067596436 -8.43736553192139 -7.54572105407715 -7.67940187454224 -3.4e+38 -3.4e+38 -3.4e+38 -7.75334596633911 -7.77177000045776 -7.82940101623535 -8.05440044403076 -8.12835025787354 -8.24466228485107 -8.55334663391113 -8.73703098297119 -8.66098117828369 -8.56098175048828 -8.53598117828369 -8.51966571807861 -8.51098155975342 -8.54360771179199 -8.55335140228271 -8.59466552734375 -8.65335083007812 -8.75334739685059 -8.76203632354736 -8.70334720611572 -8.73703575134277 -8.67940616607666 -8.6294059753418 -8.58809089660645 -8.56203269958496 -8.58809089660645 -8.68809127807617
-9.43293857574463 -9.49931907653809 -9.71662712097168 -9.13017177581787 -8.93017101287842 -8.9034309387207 -8.96633338928223 -8.9788646697998 -8.76844310760498 -8.76323223114014 -8.78778553009033 -8.8114185333252 -8.78556823730469 -8.72694492340088 -7.67072105407715 -7.77835083007812 -7.76203107833862 -7.7707200050354 -7.81203079223633 -7.84466600418091 -7.90334987640381 -7.96203088760376 -7.97835111618042 -7.94466495513916 -7.90334987640381 -8.01097679138184 -8.103346824646 -8.08597660064697 -8.10229587554932 -8.19361114501953 -8.25229644775391 -8.32729625701904 -8.46098136901855 -8.48598194122314 -8.5446662902832 -8.55335140228271 -8.54466247558594 -8.56966590881348 -8.56203746795654 -8.62835121154785 -8.57072067260742 -8.51203632354736 -8.53703212738037 -8.57940578460693 -8.53809070587158 -8.5217752456665
-9.36116790771484 -8.67066097259521 -9.40830993652344 -8.79859638214111 -8.86633396148682 -8.97365379333496 -9.07365322113037 -9.13134574890137 -9.08727264404297 -8.8449649810791 -9.04026699066162 -9.40151119232178 -9.24237728118896 -9.10541915893555 -8.05335140228271 -7.978346824646 -7.95334577560425 -7.95334577560425 -7.96966218948364 -7.98598098754883 -7.95335102081299 -7.96203517913818 -7.93598079681396 -7.87729215621948 -7.87729597091675 -7.8696608543396 -7.91861200332642 -7.9849271774292 -8.07729625701904 -8.21861171722412 -8.40992641448975 -8.59361171722412 -8.60992336273193 -8.6099271774292 -8.60992336273193 -8.53598117828369 -8.48598098754883 -8.52729225158691 -8.4696626663208 -8.50335121154785 -8.44572067260742 -8.45335102081299 -8.45335102081299 -8.36203575134277 -8.36309146881104 -8.49677181243896
-9.3905725479126 -9.35502243041992 -9.35881042480469 -8.60198783874512 -8.60249996185303 -8.6872730255127 -8.82092475891113 -9.04496479034424 -9.13975429534912 -9.16910839080811 -9.24186420440674 -9.23665332794189 -9.2780294418335 -9.45217800140381 -9.58116245269775 -9.63885498046875 -8.57729244232178 -8.4272928237915 -8.31860733032227 -8.22729206085205 -8.10229206085205 -8.05992221832275 -7.95992183685303 -7.92729616165161 -7.85229206085205 -7.84360694885254 -7.86755704879761 -7.88492679595947 -8.08492660522461 -8.39361095428467 -8.66755676269531 -8.68492698669434 -8.65124130249023 -8.67623805999756 -8.68492698669434 -8.61861133575439 -8.51861095428467 -8.50992298126221 -8.41097736358643 -8.39466571807861 -8.34466552734375 -8.31203556060791 -8.3033504486084 -8.2544059753418 -8.2544059753418 -8.37940120697021
-9.48510932922363 -8.73032093048096 -8.55931186676025 -8.73134613037109 -8.83294773101807 -8.74496555328369 -8.84026718139648 -8.91390228271484 -8.9599781036377 -9.1207103729248 -9.16638374328613 -9.23964691162109 -9.1810245513916 -9.2637939453125 -8.45229625701904 -8.48598098754883 -8.53598117828369 -8.58597755432129 -8.5522928237915 -8.52729225158691 -8.40992259979248 -8.22729587554932 -8.22729587554932 -8.25229167938232 -8.16860675811768 -7.95123815536499 -7.86755704879761 -7.81755685806274 -7.97624111175537 -8.36755657196045 -8.65886783599854 -8.64255332946777 -8.60886859893799 -8.69255638122559 -8.75992679595947 -8.70123863220215 -8.56755447387695 -8.45992660522461 -8.41861152648926 -8.34466552734375 -8.27729606628418 -8.26966571807861 -8.2946662902832 -8.24572086334229 -8.23703575134277 -8.30440521240234
-9.51780128479004 -8.72041320800781 -8.54496479034424 -8.64496517181396 -8.81859970092773 -8.89707469940186 -8.65997791290283 -8.80869102478027 -8.9875373840332 -8.94485855102539 -9.04645347595215 -9.12529945373535 -9.12581253051758 -8.17729663848877 -8.16861152648926 -8.29361152648926 -8.31861114501953 -8.45124053955078 -8.45992660522461 -8.29360675811768 -8.16860675811768 -8.2512378692627 -8.35992240905762 -8.51755619049072 -8.48387241363525 -8.46755695343018 -8.21755695343018 -7.89255714416504 -7.8588719367981 -8.10018730163574 -8.38386821746826 -8.50886821746826 -8.44150257110596 -8.4501838684082 -8.43386840820312 -8.46755313873291 -8.4501838684082 -8.40124130249023 -8.34361171722412 -8.35229587554932 -8.31098175048828 -8.27729606628418 -8.27729606628418 -8.24466609954834 -8.21966552734375 -8.22071647644043
-8.38243389129639 -8.37759208679199 -8.43975353240967 -8.69693088531494 -8.77019500732422 -8.80869102478027 -8.71678256988525 -8.64485836029053 -8.71849346160889 -8.75846862792969 -7.93598079681396 -8.9546594619751 -9.0227108001709 -9.05155754089355 -8.08492660522461 -8.15992641448975 -8.33492660522461 -8.32624053955078 -8.32624053955078 -8.31755638122559 -8.22623729705811 -8.29255676269531 -8.30123710632324 -8.43387222290039 -8.45887184143066 -8.5338716506958 -8.60018634796143 -8.42518711090088 -8.21650314331055 -8.0578145980835 -8.09150218963623 -8.17413234710693 -8.21649932861328 -8.23387241363525 -8.26649856567383 -8.38281440734863 -8.41649913787842 -8.38387203216553 -8.35124206542969 -8.28492641448975 -8.25992679595947 -8.26861095428467 -8.38598155975342 -8.35335063934326 -8.27835083007812 -8.22071647644043
-8.01808452606201 -7.98491191864014 -7.99172019958496 -8.1207103729248 -8.32071018218994 -8.39041805267334 -8.46889114379883 -8.59593868255615 -8.88551616668701 -8.84842014312744 -8.805739402771 -7.89361095428467 -7.94361209869385 -7.99361085891724 -7.98492622375488 -8.12624168395996 -8.22624206542969 -8.24255657196045 -8.2838716506958 -8.30018711090088 -8.20018768310547 -8.20887184143066 -8.22518634796143 -8.2415018081665 -8.29150199890137 -8.29150199890137 -8.32413196563721 -8.25781345367432 -8.24044418334961 -8.20781707763672 -8.16544437408447 -8.07412815093994 -8.08281421661377 -8.19912815093994 -8.33281421661377 -8.39912891387939 -8.40781402587891 -8.50018692016602 -8.50886917114258 -8.43387222290039 -8.28492641448975 -8.22624206542969 -8.24361133575439 -8.27834701538086 -8.353346824646 -8.37071990966797
-7.94223594665527 -7.94223594665527 -7.90476703643799 -7.91157197952271 -7.90152215957642 -7.93051099777222 -8.01328182220459 -8.15363025665283 -8.44944763183594 -8.6953182220459 -7.7849268913269 -7.88492679595947 -7.90124177932739 -7.97624206542969 -7.95124197006226 -8.02624130249023 -8.0338716506958 -9.02457237243652 -8.00018692016602 -8.01650238037109 -8.05018711090088 -8.00887203216553 -8.16650199890137 -9.2204418182373 -8.14913272857666 -8.07413291931152 -8.14912891387939 -8.07413291931152 -8.09044742584229 -8.02307510375977 -7.9230751991272 -7.91544389724731 -7.99044418334961 -8.20676326751709 -8.38176345825195 -8.51544380187988 -8.53281307220459 -8.63281345367432 -8.53387260437012 -8.46755790710449 -8.45887279510498 -8.35992622375488 -8.30992317199707 -8.35229587554932 -9.33577728271484 -9.35981845855713
-7.76729822158813 -7.90528011322021 -7.99434518814087 -8.07319164276123 -7.98050880432129 -8.02530002593994 -6.9686107635498 -6.99361085891724 -7.14361095428467 -7.39361095428467 -7.50887203216553 -7.72624206542969 -7.80887317657471 -7.76755714416504 -7.65887308120728 -7.90887212753296 -7.95887184143066 -8.86363506317139 -7.83387088775635 -7.82518720626831 -7.87413311004639 -8.83726978302002 -8.76574420928955 -8.95372867584229 -9.07488346099854 -9.19511890411377 -9.26234817504883 -9.15032958984375 -8.18070888519287 -7.98938894271851 -7.88175916671753 -7.84807920455933 -7.84807920455933 -7.93939399719238 -8.16439437866211 -8.39807796478271 -8.50675964355469 -8.44912910461426 -8.53281402587891 -8.60887241363525 -8.55887222290039 -8.52624225616455 -8.44361209869385 -8.40229225158691 -8.36966514587402 -9.34939670562744
-7.75636100769043 -7.67461776733398 -7.84631109237671 -7.76328182220459 -7.89841890335083 -7.11861085891724 -6.91861200332642 -6.91861200332642 -7.25124216079712 -7.42624187469482 -7.53386878967285 -7.69149923324585 -7.76649904251099 -7.65018320083618 -7.62518692016602 -7.82412910461426 -7.80781412124634 -8.67525100708008 -8.65372753143311 -8.69800281524658 -8.7485179901123 -8.79800224304199 -8.8201847076416 -8.98598289489746 -9.15764999389648 -9.18953514099121 -9.13990783691406 -9.06106185913086 -8.07307434082031 -7.9557089805603 -7.93070793151855 -7.81333494186401 -7.78833484649658 -7.8307089805603 -7.8307089805603 -7.91439294815063 -8.09807395935059 -8.21544456481934 -8.38281440734863 -8.64150238037109 -8.68387222290039 -8.67624092102051 -8.71860694885254 -9.64651012420654 -9.47055053710938 -9.34990787506104
-7.70636081695557 -7.56419610977173 -7.61957311630249 -7.79893493652344 -7.69423723220825 -6.7849268913269 -6.7849268913269 -6.92624187469482 -7.18387222290039 -7.19149923324585 -7.35018396377563 -7.41650199890137 -7.53281402587891 -7.85018682479858 -7.9415020942688 -7.85781383514404 -7.79044389724731 -7.64044380187988 -8.6205530166626 -8.64851474761963 -8.89279174804688 -8.80961894989014 -8.73128509521484 -8.92607402801514 -8.94722652435303 -8.89150142669678 -8.81838130950928 -8.79722785949707 -8.87700939178467 -7.93070793151855 -7.93833923339844 -7.89596605300903 -7.94596576690674 -8.0046501159668 -7.95465087890625 -7.84702014923096 -7.85676288604736 -7.95675897598267 -8.19044399261475 -8.40781784057617 -8.57518768310547 -8.75887203216553 -8.67623710632324 -8.69361019134521 -9.46636390686035 -9.46924304962158
-7.56368017196655 -7.44252586364746 -7.49893188476562 -7.52740621566772 -6.71861219406128 -6.67624187469482 -6.72624206542969 -6.74255704879761 -6.91755676269531 -6.88387203216553 -6.97518301010132 -7.0414981842041 -7.37412881851196 -7.52412891387939 -7.4067587852478 -7.31544399261475 -8.47163391113281 -8.58794975280762 -8.77163410186768 -8.80099678039551 -8.97163391113281 -8.94919395446777 -8.93288230895996 -9.01656723022461 -9.0160551071167 -8.85403347015381 -8.77570247650146 -8.7717981338501 -8.88774013519287 -8.00465393066406 -8.0046501159668 -8.02859592437744 -8.16228485107422 -8.27859973907471 -8.31228065490723 -8.1296501159668 -7.84702396392822 -7.82307386398315 -7.92413282394409 -8.0991325378418 -8.31650161743164 -8.5338716506958 -8.67623710632324 -9.61547946929932 -9.54483699798584 -9.40201854705811
-7.35846900939941 -7.37766790390015 -7.39372205734253 -6.51861190795898 -6.56755685806274 -6.61755704879761 -6.63386917114258 -6.65886878967285 -6.69149780273438 -6.7914981842041 -6.89913320541382 -6.99044418334961 -7.04044818878174 -7.1567587852478 -7.32307910919189 -7.33175897598267 -7.54807376861572 -8.7169361114502 -8.6452693939209 -8.67895793914795 -8.93325138092041 -8.81172466278076 -8.96565246582031 -8.94933700561523 -8.94882202148438 -8.84882164001465 -8.8027515411377 -8.73304176330566 -8.73252964019775 -7.81228113174438 -7.86228084564209 -7.96227979660034 -8.08728122711182 -8.35360145568848 -8.45359992980957 -8.22964954376221 -7.96438980102539 -7.82307386398315 -7.75675916671753 -7.89913177490234 -7.9915018081665 -8.33386707305908 -8.47624111175537 -9.50556945800781 -9.38569927215576 -9.23909473419189
-7.63731479644775 -7.39372205734253 -6.41861200332642 -6.45886898040771 -6.45992708206177 -6.5251841545105 -6.55886888504028 -6.56650304794312 -6.61544799804688 -6.64912891387939 -6.75676298141479 -6.88176298141479 -7.09807920455933 -7.23939418792725 -7.35676002502441 -7.69807481765747 -9.03362846374512 -9.07411575317383 -8.92804431915283 -8.89057159423828 -8.86890506744385 -8.82804393768311 -8.80651378631592 -8.80651378631592 -8.81095314025879 -8.81527996063232 -8.73159885406494 -8.7018346786499 -8.7224760055542 -8.66008567810059 -7.75359487533569 -7.90359497070312 -7.89491510391235 -8.04491424560547 -8.10359573364258 -8.17965412139893 -8.21333885192871 -8.21438980102539 -7.94807481765747 -8.12413215637207 -7.96649789810181 -8.15886783599854 -8.24255561828613 -9.34173583984375 -9.28831958770752 -9.02867221832275
-6.69361209869385 -6.58492708206177 -6.6099271774292 -6.74255704879761 -6.70887184143066 -6.47518301010132 -6.45781421661377 -6.49913311004639 -6.51544380187988 -6.57307481765747 -6.6067590713501 -6.69807910919189 -6.93939399719238 -7.24807500839233 -7.63938999176025 -7.94807481765747 -9.01941776275635 -9.00740623474121 -8.96383380889893 -9.03536033630371 -8.86383438110352 -8.730149269104 -8.71292686462402 -8.72886943817139 -8.6340799331665 -8.59950733184814 -8.65952777862549 -8.74233055114746 -8.72979736328125 -8.800950050354 -7.77096891403198 -7.75359487533569 -7.73727989196777 -7.80359601974487 -7.92096900939941 -8.12965393066406 -8.18833446502686 -8.14807510375977 -8.19807434082031 -8.2241325378418 -8.20781707763672 -8.2501859664917 -8.20124053955078 -8.1099214553833 -8.10229110717773 -8.85374164581299
-6.56755685806274 -6.37518405914307 -6.33386898040771 -6.42518281936646 -6.59149885177612 -6.76649904251099 -6.48281288146973 -6.40676307678223 -6.45676279067993 -6.49807786941528 -6.53939294815063 -6.62201976776123 -6.72202014923096 -7.14702415466309 -7.71333599090576 -7.81333923339844 -8.74646854400635 -8.80219459533691 -8.84698104858398 -8.87494277954102 -8.92531394958496 -8.72010326385498 -8.65822792053223 -8.65771293640137 -8.5582275390625 -8.49011421203613 -8.62886619567871 -8.66075229644775 -8.84392547607422 -9.12458229064941 -9.00775814056396 -7.9122838973999 -7.72859907150269 -7.7035961151123 -7.72096920013428 -7.92965412139893 -8.0220193862915 -8.03939342498779 -8.09807777404785 -8.09913158416748 -8.03281307220459 -7.99149799346924 -7.89255619049072 -7.93492889404297 -9.03079032897949 -8.87307739257812
-6.50018405914307 -6.35018396377563 -6.20018291473389 -6.25018405914307 -6.28281402587891 -6.39912796020508 -6.41544818878174 -6.37307786941528 -6.3893928527832 -6.46438980102539 -6.52201986312866 -6.66333484649658 -6.85465002059937 -7.06333494186401 -7.32964992523193 -8.52582740783691 -8.62531471252441 -8.64698123931885 -8.57582664489746 -8.71973133087158 -8.88655853271484 -8.73707389831543 -8.69857692718506 -8.66502857208252 -8.54871368408203 -8.57024383544922 -8.64299011230469 -8.65590953826904 -8.80161762237549 -8.87655162811279 -7.85359621047974 -7.72859907150269 -7.7035961151123 -7.80359601974487 -7.89596891403198 -7.92965412139893 -7.92201900482178 -7.91438913345337 -7.87307691574097 -7.91544723510742 -7.88281297683716 -7.85887098312378 -7.88492202758789 -7.87623596191406 -7.66098403930664 -8.64671230316162
-6.4991340637207 -6.54913282394409 -6.44149923324585 -6.53281402587891 -6.7480788230896 -6.63176298141479 -6.29807901382446 -6.28070497512817 -6.34807777404785 -6.67201995849609 -7.08833599090576 -6.95464992523193 -6.94596481323242 -7.08833885192871 -7.15465116500854 -8.29909038543701 -8.44373512268066 -8.49909019470215 -8.56540393829346 -8.57742309570312 -8.62075901031494 -8.70982265472412 -8.72756004333496 -8.64387893676758 -8.5718412399292 -8.53866863250732 -8.57576560974121 -8.62132930755615 -8.68046379089355 -8.78046321868896 -8.75212955474854 -7.86991500854492 -7.96991491317749 -7.92096519470215 -7.99596881866455 -7.9296498298645 -7.89701986312866 -7.90570783615112 -7.84807682037354 -7.89913177490234 -8.01649761199951 -8.05018615722656 -7.89255094528198 -7.7099289894104 -7.88598299026489 -7.51966381072998
