ENMTML/All_vars/Predictors/EUR_only/bio9.asc
NCOLS 411 
NROWS 214 
XLLCORNER -11.5 
YLLCORNER 35.666666666112 
CELLSIZE 0.166666666666667 
NODATA_value -3.4e+38 
[rows 84 to 104 of 214, columns 322 to 367 of 411]
-5.5570068359375 -5.54069519042969 -5.54069519042969 -5.57332181930542 -5.59832191467285 -6.66890811920166 -6.72232007980347 -6.87964010238647 -7.03485107421875 -7.15079402923584 -7.17964315414429 -7.27964305877686 -7.29595518112183 -7.32784080505371 -7.42784118652344 -7.57300186157227 -7.58553314208984 -7.46258020401001 -7.56258010864258 -7.57460308074951 -7.70865488052368 -7.90865516662598 -7.98621511459351 -7.97027206420898 -8.01113986968994 -8.01165294647217 -8.06883239746094 -8.16883277893066 -8.16986083984375 -8.11072063446045 -8.15499496459961 -8.21753311157227 -7.07121896743774 -7.06253480911255 -7.04621887207031 -7.14621877670288 -7.18858480453491 -7.18858480453491 -7.18858480453491 -7.26358604431152 -7.18095779418945 -7.11358880996704 -7.10595512390137 -7.16463899612427 -7.14832305908203 -7.16463899612427
-5.40595197677612 -5.44727087020874 -5.53095197677612 -5.57226705551147 -5.58858585357666 -5.41358184814453 -6.6955828666687 -6.84037208557129 -6.95668697357178 -7.01241016387939 -7.05668687820435 -7.18946504592896 -7.28894901275635 -7.28894901275635 -7.27641916275024 -7.43373394012451 -7.55005311965942 -7.58373403549194 -7.45056915283203 -7.46258020401001 -7.65685701370239 -7.74091291427612 -7.84091281890869 -7.86454916000366 -7.98137712478638 -8.0059289932251 -8.02275371551514 -8.10071754455566 -8.05841064453125 -8.05892658233643 -8.07093811035156 -8.11572742462158 -8.24457359313965 -8.37290668487549 -7.07884216308594 -7.14621877670288 -7.18753480911255 -7.2462158203125 -7.26253223419189 -7.19621610641479 -7.23858880996704 -7.21358823776245 -7.15490102767944 -7.27227401733398 -7.25490379333496 -7.17121887207031
-5.35490083694458 -5.41253185272217 -5.49621677398682 -5.5625319480896 -6.74416017532349 -6.71010208129883 -6.58894920349121 -6.71061515808105 -6.83946418762207 -6.85540723800659 -6.98803806304932 -7.12171983718872 -7.18803787231445 -7.25398111343384 -7.21548414230347 -7.30346488952637 -7.48231220245361 -7.53623914718628 -7.53623914718628 -7.44825506210327 -7.50594711303711 -7.67280006408691 -7.70022296905518 -7.76312589645386 -7.85843086242676 -7.87044191360474 -7.97095489501953 -7.98348999023438 -8.04980373382568 -8.02343940734863 -7.96341896057129 -8.12632274627686 -8.23833847045898 -8.27342224121094 -8.20226573944092 -7.0527868270874 -7.01147985458374 -7.17016506195068 -7.2788519859314 -7.3538498878479 -7.41253519058228 -7.41253089904785 -7.22121620178223 -7.32121610641479 -7.24622011184692 -7.22884893417358
-3.91907906532288 -5.34516191482544 -5.40384578704834 -5.52779197692871 -5.51147699356079 -5.49410820007324 -6.53714990615845 -6.62513399124146 -6.67029285430908 -6.81992387771606 -6.88714981079102 -6.93586587905884 -7.00269412994385 -7.15218210220337 -7.15647506713867 -7.23443603515625 -7.38392400741577 -7.44645500183105 -7.46849679946899 -7.51328277587891 -7.52530384063721 -7.53783178329468 -7.57046318054199 -7.67778301239014 -7.78980112075806 -7.85193395614624 -7.83599090576172 -7.93077993392944 -7.97075176239014 -8.03886699676514 -7.94618988037109 -8.08705425262451 -8.18705368041992 -8.13363838195801 -8.11248397827148 -8.14147853851318 -7.07779502868652 -7.15279483795166 -7.21041822433472 -7.33648109436035 -7.53647708892822 -7.5614800453186 -7.27884578704834 -7.31147718429565 -7.24516105651855 -7.22016096115112
-3.95044898986816 -5.28541898727417 -5.38541889190674 -5.4354190826416 -5.41041898727417 -5.38542318344116 -6.535719871521 -6.46797800064087 -6.48102378845215 -6.5969672203064 -6.66863679885864 -5.51804876327515 -6.86812400817871 -7.02241802215576 -7.08836078643799 -7.18212223052979 -7.30416822433472 -7.41617918014526 -7.46540784835815 -7.51148414611816 -7.52871417999268 -7.5858941078186 -7.57547187805176 -7.57547187805176 -7.67077589035034 -7.76684904098511 -7.74672317504883 -7.86303806304932 -7.95301103591919 -7.95981693267822 -7.92271995544434 -8.034743309021 -8.15207958221436 -8.14867210388184 -8.0554780960083 -8.25636577606201 -8.30585098266602 -7.14304780960083 -7.20173978805542 -7.26911020278931 -7.46042680740356 -7.360426902771 -7.19410991668701 -7.21042490005493 -7.26042509078979 -7.27779197692871
-3.89902591705322 -3.92017889022827 -5.26805400848389 -5.35068416595459 -5.40936803817749 -5.38436412811279 -5.38436412811279 -6.50037717819214 -6.42922496795654 -6.41328191757202 -5.30068302154541 -5.39199495315552 -5.59094476699829 -6.92061901092529 -7.05288219451904 -7.135910987854 -7.15236902236938 -7.31831216812134 -7.43514013290405 -7.52562522888184 -7.57600402832031 -7.58280515670776 -7.6073579788208 -7.57418489456177 -7.5530309677124 -7.63187694549561 -7.63276100158691 -7.70602798461914 -7.85210418701172 -7.94065380096436 -7.90497922897339 -7.89976787567139 -7.95745992660522 -8.11318397521973 -8.02050685882568 -8.10456562042236 -8.21137237548828 -8.30795574188232 -7.20936298370361 -7.30936288833618 -7.29304790496826 -7.15067911148071 -7.19304800033569 -7.22567796707153 -7.25936317443848 -7.3756799697876
-3.92318511009216 -3.90673303604126 -3.88469099998474 -3.92201995849609 -5.27462577819824 -5.24962902069092 -5.24962902069092 -5.29962921142578 -5.29094505310059 -5.24094486236572 -5.40725994110107 -5.53225994110107 -5.48988723754883 -5.68120193481445 -5.8475170135498 -7.10056591033936 -7.11688089370728 -7.25005388259888 -7.36167001724243 -7.461669921875 -7.47471714019775 -7.51468992233276 -7.47186899185181 -7.55985116958618 -7.70122909545898 -7.81805896759033 -8.94100284576416 -8.69993495941162 -7.77775001525879 -7.85267305374146 -7.90226984024048 -7.96531677246094 -7.90618085861206 -7.94023609161377 -7.93972301483154 -8.15224933624268 -8.19363021850586 -8.18463134765625 -8.24651145935059 -7.00831317901611 -7.09199380874634 -7.2006778717041 -7.2006778717041 -7.21699380874634 -7.27462387084961 -7.35830879211426
-3.98770403862 -3.99291491508484 -3.99240207672119 -3.95390892028809 -3.91392397880554 -5.33989095687866 -5.3398871421814 -5.54751682281494 -5.4648871421814 -5.43988990783691 -5.56488990783691 -5.63883209228516 -5.66383600234985 -5.75515079498291 -5.85515117645264 -5.98014688491821 -5.99646615982056 -7.25306701660156 -7.39876699447632 -7.37761306762695 -7.55124807357788 -7.69552183151245 -7.54160022735596 -7.65321683883667 -8.83573341369629 -8.99919509887695 -9.02009677886963 -9.11296272277832 -9.06203269958496 -9.16203212738037 -8.11821365356445 -8.0307445526123 -7.94184923171997 -8.08271312713623 -7.9293007850647 -8.04182815551758 -8.02588558197021 -8.15473175048828 -8.36154365539551 -8.4581298828125 -7.27462387084961 -7.29962921142578 -7.18225908279419 -7.19857406616211 -7.19857406616211 -7.15725898742676
-3.93628001213074 -3.8746600151062 -4.06945180892944 -4.15728998184204 -5.43015098571777 -5.51383590698242 -5.53778076171875 -5.60515117645264 -5.60515117645264 -5.73778104782104 -5.67146587371826 -5.7040958404541 -5.94541215896606 -6.21172714233398 -6.21172714233398 -6.18672704696655 -6.35304117202759 -7.58392477035522 -7.58495283126831 -7.60807323455811 -7.64893293380737 -7.62777900695801 -7.7061128616333 -8.56507205963135 -8.69776439666748 -8.82859992980957 -9.02599430084229 -9.15868663787842 -9.10775184631348 -9.10775184631348 -9.07580757141113 -7.97894477844238 -8.13612461090088 -8.26548385620117 -8.18431091308594 -8.0294713973999 -7.9472131729126 -8.08178234100342 -8.14379692077637 -6.93225908279419 -7.08988904953003 -7.01488876342773 -7.00620079040527 -7.18120098114014 -7.19751596450806 -7.21382999420166
-3.92861390113831 -4.01750898361206 -4.2175087928772 -4.32129812240601 -4.32129812240601 -4.27759408950806 -4.35304307937622 -4.39390802383423 -4.47224187850952 -4.57186985015869 -4.62043809890747 -4.69877576828003 -6.13566780090332 -6.33566808700562 -6.29329919815063 -6.3932991027832 -6.51935720443726 -6.56829881668091 -7.61527013778687 -7.77259016036987 -7.69713878631592 -7.71345376968384 -8.51147842407227 -8.57971668243408 -8.94541168212891 -8.89968776702881 -9.00893497467041 -9.05608081817627 -9.02214813232422 -8.93591594696045 -8.98622608184814 -9.00322341918945 -9.23691177368164 -8.21317195892334 -8.15454959869385 -8.33339500427246 -8.26224136352539 -8.1088285446167 -7.94969415664673 -8.22084808349609 -7.01278018951416 -6.76383113861084 -7.03014993667603 -7.15409517288208 -6.95409488677979 -6.97909498214722
-3.9315140247345 -4.01557207107544 -4.08151197433472 -4.18151187896729 -4.26363086700439 -4.33658885955811 -4.42565011978149 -4.40790700912476 -4.43623781204224 -4.51457118988037 -4.62530279159546 -4.71944093704224 -4.83538293838501 -4.84688997268677 -6.23461389541626 -6.29224395751953 -6.35856008529663 -6.41724395751953 -7.70236587524414 -7.8043360710144 -7.72116184234619 -7.69050216674805 -7.54782199859619 -8.49181365966797 -8.59113121032715 -8.94020080566406 -9.00248336791992 -8.94962978363037 -8.94894695281982 -9.05086994171143 -9.06625461578369 -9.04894733428955 -9.22971630096436 -9.32425308227539 -9.31407928466797 -8.1156530380249 -8.08891582489014 -7.95130586624146 -8.39660835266113 -8.2960958480835 -8.42494201660156 -6.83672618865967 -6.77698183059692 -6.760666847229 -7.05198287963867 -7.13566780090332
-4.09782886505127 -4.14640188217163 -4.12436199188232 -4.17905902862549 -4.24588918685913 -4.34016513824463 -4.40269613265991 -4.41901111602783 -4.51798295974731 -4.5790867805481 -4.7801718711853 -4.89648723602295 -4.92379283905029 -4.9680700302124 -5.0623459815979 -6.44119119644165 -6.56618976593018 -6.61619091033936 -7.70005083084106 -7.71255588531494 -7.63137912750244 -7.74391412734985 -8.7047758102417 -8.65577220916748 -8.56836414337158 -8.61408424377441 -8.94298839569092 -9.07828617095947 -9.11290168762207 -9.04559421539307 -9.13089179992676 -9.25912094116211 -9.22090721130371 -9.16997718811035 -9.10464954376221 -9.25434017181396 -8.18697738647461 -8.07783889770508 -8.13996696472168 -8.43945503234863 -8.40719699859619 -8.05107879638672 -7.99586486816406 -7.96912813186646 -6.81724786758423 -6.77593278884888
-2.72487497329712 -4.29981279373169 -4.37777376174927 -4.37814712524414 -4.47242021560669 -4.50416612625122 -4.58822298049927 -4.54503011703491 -4.70511102676392 -4.7334451675415 -4.80656719207764 -5.00084400177002 -5.24028301239014 -5.33925819396973 -5.32151699066162 -6.64013576507568 -6.60645198822021 -6.54882097244263 -7.86456823348999 -7.93820381164551 -7.88530683517456 -7.89211082458496 -8.90217018127441 -8.74963092803955 -8.62779426574707 -8.62686252593994 -8.84293079376221 -9.0377197265625 -9.10310459136963 -9.15769004821777 -9.07301712036133 -9.07115173339844 -9.11830139160156 -9.10099411010742 -9.2500638961792 -9.28275585174561 -9.21569633483887 -8.05411529541016 -7.99890518188477 -8.25018692016602 -8.32331466674805 -8.34014129638672 -8.01861572265625 -7.88441801071167 -7.8974609375 -6.69987821578979
-2.81674790382385 -2.89913105964661 -2.9683620929718 -2.99751806259155 -4.52620506286621 -4.62085294723511 -4.66476011276245 -4.76461791992188 -4.83737087249756 -4.98202085494995 -5.05514097213745 -5.1436939239502 -5.18834209442139 -5.4268970489502 -5.47689580917358 -6.68908214569092 -6.63908100128174 -6.73039722442627 -7.78480815887451 -7.85844278335571 -7.96183919906616 -8.05662727355957 -8.88058280944824 -8.82804203033447 -8.80812835693359 -8.75335216522217 -8.75527572631836 -9.10235977172852 -9.23250865936279 -9.25074672698975 -9.18511390686035 -9.11401844024658 -9.12779331207275 -9.07946872711182 -9.09317493438721 -9.11141300201416 -8.94410514831543 -8.28013515472412 -8.26382446289062 -8.29369354248047 -8.29406261444092 -7.96718502044678 -7.86718511581421 -7.86718511581421 -8.02399253845215 -6.88250780105591
-2.77878594398499 -2.88039803504944 -2.89510011672974 -2.84292888641357 -2.84100389480591 -2.95471596717834 -3.07103109359741 -3.1973340511322 -3.34082007408142 -4.91769123077393 -5.02486801147461 -5.1186318397522 -5.25755786895752 -5.38588905334473 -5.45653009414673 -6.77065706253052 -6.82065677642822 -6.82934188842773 -6.77934217453003 -7.96344995498657 -7.97128295898438 -7.91163682937622 -7.8698410987854 -8.87537097930908 -8.88722324371338 -8.8362922668457 -8.68269062042236 -8.83536243438721 -9.02990245819092 -9.16259479522705 -9.21166038513184 -9.27611446380615 -9.173508644104 -9.14150047302246 -9.17158603668213 -9.15427875518799 -8.98530006408691 -9.08697032928467 -9.38436508178711 -9.36513423919678 -7.94906997680664 -7.95496702194214 -7.92700576782227 -7.9669828414917 -8.22430324554443 -8.42430305480957
-2.7451000213623 -2.80788111686707 -2.77394795417786 -2.70756888389587 -2.72388410568237 -2.80273103713989 -2.97897100448608 -3.09528589248657 -4.71037101745605 -4.77095890045166 -4.92725515365601 -5.13212299346924 -5.24843788146973 -5.24322700500488 -5.20903015136719 -6.51197195053101 -6.53697299957275 -6.52828693389893 -6.4619722366333 -7.69049787521362 -7.68657398223877 -7.80121517181396 -7.93435716629028 -7.82232189178467 -8.98387145996094 -9.0147008895874 -8.8454704284668 -7.66008520126343 -9.14193820953369 -9.15763282775879 -9.2381534576416 -9.32084560394287 -9.30353832244873 -9.18461799621582 -9.14807891845703 -9.0826940536499 -8.98008823394775 -9.06085777282715 -9.20924091339111 -9.24355030059814 -7.75445604324341 -7.88187599182129 -8.01556015014648 -8.21034908294678 -8.37809181213379 -8.47288036346436
-2.69764399528503 -2.64311504364014 -2.63858795166016 -2.80564594268799 -2.96743297576904 -3.07661604881287 -2.9766149520874 -3.039146900177 -3.13461804389954 -3.18623089790344 -3.29609394073486 -5.04214286804199 -5.270103931427 -5.33069610595703 -5.31764888763428 -6.50328779220581 -6.70328807830811 -6.71960306167603 -6.60223293304443 -6.51960182189941 -8.08136367797852 -7.9118070602417 -7.99600505828857 -8.15420818328857 -8.1273307800293 -8.1234073638916 -7.88072681427002 -7.75957298278809 -7.83320903778076 -8.01937866210938 -8.18712043762207 -9.24925804138184 -9.34212398529053 -9.24379825592041 -9.22649097442627 -9.05943202972412 -9.05943202972412 -9.03951835632324 -8.75564765930176 -8.77388572692871 -7.81376218795776 -7.92578077316284 -8.10855007171631 -8.15513896942139 -8.2671594619751 -8.46194744110107
-2.60558390617371 -2.57221102714539 -2.62289094924927 -2.7366030216217 -2.91737008094788 -2.97990202903748 -3.1272349357605 -4.67958211898804 -4.77958202362061 -4.7281551361084 -3.19441699981689 -4.91670799255371 -5.14452886581421 -5.26084423065186 -5.33148288726807 -6.59460306167603 -6.68591785430908 -6.67723321914673 -6.5859169960022 -6.54460191726685 -6.81091785430908 -6.81091690063477 -8.28936672210693 -8.01442909240723 -8.09327507019043 -8.01261329650879 -7.9293007850647 -7.78662109375 -8.07278633117676 -7.85684299468994 -8.19822406768799 -9.59237194061279 -8.38765716552734 -9.24144172668457 -9.26960563659668 -9.21700000762939 -9.01513862609863 -8.89683818817139 -8.81507682800293 -8.86222267150879 -8.89516353607178 -8.09761714935303 -8.23167419433594 -8.33848190307617 -8.33848190307617 -8.36695289611816
-2.69112992286682 -2.751305103302 -2.62475204467773 -2.7156970500946 -2.83201193809509 -2.93008899688721 -3.05893397331238 -3.17363810539246 -4.82083511352539 -3.15248394012451 -4.74879693984985 -5.02533102035522 -5.09634590148926 -5.11214590072632 -5.20012998580933 -5.3496150970459 -6.73486280441284 -6.702232837677 -6.5272331237793 -6.80986404418945 -6.87617921829224 -6.7772331237793 -6.65986299514771 -6.54354810714722 -6.49354791641235 -7.71759176254272 -7.92961120605469 -8.12619876861572 -7.99983406066895 -8.24069881439209 -8.15752601623535 -8.39838981628418 -8.49266719818115 -8.18404865264893 -9.21532535552979 -9.22878360748291 -9.04516410827637 -8.76532173156738 -8.91054821014404 -8.99063491821289 -8.95701217651367 -9.15440654754639 -8.29240703582764 -8.26464176177979 -8.13378429412842 -6.70223617553711
-2.6368510723114 -2.74137806892395 -2.65124297142029 -2.78226089477539 -2.77841401100159 -2.89473009109497 -3.08002591133118 -3.22524905204773 -4.79628610610962 -4.73626613616943 -4.68483877182007 -4.80078220367432 -5.08381414413452 -5.21607303619385 -5.38150215148926 -5.30823993682861 -5.19570684432983 -5.15003299713135 -6.71749401092529 -5.4249701499939 -7.03486299514771 -6.77617788314819 -6.50986289978027 -6.65986299514771 -6.86854791641235 -7.03486299514771 -8.47909927368164 -8.23679161071777 -8.01093864440918 -8.20572757720947 -8.09659290313721 -8.14138031005859 -8.45339965820312 -8.44818878173828 -8.20588111877441 -9.0882740020752 -9.3065128326416 -9.25365924835205 -9.01736831665039 -8.81712055206299 -8.9955940246582 -9.1164379119873 -7.96893787384033 -7.87574481964111 -7.93827676773071 -6.6935510635376
-2.55384707450867 -2.75192403793335 -2.71823906898499 -2.74925804138184 -2.89473009109497 -2.99280595779419 -3.10912203788757 -3.20719909667969 -3.19057202339172 -3.15074706077576 -4.82142400741577 -4.92142391204834 -4.97649478912354 -5.07546615600586 -5.19570684432983 -5.23998212814331 -5.33710289001465 -5.30432891845703 -5.32496976852417 -5.30563306808472 -5.37627410888672 -5.06946611404419 -5.42379188537598 -5.40444993972778 -6.80880784988403 -6.84249305725098 -7.09249305725098 -7.25880718231201 -7.13380813598633 -8.20051670074463 -8.24479389190674 -8.25160026550293 -8.14297771453857 -8.2213077545166 -8.03292846679688 -9.25483798980713 -9.51637554168701 -9.76383209228516 -9.92754173278809 -9.32729434967041 -8.9246883392334 -7.74598217010498 -7.82394218444824 -7.91822004318237 -8.18112277984619 -7.02512311935425
