ENMTML/All_vars/Predictors/EUR_only/bio9.asc
NCOLS 411 
NROWS 214 
XLLCORNER -11.5 
YLLCORNER 35.666666666112 
CELLSIZE 0.166666666666667 
NODATA_value -3.4e+38 
[rows 126 to 146 of 214, columns 184 to 229 of 411]
-0.855893611907959 -1.09590601921082 -1.58982694149017 -1.82189798355103 -1.57022297382355 -1.39050900936127 -1.4316999912262 -1.43349897861481 -1.44485104084015 -1.28703498840332 -1.27245604991913 -1.30682396888733 -1.44001197814941 -1.60868501663208 -1.92041003704071 -2.22208499908447 -2.5005578994751 -2.68021106719971 -2.52915596961975 -2.22394490242004 -1.95155096054077 -1.85781598091125 -1.7474570274353 -1.57667505741119 -1.71916902065277 -1.99150097370148 -1.77897000312805 -1.59497499465942 -1.58988797664642 -1.65533494949341 -1.71705996990204 -1.84510004520416 -2.00769305229187 -2.12630295753479 -2.17630290985107 -1.73970198631287 -1.88064503669739 -2.0933620929718 -2.22177410125732 -2.34826302528381 -2.68021202087402 -2.80936789512634 -2.76830101013184 -2.6938591003418 -2.67469000816345 -2.75477695465088
-1.18126595020294 -1.30186104774475 -1.43902003765106 -0.910979688167572 -1.38796496391296 -1.46315097808838 -1.03033494949341 -1.0988210439682 -1.10980105400085 -1.1555210351944 -1.10527300834656 -1.37487602233887 -1.5915629863739 -1.82475197315216 -2.14838695526123 -2.4769229888916 -2.76532292366028 -2.89919400215149 -2.69280409812927 -2.22481393814087 -1.79708397388458 -1.4558310508728 -1.35062003135681 -1.35533499717712 -1.45713400840759 -1.60092997550964 -1.89596796035767 -1.67791497707367 -1.5942929983139 -1.59168696403503 -1.63653898239136 -1.70111703872681 -1.84510004520416 -1.9702240228653 -1.52766799926758 -2.25521111488342 -2.43815207481384 -2.17865991592407 -2.27251791954041 -2.55347394943237 -2.70911908149719 -2.59181094169617 -2.68089389801025 -2.76544690132141 -2.76023602485657 -2.69106698036194
-0.915012776851654 -1.37382102012634 -1.43021094799042 -1.30508601665497 -1.52890801429749 -1.2038459777832 -1.57493805885315 -1.34776699542999 -1.42934203147888 -1.3335599899292 -1.40204703807831 -1.67568302154541 -1.86290395259857 -2.20781707763672 -2.01966500282288 -2.82326292991638 -3.0941059589386 -3.24751901626587 -3.20738196372986 -2.70272994041443 -2.05725789070129 -1.35397005081177 -1.03356099128723 -1.09789001941681 -1.22487604618073 -1.32289004325867 -1.53480100631714 -1.69652605056763 -1.70663797855377 -1.54057002067566 -1.57109200954437 -1.63138902187347 -1.72537195682526 -1.87022399902344 -2.2574450969696 -2.63294100761414 -2.80285406112671 -2.94770503044128 -2.95762991905212 -2.57245707511902 -2.48008704185486 -2.47264289855957 -2.53635311126709 -2.51935505867004 -2.69559597969055 -2.74274206161499
-1.79714703559875 -2.26464009284973 -1.71488797664642 -2.01910710334778 -2.39435505867004 -2.12183594703674 -2.55533504486084 -2.13821411132812 -1.87667500972748 -1.85725796222687 -1.83777904510498 -1.92363500595093 -1.38107895851135 -1.45688605308533 -1.7654470205307 -2.21116590499878 -2.53765511512756 -2.88691091537476 -2.69174909591675 -2.98213410377502 -2.44621610641479 -1.49807703495026 -1.08157503604889 -1.13424301147461 -1.18089294433594 -1.22717094421387 -1.3204710483551 -1.43393194675446 -1.54745602607727 -1.72723305225372 -1.57710897922516 -1.762531042099 -1.93225800991058 -2.29925608634949 -2.42605495452881 -2.63387107849121 -2.73207211494446 -2.76011204719543 -2.94677400588989 -2.99503707885742 -3.05409407615662 -2.49807691574097 -2.51178693771362 -2.56910705566406 -2.62996292114258 -2.66265511512756
-3.03331303596497 -3.22282910346985 -3.42704701423645 -2.63002490997314 -2.8256208896637 -3.46029806137085 -3.66029810905457 -2.92642688751221 -1.84671199321747 -2.18052101135254 -2.07047200202942 -2.0225191116333 -2.33715891838074 -2.33833789825439 -2.24950408935547 -2.4663770198822 -2.57841205596924 -2.73672389984131 -2.97183609008789 -3.83486390113831 -3.36439299583435 -2.2433009147644 -1.62251901626587 -1.44627797603607 -1.29683601856232 -1.21457803249359 -1.22468900680542 -1.23641395568848 -1.30756795406342 -1.69317603111267 -1.69050800800323 -1.91854798793793 -1.9033499956131 -2.21079397201538 -2.28027296066284 -2.47462797164917 -2.58635306358337 -2.64236998558044 -2.7065761089325 -2.76687407493591 -2.97518610954285 -2.87804007530212 -2.89224600791931 -2.4534740447998 -2.54702305793762 -2.5752489566803
-3.32599210739136 -2.9852979183197 -2.47016096115112 -2.66550898551941 -3.15688610076904 -3.15502500534058 -3.13604211807251 -3.05899500846863 -3.3937349319458 -2.94900798797607 -2.8939208984375 -2.71104288101196 -2.54782891273499 -2.40192294120789 -2.52586889266968 -2.93604302406311 -3.46798992156982 -3.45471501350403 -3.32965302467346 -3.09609198570251 -3.03343796730042 -3.28715896606445 -2.71234488487244 -2.08523607254028 -1.07512402534485 -0.806203126907349 -1.21370899677277 -0.634924829006195 -1.1431759595871 -1.23895704746246 -1.32034695148468 -1.50670003890991 -1.68982601165771 -1.96327495574951 -2.12530994415283 -2.34572005271912 -2.44305300712585 -2.44876003265381 -2.51507496833801 -2.54646492004395 -2.67363595962524 -2.86420607566833 -2.79900789260864 -2.89472699165344 -2.99299001693726 -2.99299001693726
-2.88653898239136 -2.74987602233887 -3.59596800804138 -5.12047290802002 -5.08430576324463 -5.32556104660034 -4.7565131187439 -3.3602979183197 -3.2045910358429 -3.02803993225098 -2.44882202148438 -2.72431802749634 -1.88473999500275 -1.46606695652008 -1.44286596775055 -1.97102999687195 -2.55012392997742 -3.40837502479553 -3.93207192420959 -3.56867289543152 -3.24603009223938 -2.92146492004395 -2.49813890457153 -2.54274296760559 -2.22859907150269 -1.87865996360779 -1.14274096488953 -0.710049271583557 -1.26339900493622 -1.24050796031952 -1.24429202079773 -1.37196004390717 -1.36507403850555 -1.55992496013641 -1.98120296001434 -2.12357306480408 -2.33436703681946 -2.32785391807556 -2.40465307235718 -2.45322704315186 -2.49720907211304 -2.57524800300598 -2.72344899177551 -2.72171211242676 -2.78715896606445 -2.91569495201111
-2.89187407493591 -2.59937906265259 -2.56377100944519 -3.2140200138092 -3.62400794029236 -4.30701017379761 -3.4331259727478 -2.97934198379517 -3.24286603927612 -3.05750608444214 -2.81575703620911 -1.56798994541168 -1.32171297073364 -1.24280405044556 -0.314608007669449 -0.346446305513382 -0.632471919059753 -1.11313605308533 -1.89435505867004 -3.28132796287537 -3.5285370349884 -3.57053399085999 -2.9751250743866 -2.64441800117493 -3.27096796035767 -2.55465292930603 -1.73318898677826 -1.3261159658432 -0.92475152015686 -1.57630205154419 -1.42369699478149 -1.32958996295929 -1.43951594829559 -1.35496199131012 -1.57785296440125 -1.9033499956131 -2.17003703117371 -2.21830010414124 -2.32946705818176 -2.2599880695343 -2.34137797355652 -2.34050893783569 -2.43449091911316 -2.64652609825134 -2.59528493881226 -2.77239489555359
-3.15198493003845 -3.78014898300171 -4.54665088653564 -4.00583219528198 -3.84237003326416 -4.67227077484131 -3.95359802246094 -3.2087459564209 -2.55496191978455 -2.23486304283142 -2.2941689491272 -1.53194797039032 -0.778596818447113 -2.1355459690094 -0.086241826415062 0.508295595645905 0.149304300546646 -0.940774381160736 -1.12838399410248 -0.374554693698883 -1.18162596225739 -2.65211009979248 -3.29665088653564 -2.73325204849243 -3.00626611709595 -2.58808994293213 -3.24472808837891 -2.65756893157959 -1.66525995731354 -1.78138899803162 -1.64559495449066 -1.77363502979279 -1.56097996234894 -1.31135201454163 -1.50229501724243 -1.56737005710602 -1.83349800109863 -2.04044699668884 -2.56098103523254 -2.05502510070801 -2.1140820980072 -2.20893311500549 -2.20719599723816 -2.32351088523865 -2.41836190223694 -2.58945393562317
-0.999069213867188 -2.59584307670593 -2.38579392433167 -2.62227010726929 -3.53604197502136 -2.83449101448059 -3.03846096992493 -2.26978898048401 -2.79478788375854 -2.59987592697144 -2.21178603172302 -1.49323797225952 -0.434800297021866 -0.574688673019409 -0.326925486326218 1.15962898731232 2.13716101646423 2.26216101646423 1.47084403038025 0.538215279579163 -0.153787896037102 -1.08341205120087 -1.46680402755737 -2.01606702804565 -2.68877196311951 -2.71060800552368 -3.1288468837738 -4.01278018951416 -4.14311504364014 -3.09894609451294 -2.43380904197693 -1.87785303592682 -1.56482601165771 -1.44485104084015 -1.44360995292664 -1.56737005710602 -1.58107900619507 -1.83548402786255 -2.20645189285278 -2.31606698036194 -2.30775499343872 -1.97245597839355 -1.98877203464508 -2.09906911849976 -2.09906911849976 -2.4082510471344
-0.380024492740631 -1.26898205280304 -2.48039698600769 -2.01755595207214 -1.29199695587158 -1.49826300144196 -0.993175685405731 -1.36612904071808 -1.06910598278046 -0.990322589874268 -0.521588206291199 0.236725598573685 0.326611995697021 -0.62295138835907 0.958212971687317 1.50196194648743 2.58504796028137 2.67741703987122 3.79718208312988 2.08610510826111 1.39479100704193 -0.267080098390579 -0.10557460039854 -0.557390928268433 -2.66060900688171 -2.04075694084167 -2.86538600921631 -3.78877210617065 -4.7671217918396 -4.63132810592651 -3.83126592636108 -2.99137711524963 -2.19466495513916 -1.8928040266037 -1.61501204967499 -1.50812602043152 -1.95998704433441 -2.01904511451721 -2.04708409309387 -2.09627795219421 -2.09627795219421 -2.09361004829407 -2.22915601730347 -2.22915601730347 -1.78120398521423 -1.92177402973175
-1.24602901935577 -0.78995007276535 -0.327915489673615 0.10161429643631 -0.0287205800414085 -0.0441055782139301 0.217743694782257 -0.131325200200081 -0.136974006891251 0.0518609993159771 0.593173623085022 0.54869681596756 0.253349304199219 0.281657993793488 1.33462405204773 1.59338796138763 2.82531309127808 2.88399696350098 2.91768193244934 2.90899801254272 2.81768202781677 2.54268193244934 0.615082085132599 -0.342875391244888 0.310243397951126 -1.85949099063873 -1.95973896980286 -3.33951711654663 -3.65707302093506 -4.34057092666626 -4.29485082626343 -4.39485216140747 -3.22164988517761 -2.83380889892578 -1.95043396949768 -2.05086898803711 -1.36563301086426 -1.74044704437256 -1.83294105529785 -1.84925603866577 -2.08480095863342 -2.35403203964233 -2.27729511260986 -2.20322608947754 -2.12648892402649 -1.78703498840332
0.219229102134705 0.960920393466949 1.16730999946594 0.335174709558487 0.0238220803439617 0.278908789157867 0.393239706754684 0.160296201705933 0.237219303846359 0.511351585388184 1.08151400089264 1.0178040266037 0.529774010181427 1.54187703132629 1.99956095218658 2.0626049041748 3.02425789833069 3.04162788391113 3.00030899047852 3.02531290054321 2.93399405479431 2.85030889511108 2.70899295806885 1.55959403514862 0.634296417236328 0.930900871753693 -0.302135199308395 -1.84671199321747 -2.41333699226379 -4.34745693206787 -4.30000019073486 -3.66674995422363 -4.05235815048218 -4.08374691009521 -3.13870906829834 -2.76501202583313 -2.3767991065979 -2.29311394691467 -2.20217108726501 -2.23480200767517 -1.96395802497864 -1.8802729845047 -1.83722102642059 -1.87251901626587 -1.99094295501709 -2.02382206916809
1.73269498348236 1.60000205039978 1.36898505687714 0.366564214229584 0.0892681181430817 0.234802395105362 0.0264896899461746 -0.844788670539856 -0.986289978027344 0.441128313541412 1.4714640378952 1.40614104270935 2.2624089717865 2.1596519947052 2.17987489700317 2.19775700569153 2.18534994125366 3.07425498962402 3.03293895721436 3.09925508499146 3.07530903816223 3.02425503730774 2.00568509101868 2.74162411689758 0.937708377838135 1.26929998397827 1.04763400554657 0.525177478790283 -0.884057104587555 -2.09416890144348 -3.06184911727905 -3.91600489616394 -5.17555713653564 -3.85911893844604 -3.06315088272095 -3.48666191101074 -3.69813895225525 -3.06476402282715 -2.4334990978241 -2.61949110031128 -2.34044694900513 -2.33002495765686 -2.08697295188904 -1.98697304725647 -1.88697302341461 -1.87921798229218
1.63083398342133 1.46184802055359 1.26476395130157 0.325806587934494 -0.488771200180054 0.157382294535637 0.567618727684021 0.372396111488342 0.441379010677338 1.57475304603577 1.68188500404358 1.63523304462433 1.60613799095154 2.35771107673645 2.26631808280945 2.19775700569153 2.17333102226257 2.08831596374512 2.11209106445312 3.15793991088867 2.20528411865234 2.17162704467773 2.09958791732788 2.03170609474182 1.66017997264862 1.94056797027588 -0.790736019611359 -0.481182605028152 0.601045787334442 -1.05279195308685 -2.49392104148865 -4.25508689880371 -4.59156322479248 -4.71799087524414 -4.0246901512146 -4.14385795593262 -4.08635282516479 -3.76445388793945 -3.11476397514343 -2.84183192253113 -2.64660000801086 -2.64634394645691 -2.22791600227356 -1.91774201393127 -1.78405702114105 -1.80037200450897
2.1145179271698 1.88207197189331 2.02084589004517 1.8192310333252 1.78914594650269 1.87562000751495 1.85167503356934 1.82189905643463 1.15725994110107 1.86104297637939 1.81457901000977 1.76650094985962 1.70185995101929 2.47641491889954 2.30250000953674 2.228590965271 2.13964605331421 2.11573505401611 2.18361711502075 2.30135989189148 2.30528402328491 2.282222032547 2.21018290519714 2.09765195846558 2.88188600540161 0.740918278694153 -0.34211790561676 -2.13157510757446 -1.33331298828125 -1.0733870267868 -0.895472407341003 -1.80725800991058 -3.5005578994751 -4.30254220962524 -4.98988819122314 -4.81464099884033 -4.40049600601196 -4.05266809463501 -3.87406992912292 -3.61618208885193 -2.79204893112183 -2.6011209487915 -2.43728303909302 -2.1584370136261 -1.89801502227783 -1.69075703620911
2.22828793525696 1.9818240404129 2.23560810089111 2.27208495140076 2.23939204216003 2.19292807579041 2.13108205795288 2.08846402168274 2.03654098510742 1.95744597911835 1.92760598659515 1.88287901878357 1.84404695034027 1.68393301963806 2.36272096633911 2.32807898521423 2.2566180229187 2.24993205070496 2.29486489295959 2.3586790561676 2.38954210281372 2.31018304824829 2.08344507217407 1.59222102165222 1.78583097457886 2.87214589118958 2.56346201896667 0.562460720539093 -1.24875903129578 -1.87599194049835 -2.29038500785828 -2.06339907646179 -4.22791719436646 -4.5815749168396 -5.39590501785278 -4.72214698791504 -4.33418083190918 -4.03635311126709 -3.48374700546265 -3.44044709205627 -3.16489195823669 -2.80478310585022 -2.52823805809021 -2.20843696594238 -2.15552091598511 -2.14026093482971
2.61098098754883 2.23182392120361 2.27853393554688 2.36953902244568 2.35123801231384 2.29416704177856 2.22853589057922 2.1849250793457 2.12307906150818 2.07121610641479 2.00800204277039 1.99168705940247 1.89863705635071 1.81879794597626 1.77078294754028 2.50757694244385 2.40422892570496 2.39666104316711 2.31021690368652 2.21079111099243 2.04555797576904 2.07012391090393 1.9690979719162 1.88845205307007 1.91757595539093 1.28759896755219 1.05875301361084 0.659636616706848 -0.340259402990341 -0.808559715747833 -1.39311397075653 -1.36749398708344 -3.09776592254639 -2.79522299766541 -3.18622803688049 -4.18691110610962 -4.10347414016724 -4.26470184326172 -4.26470184326172 -3.69497609138489 -3.71016597747803 -3.06870102882385 -2.372642993927 -2.36488795280457 -2.29776692390442 -2.54268002510071
2.78020906448364 2.55036997795105 2.31383204460144 2.41625189781189 2.43424201011658 2.38870811462402 2.30818796157837 2.24708199501038 2.20347094535828 2.17084097862244 2.12177205085754 2.04528498649597 1.98709797859192 1.93455398082733 1.86166298389435 2.60764408111572 2.51363205909729 2.38528299331665 2.24311590194702 1.9884740114212 1.99266004562378 1.91830801963806 1.97461795806885 1.78561103343964 1.83511698246002 1.49533605575562 1.33229303359985 0.397025406360626 0.0707824379205704 0.054402269423008 -0.0853601172566414 -0.448139101266861 -0.915631592273712 -2.44348692893982 -3.25483894348145 -3.79001188278198 -4.51736879348755 -4.42487621307373 -4.50961494445801 -4.03318881988525 -4.40634393692017 -3.64689898490906 -2.9106080532074 -2.32909393310547 -2.32828807830811 -2.16867303848267
2.83120203018188 2.61389398574829 2.42952799797058 2.44516110420227 2.44609308242798 2.44894599914551 2.37456488609314 2.31271600723267 2.25092792510986 2.23622608184814 2.19106507301331 2.158371925354 2.08120107650757 2.02537488937378 2.71837496757507 2.62704801559448 2.4287109375 2.22638297080994 2.07498407363892 1.3378369808197 0.304963886737823 0.531452775001526 0.58070957660675 0.640573084354401 0.99261862039566 0.583621323108673 0.382566511631012 0.36172491312027 0.576429128646851 -0.00719503778964281 0.0821328684687614 -0.194416806101799 -0.629900574684143 -2.98604202270508 -3.82971501350403 -4.50800085067749 -5.17667579650879 -4.37220907211304 -4.41470193862915 -4.56445503234863 -3.52847409248352 -3.76588106155396 -3.47555899620056 -2.62909388542175 -2.32593107223511 -2.19919395446777
2.83002305030823 2.6940450668335 2.52531099319458 2.50633001327515 2.44733500480652 2.48356199264526 2.45465397834778 2.39094400405884 2.3163149356842 2.33033609390259 2.25576901435852 2.22245597839355 2.17797708511353 2.11978697776794 2.83141899108887 2.70031094551086 2.34805011749268 2.062175989151 1.72616195678711 0.0806444212794304 0.189827904105186 -0.323945313692093 0.0297752302139997 0.561660408973694 0.624379396438599 0.435485512018204 0.389207690954208 0.735607385635376 0.480148911476135 0.294665604829788 0.0221471507102251 -0.103414699435234 -1.13715994358063 -1.47611701488495 -2.22599291801453 -3.01960301399231 -3.76799011230469 -3.32710909843445 -4.1484489440918 -4.02897119522095 -4.05974006652832 -3.41594290733337 -3.21116709709167 -2.45080709457397 -2.34999990463257 -2.34224605560303
